9.999984677698280366e-01
3.053917326793997855e-03
8.676354179276947942e-04
1.440233060726011424e-03
1.544341723052980193e-03
8.682045047544443477e-05
-6.934254301500650990e-05
1.388747816389270169e-04
-1.630972477919505033e-03
-1.630972477919508503e-03
3.476611931196036190e-05
-1.110429166284673331e-03
-4.337228611593901546e-04
-2.151515789554342157e-03
-1.630972477919507635e-03
-1.735081140246474887e-03
-4.857771923228722082e-04
-3.296141988324237165e-04
-1.683026809082990502e-03
-1.266592159775123882e-03
-1.474809484429057517e-03
-3.296141988324230660e-04
-1.214537828611639931e-03
-9.022118416307403459e-04
-1.734512053419718638e-04
-1.058374835121190247e-03
-1.110429166284674415e-03
8.682045047544398753e-05
-1.162483497448157281e-03
-1.006320503957706947e-03
-1.058374835121189596e-03
-1.683026809082992887e-03
-7.981031793037727693e-04
6.073637621102786176e-04
2.950377751293774059e-04
-1.728821185152257595e-05
7.114724244372441341e-04
-1.266592159775124099e-03
5.553094309467943414e-04
-9.547645669879481099e-04
-4.862755865165974850e-04
-8.506559046609821597e-04
-3.301125930261481801e-04
8.150826925704863796e-04
-3.301125930261479633e-04
-6.944929111705313912e-04
-5.383299176800808395e-04
2.945393809356519664e-04
2.424850497721701568e-04
-1.058873229314915470e-03
-6.984093720873078381e-05
2.424850497721689913e-04
2.945393809356529964e-04
6.068653679165532866e-04
9.191913548974530888e-04
-4.862755865165985692e-04
-5.383299176800807311e-04
3.986480432626197056e-04
-8.506559046609824849e-04
5.027567055895867942e-04
1.383763874452023364e-04
8.632205628171895468e-05
-7.986015734974974498e-04
2.945393809356527254e-04
-3.301125930261470959e-04
7.109740302435195621e-04
-6.944929111705318249e-04
-3.821669241896308842e-04
7.109740302435196705e-04
1.904307186086856910e-04
1.179463010714869699e-03
-1.110927560478398987e-03
4.507023744261030602e-04
2.424850497721694792e-04
-1.739495995356979267e-04
9.191913548974531972e-04
1.383763874452026887e-04
7.109740302435192368e-04
-4.862755865165980813e-04
3.465937120991358089e-04
8.632205628171964586e-05
-1.739495995356973575e-04
-1.739495995356983603e-04
-9.547645669879484352e-04
2.945393809356527254e-04
-5.903842488435655494e-04
-1.267090553968849105e-03
5.548110367530692272e-04
-7.465472423340148000e-04
-6.984093720873109552e-05
1.075354348387904616e-03
4.507023744261027891e-04
8.632205628171915797e-05
-2.260039306991812812e-04
1.179463010714869699e-03
-1.778660604524808653e-05
-2.260039306991809289e-04
-1.631470872113232424e-03
-2.780582618626642835e-04
-4.862755865165980813e-04
