1.051213944211312496e-03
2.888511057603235840e-04
9.826039614757592225e-05
2.575939621113292055e-03
2.067697728812632058e-03
1.617906326851582593e-04
1.368865126899224778e-03
1.178274417286477929e-03
1.114744180748894996e-03
9.826039614757620686e-05
1.051213944211313580e-03
-2.880007692758931092e-05
-1.172344334604074560e-03
4.159115788354882581e-04
4.794418153730705410e-04
1.559455836511972494e-03
1.617906326851584491e-04
4.794418153730701073e-04
3.523813422979055416e-04
5.429720519106534743e-04
6.700325249858177148e-04
-4.735117326906662497e-04
-2.193907865403365762e-04
-5.370419692282483700e-04
5.429720519106532575e-04
7.335627615234012987e-04
-6.005722057658311949e-04
-2.829210230779184796e-04
7.970929980609835815e-04
-6.641024423034132609e-04
-1.172344334604073475e-03
6.065022884482362993e-04
-2.193907865403365491e-04
-7.276326788409957606e-04
-9.817536249913255426e-04
-1.045283861528908476e-03
4.794418153730709746e-04
-3.464512596155014672e-04
-9.233031346517127868e-05
-4.739213438907421950e-04
-7.915725265786544224e-04
-1.236284182341732246e-03
-9.821632361914015962e-04
-2.198003977404126028e-04
-1.236284182341733113e-03
-6.645120535034900735e-04
-1.562701612028301844e-04
-9.186329996538195302e-04
-1.109223709266568113e-03
-6.009818169659075738e-04
-1.680995838104809960e-03
-2.833306342779949127e-04
9.872740964736550270e-04
9.785078494750031584e-05
-1.426874891954479528e-03
3.432054840991764674e-05
-7.915725265786547477e-04
3.432054840991746378e-05
-6.645120535034898567e-04
-1.045693472728983445e-03
6.060926772481598120e-04
9.785078494749962466e-05
-9.273992466524719680e-05
7.331531503233250282e-04
5.425624407105774207e-04
2.249112580226650035e-04
-9.186329996538193134e-04
6.060926772481601372e-04
-2.198003977404125214e-04
2.249112580226647325e-04
-7.280422900410717059e-04
9.785078494750003124e-05
-2.198003977404123859e-04
-6.645120535034890977e-04
-1.045693472728984313e-03
8.602136233984903528e-04
-4.103911073531600205e-04
4.155019676354126923e-04
7.331531503233248113e-04
1.495515988774314157e-03
-9.186329996538192049e-04
2.249112580226648951e-04
-1.562701612028296694e-04
3.432054840991796522e-05
2.249112580226650577e-04
-3.468608708155774666e-04
4.790322041729944873e-04
-2.833306342779951296e-04
3.519717310978291084e-04
-5.374515804283248573e-04
-8.551027631162368137e-04
7.331531503233247029e-04
1.304925279161568393e-03
4.155019676354125839e-04
-2.198003977404125757e-04
9.785078494749997703e-05
-6.645120535034895314e-04
1.876697407999808288e-03
2.884414945602471509e-04
-5.374515804283251826e-04
