-1.537695678718109873e-03
7.011204578282186507e-04
2.724109848725384518e-04
1.771422131046098650e-04
7.487548437121836894e-04
-5.850079610388215666e-04
-2.039328739671057559e-04
-8.231798904586435078e-04
6.534860719442542624e-04
8.432209522607744595e-04
5.097802510730224407e-04
1.033758495796632555e-03
3.343639223337863966e-05
2.239739357692360029e-04
9.384897240287025854e-04
-6.334450101421236360e-04
4.621458651890588114e-04
-1.205057640749696837e-03
7.479521804928450325e-04
5.097802510730228744e-04
9.861241099126674074e-04
1.176661653448525177e-03
1.287051640013076601e-04
6.050490228409520846e-04
-6.810793960260882410e-04
7.955865663768097460e-04
2.716083216532001201e-04
6.050490228409518677e-04
1.224296039332489674e-03
-4.905418524902300376e-04
4.145114793050940437e-04
1.557736740520240717e-03
-7.287137819100519788e-04
7.003177946088808611e-04
6.050490228409520846e-04
9.384897240287029107e-04
7.479521804928451409e-04
3.343639223337863288e-05
3.668770934211292760e-04
-1.419799365058591291e-05
-4.905418524902300376e-04
-4.429074666062659204e-04
1.653005512288169276e-03
-3.952730807223017490e-04
9.384897240287029107e-04
2.716083216532011501e-04
6.050490228409523014e-04
-2.523699230704080964e-04
3.343639223337875485e-05
-8.716169395619456856e-04
-4.905418524902303628e-04
3.192427075371651046e-04
-1.571011513024792657e-04
9.384897240287029107e-04
7.003177946088801021e-04
-6.183237953454962183e-05
-8.239825536779817310e-04
1.843543055824026613e-03
1.557736740520240717e-03
7.003177946088807527e-04
-1.419799365058637200e-05
-9.668857113298742452e-04
1.367199196984382513e-03
4.145114793050938811e-04
1.748274284056098053e-03
1.891177441707991760e-03
1.287051640013076601e-04
-1.014520097213838633e-03
-1.109788868981767844e-03
1.763395498852721025e-04
-1.094667654185146470e-04
3.668770934211296555e-04
6.050490228409516509e-04
2.239739357692364366e-04
4.145114793050953990e-04
7.003177946088812948e-04
-1.062154483097802913e-03
7.003177946088806442e-04
-8.239825536779809721e-04
-1.014520097213838417e-03
5.574146369569880216e-04
8.107077811734354289e-05
3.192427075371653215e-04
1.763395498852719399e-04
-7.287137819100521956e-04
1.763395498852715875e-04
-1.062154483097802480e-03
2.239739357692362197e-04
5.574146369569876963e-04
1.763395498852719399e-04
-1.586132727821411509e-03
9.861241099126671905e-04
1.033758495796632338e-03
8.908553381447385225e-04
-1.094667654185151078e-04
7.479521804928453577e-04
2.716083216532012043e-04
-1.571011513024795909e-04
5.574146369569874795e-04
-4.905418524902299291e-04
