-1.782474383607505174e-03
-1.040907085553800359e-03
-1.236056374515301934e-03
-2.328892392699709064e-03
7.544663728920143276e-04
-5.335189342538962202e-04
-2.993397875000934844e-04
-1.314116090099901220e-03
-6.506085076307972087e-04
-1.821504241399805359e-03
-1.431205663476801991e-03
5.593170839305127524e-04
-1.041904985385926411e-04
-1.821504241399805142e-03
-6.896383654230963094e-04
-1.392175805684503108e-03
-1.665384810230604185e-03
-1.977623672569006098e-03
-2.094713245945907087e-03
-1.587325094646004249e-03
-1.782474383607505174e-03
-1.236056374515301934e-03
-1.782474383607503873e-03
-1.938593814776705697e-03
-1.626354952438304434e-03
-1.118966801138399645e-03
-2.367922250492008815e-03
-1.470235521269102176e-03
-1.040907085553799708e-03
-1.743444525815203905e-03
-1.079936943346100327e-03
-2.055683388153606902e-03
-1.665384810230604185e-03
-2.016279838987874128e-03
-2.562697848080078451e-03
-1.469861829895671105e-03
-7.673243896342650658e-04
-1.352772256518769900e-03
-4.550855272958633695e-04
9.133248179634155051e-05
1.327276621174075036e-05
-6.478694937285969064e-05
-1.899190265610974006e-03
-2.445608274703179198e-03
-4.160556695035624256e-04
-6.502348162573645110e-04
-1.665011118857169644e-03
-1.508891687687970639e-03
1.303623395886413831e-04
7.548400642654468085e-04
-9.234438208034665644e-04
-6.478694937285962288e-05
-8.453841052188656524e-04
-5.721751006727640327e-04
-2.989660961266614914e-04
-4.160556695035621546e-04
-6.478694937285962288e-05
1.693921973809425709e-04
6.377504908885463621e-04
-1.743070834441771966e-03
9.890192110192490022e-04
-2.575709158055884164e-05
1.067078926603850239e-03
-1.038168071651600517e-04
-8.063542474265651423e-04
-7.673243896342644152e-04
-2.989660961266611661e-04
5.267631537747344668e-05
2.478256043389752590e-04
4.820047510927767480e-04
4.039450355081763782e-04
-2.538340020712719083e-05
-1.040159702806934313e-03
2.868554621312752813e-04
-1.034431157917278961e-04
-9.620999872223341600e-04
5.210346088850768788e-04
-4.156819781301303784e-04
1.697658887543746181e-04
-6.441325799942715553e-05
3.258853199235762252e-04
-9.620999872223345937e-04
8.723033290157797357e-04
-1.424729735840281081e-04
-9.620999872223348105e-04
-5.718014092993306844e-04
-2.595625469609282835e-04
-1.034431157917275302e-04
5.210346088850774209e-04
8.336471625969123569e-04
-5.323978601335985607e-04
4.433485846739089356e-04
9.207986454320640389e-05
-1.420992822105954917e-04
-1.030694244182955507e-04
9.117068781815134857e-04
-1.030694244182952390e-04
5.214083002585102270e-04
-2.201589977951963224e-04
2.091694379201072568e-04
