9.999731438870997913e-01
1.385432904400872578e-03
1.230360661061685864e-03
2.223910793569659370e-04
-6.305062590085659755e-04
-3.978978939997841161e-04
-2.428256506605968603e-04
-1.095722989026128502e-03
-1.173259110695721100e-03
-1.018686781500999531e-03
-9.411506598314059576e-04
-1.406367389848969677e-03
-1.096222903170592997e-03
-9.411506598314054155e-04
-3.208616864746552540e-04
-1.638975754857749855e-03
-1.483903511518561624e-03
-7.860784164922176177e-04
-1.328831268179375127e-03
-1.251295146509780794e-03
-7.085422948226240440e-04
-1.406367389848968809e-03
-7.085422948226245861e-04
-8.636145381618120587e-04
-1.251295146509779710e-03
-1.018686781500998881e-03
-1.406367389848969460e-03
4.544995302212836269e-04
3.769634085516892401e-04
-1.949120241536126319e-03
2.994272868820954496e-04
-1.657894431354671580e-04
-2.026656363205718483e-03
-3.208616864746541698e-04
-8.825332146587361141e-05
-1.794047998196938521e-03
-3.983978081442484482e-04
-1.071719979628015293e-05
-6.310061731530300366e-04
5.320356518908774717e-04
-1.096222903170591696e-03
9.197162602388460990e-04
-4.759339298138432145e-04
1.229860746917221586e-03
-2.433255648050610840e-04
2.994272868820955038e-04
-1.657894431354673748e-04
4.544995302212827596e-04
-5.534700514834350535e-04
6.095717735604712622e-04
7.646440168996586264e-04
-3.208616864746551998e-04
7.646440168996586264e-04
1.307396868586815268e-03
1.443550435429075975e-04
-8.825332146587313708e-05
-1.716511876527343538e-03
-1.096222903170592563e-03
-1.657894431354672664e-04
9.197162602388463159e-04
3.769634085516898364e-04
-1.071719979627972264e-05
1.152324625247628555e-03
-5.534700514834360293e-04
6.681892187331491830e-05
8.421801385692527422e-04
-8.636145381618122755e-04
6.871078952300646190e-04
-1.096222903170592997e-03
4.544995302212838980e-04
1.384932990256409384e-03
6.681892187331451172e-05
7.646440168996600359e-04
-8.636145381618112998e-04
1.384932990256409384e-03
-2.433255648050610840e-04
6.681892187331428133e-05
-9.411506598314047650e-04
1.443550435429080312e-04
3.769634085516891859e-04
-7.085422948226229598e-04
1.443550435429078957e-04
2.994272868820955038e-04
2.994272868820957749e-04
-3.983978081442483398e-04
2.218911652125021199e-04
5.320356518908772548e-04
-4.759339298138421845e-04
-8.825332146587309642e-05
1.695077476934785197e-03
-6.310061731530300366e-04
-1.406367389848969460e-03
1.443550435429081125e-04
-1.018686781500998664e-03
-3.208616864746547119e-04
-4.759339298138422930e-04
5.320356518908775801e-04
6.681892187331443041e-05
6.871078952300660285e-04
-1.018686781500998881e-03
