-1.537695678718109873e-03
-1.108986205762430054e-03
-2.515672598510694936e-04
-1.108986205762430054e-03
1.295078272206455310e-04
7.963892295961475356e-04
-7.279111186907148397e-04
2.724109848725380181e-04
1.771422131046092687e-04
-1.339533043124815212e-05
3.200453707565031111e-04
1.295078272206450431e-04
-1.086641021991767626e-04
6.058516860602903079e-04
8.440236154801117070e-04
1.510905017855613793e-03
1.606173789623545605e-03
2.368323963766972347e-03
4.629485284083970347e-04
8.187344133668103432e-05
7.011204578282185422e-04
1.272733088435792827e-03
8.440236154801122491e-04
2.034883262579222606e-03
4.629485284083961674e-04
8.440236154801125743e-04
1.320367474319756457e-03
7.011204578282186507e-04
9.869267731320064980e-04
-1.562984880831413406e-04
1.177464316667862967e-03
3.676797566404673909e-04
3.676797566404673909e-04
5.585244228793116673e-04
8.443307381830991894e-04
1.939921613514280227e-03
8.919651240670636860e-04
1.654115298210493681e-03
4.156212652274186652e-04
-2.036257512641190053e-04
1.225405825254814295e-03
6.537931946472406606e-04
5.585244228793117757e-04
1.797018455862388472e-03
1.177771439370850232e-03
7.014275805312052657e-04
1.298149499236324984e-04
6.537931946472409859e-04
1.701749684094458395e-03
5.585244228793119926e-04
-9.181415395235854524e-04
4.632556511113848966e-04
2.250837216915613562e-04
9.395995099510292669e-04
-2.988945230320477547e-04
-1.083569794961902153e-04
-5.847008383358341926e-04
5.585244228793119926e-04
4.156212652274188278e-04
1.797018455862387388e-03
-3.465289089160124682e-04
-2.512601371480834207e-04
1.463577754674638296e-03
1.130137053486885736e-03
1.273040211138779659e-03
7.490619664151719308e-04
9.872338958349922457e-04
-2.985874003290607602e-04
-6.041547090923778221e-05
1.225712947957802211e-03
-3.938561720969897535e-04
6.541003173502276009e-04
7.017347032341926397e-04
5.588315455822996918e-04
-5.367593297488830809e-04
-8.702000309366319554e-04
-1.080498567932024618e-04
-3.462217862130252026e-04
-2.985874003290609770e-04
-1.203640732124384516e-03
-6.796624874007760287e-04
4.159283879304056055e-04
5.111971596983344362e-04
1.777564585105838812e-04
-1.537081433312135342e-03
5.111971596983348699e-04
4.159283879304056055e-04
4.159283879304056597e-04
2.253908443945481881e-04
-2.506458917421094858e-04
7.020418259371801221e-04
-4.888178211619320776e-04
3.686011247494281576e-04
9.878481412409652589e-04
5.591386682852871742e-04
-1.077427340902160772e-04
-9.175272941176102707e-04
2.733323529814995437e-04
2.256979670975345321e-04
-1.553771199741806280e-04
