-1.782474383607505174e-03
-2.289862534907408011e-03
-1.782474383607505607e-03
-3.304638837507216289e-03
-2.445981966076607450e-03
-2.485011823868909803e-03
-2.836280543999613202e-03
-2.836280543999614070e-03
-1.704414668022904370e-03
-3.031429832961114994e-03
-2.133743103738208139e-03
-2.524041681661210422e-03
-1.743444525815204338e-03
-2.758220828415011532e-03
-1.275086232307601902e-03
-2.016653530361307151e-03
-2.719190970622713081e-03
-3.187549264130314867e-03
-1.392175805684502457e-03
-2.250832677115108694e-03
-2.797250686207311283e-03
-1.743444525815205206e-03
-1.704414668022904370e-03
-2.445981966076609618e-03
-1.782474383607504523e-03
-1.548295236853702980e-03
-1.392175805684502891e-03
-8.067279387999975147e-04
-3.773995030846944506e-04
-1.665384810230602884e-03
-1.040907085553799492e-03
-4.944890764615951680e-04
-6.516064074629223930e-05
-6.115786498384963733e-04
-7.676980810076967877e-04
-1.353145947892202055e-03
-6.506085076307956908e-04
-6.896383654230975021e-04
-7.286682232153981207e-04
-8.073856114187270448e-04
-4.951467490803240475e-04
-6.122363224572257949e-04
-1.002534900380227644e-03
-5.341766068726246661e-04
-9.635050425879286519e-04
2.073906911810809617e-04
-1.438780289496218139e-04
-8.073856114187270448e-04
9.489579892347866979e-04
-6.902960380418259479e-04
-4.951467490803245896e-04
-3.390273179111231994e-04
1.183137135988588783e-03
9.099281314424861877e-04
-1.829078867419218091e-04
5.196295535194835795e-04
-6.902960380418263816e-04
-4.170870334957240571e-04
7.928385580655850908e-04
-1.438780289496220579e-04
8.318684158578856010e-04
-6.581831336502063094e-05
8.708982736501857860e-04
1.683608333887802889e-04
-2.678845557272117785e-05
1.293309755964804292e-04
-6.122363224572253612e-04
-1.829078867419220531e-04
1.183137135988589434e-03
-4.170870334957241113e-04
1.066047562611687361e-03
-1.548952909472431100e-03
8.318684158578853842e-04
-1.438780289496218682e-04
-1.080594615964829098e-03
-1.041564758172529130e-03
-7.683557536264264262e-04
1.105077420403987112e-03
-1.829078867419218362e-04
-1.119624473757130367e-03
-1.041564758172528480e-03
3.244802645579815707e-04
1.683608333887807497e-04
-1.353803620510931477e-03
-1.041564758172528263e-03
3.244802645579815707e-04
2.073906911810806635e-04
9.099281314424858625e-04
-4.951467490803244812e-04
1.683608333887810478e-04
-1.438780289496217597e-04
-5.341766068726248829e-04
-4.170870334957238945e-04
-1.548952909472431968e-03
1.534405856119291315e-03
-6.581831336502129502e-05
4.805996957271830693e-04
2.073906911810809075e-04
-2.609676023265226127e-04
-1.119624473757129934e-03
