1.051213944211312496e-03
5.429720519106534743e-04
3.523813422979063547e-04
9.876837076737310806e-04
1.114744180748894345e-03
6.700325249858183653e-04
3.523813422979059210e-04
-1.558605500027538868e-04
-2.829210230779189675e-04
-1.564688202524830082e-04
2.247125989730118544e-04
3.412188936026451118e-05
-1.300013077928968653e-03
-4.105897664028127360e-04
-6.011804760155598556e-04
1.177666147036748401e-03
4.788335451233418803e-04
4.153033085857593806e-04
-1.109422368316220070e-03
-1.490603787541715285e-03
2.247125989730121255e-04
-1.363543314466550069e-03
-1.109422368316219636e-03
1.177666147036747317e-03
-7.282409490907246381e-04
-8.553014221658901796e-04
4.153033085857587301e-04
5.423637816609240547e-04
-9.293858371490058986e-05
6.694242547360897046e-04
9.765212589784661107e-05
4.788335451233414466e-04
2.247125989730121255e-04
4.153033085857590553e-04
3.412188936026428078e-05
2.882428355105941644e-04
-2.199990567900653453e-04
-1.172952604853802787e-03
1.611823624354297613e-04
4.788335451233416635e-04
-2.199990567900655350e-04
-2.835292933276482787e-04
1.431787093187077099e-03
7.964847278112541619e-04
1.611823624354297342e-04
-6.011804760155600724e-04
1.177666147036748184e-03
4.788335451233416092e-04
9.765212589784694989e-05
-2.835292933276482245e-04
-2.940834717731804950e-05
9.765212589784688212e-05
-4.105897664028129528e-04
1.431787093187078400e-03
-4.105897664028136575e-04
-2.199990567900652911e-04
-2.835292933276475739e-04
-2.199990567900657519e-04
-2.199990567900651827e-04
1.611823624354291921e-04
2.882428355105941644e-04
-1.564688202524831167e-04
5.423637816609238379e-04
6.694242547360891625e-04
-3.470595298652305615e-04
-1.564688202524830624e-04
1.114135910499165685e-03
-7.917711856283074631e-04
1.368256856649496117e-03
1.177666147036747751e-03
3.412188936026443664e-05
4.153033085857590553e-04
4.788335451233417719e-04
-1.490603787541715936e-03
-9.293858371490046788e-05
9.870754374240013358e-04
9.235452008864187276e-04
9.235452008864178603e-04
-7.917711856283073547e-04
6.694242547360894878e-04
9.765212589784688212e-05
-1.427073551004133002e-03
7.964847278112538367e-04
1.749438275874990248e-03
2.882428355105941102e-04
1.622377802799824815e-03
-2.835292933276483871e-04
5.423637816609245968e-04
-7.282409490907247466e-04
4.153033085857603022e-04
-4.105897664028126275e-04
-2.940834717731803595e-05
9.235452008864197034e-04
-5.376502394779774643e-04
1.611823624354291108e-04
4.153033085857596516e-04
-7.917711856283083304e-04
3.517730720481770435e-04
2.247125989730117460e-04
-7.917711856283076799e-04
