1.000049171573545337e+00
7.787003374474077422e-03
5.709243208663655061e-03
6.177470851663187032e-03
3.368104993665990438e-03
2.431649707666925196e-03
1.729308243167626590e-03
1.144023689418210976e-03
3.538895418565057632e-04
-5.533015164550933928e-04
-4.069803780177395436e-04
-9.337364763922144199e-04
-1.753134851641395368e-03
-8.166795656423309936e-04
-1.870191762391277710e-03
-2.021307842054458515e-04
-3.191876949553224202e-04
-9.922649317671552657e-04
-1.728665565179736668e-04
-3.191876949553283833e-04
-1.109321842517038258e-03
1.197757203567341672e-04
-8.166795656423304515e-04
5.002106802938545167e-04
-3.191876949553229623e-04
-7.874153379548607876e-04
3.246253141690292146e-04
6.124726498179229139e-05
-7.581511102673890636e-04
5.294749079813248311e-04
1.026966778668329068e-03
-5.240372887676228615e-04
6.757960464186821498e-04
3.211926475498424799e-06
9.104029847870928442e-04
1.203045261661800976e-03
-7.283937657112705705e-04
1.027459895536975620e-03
-8.458075658691336567e-05
5.299680248499725761e-04
-2.605230121196964674e-05
-5.528083995864459732e-04
1.290837944724212896e-03
5.592322525374427821e-04
1.524951766223977797e-03
-9.625075872110366642e-04
-5.531652889944309862e-05
2.080615202877940753e-04
3.211926475500555934e-06
7.055533909747966313e-04
1.085988350911916683e-03
6.174038185043990079e-05
4.714395694750311339e-04
5.299680248499727929e-04
-5.531652889944317316e-05
2.958542033502067534e-04
-2.601661227117364316e-04
1.787972926003234897e-04
-5.528083995864464069e-04
-2.605230121197237418e-05
-4.064872611490919071e-04
1.787972926003233000e-04
-5.528083995864462984e-04
8.226103017246800576e-04
4.129111141000902882e-04
1.787972926003224868e-04
4.714395694750311882e-04
1.792904094689708552e-04
9.986887847181521831e-04
-8.449575595925062519e-04
3.296927103161657229e-05
-4.937868273428577077e-04
6.223349871908852662e-05
8.523676462807984423e-04
2.085546371564413052e-04
7.060465078434448099e-04
-5.482341203079573995e-05
-1.459506341029393047e-03
-4.645225996553864717e-04
1.262066833905389242e-03
-1.718803227806778246e-04
-1.718803227806784751e-04
-1.108335608779743202e-03
-5.482341203079525884e-05
1.792904094689705299e-04
3.705043344146386136e-06
-6.693721934676812209e-04
1.642501793842510811e-03
-2.596730058430908009e-04
-2.506606747467662346e-05
3.553688924624435227e-04
-1.605334362598097742e-03
1.797835263376179767e-04
-1.128587505370893152e-04
4.724258032123260275e-04
-5.433029516214785950e-05
6.480111693371510585e-04
5.016900308997969925e-04
1.797835263376183291e-04
4.198160212793805372e-06
