2.972627507495007593e-01
2.752428489650920462e-01
2.361407383795756376e-01
2.372566898791126366e-01
2.720423988564699136e-01
2.960950521805838509e-01
2.006961688147940737e-01
1.985322068356970004e-01
1.570351119311741983e-01
1.658351362740956292e-01
1.894201669612450012e-01
2.044360129047111396e-01
2.002858049281455444e-01
2.373874144813492015e-01
1.936561415453437740e-01
1.908462285404420589e-01
2.087516028948134539e-01
1.605034322874451524e-01
1.636649457393133111e-01
1.457124940232212285e-01
1.432954989785646394e-01
8.489433050319615537e-02
5.527520934786239043e-02
8.930521591341145093e-02
4.885649311462654520e-02
4.692584909244684743e-02
1.452039882850148789e-01
7.539470102298453935e-02
8.508987080383900725e-02
1.376558128287960203e-01
3.479545178288077911e-02
-2.404390324736762133e-02
6.075430775244835407e-02
7.644412207094435086e-02
2.952614453839833356e-02
8.521599474007384920e-03
1.899745832017843417e-02
6.872533228878810463e-02
1.355252361167792186e-01
6.727457321883088814e-02
5.651589328381487892e-02
1.186197905664447549e-02
7.240088185435566981e-02
8.640997105255748822e-02
1.037949741926409014e-01
2.336125815898370747e-02
-8.153653412253823382e-03
7.266369268840339180e-02
-1.781749377484575375e-02
5.101833356290567251e-02
4.275926340240097934e-02
2.193876729067223766e-02
3.415720376020901783e-02
3.916255880597954708e-02
-5.655158696296198190e-02
4.584806170572447090e-03
-8.796273583791149389e-03
-4.660282166660150056e-03
-1.461057429994073141e-02
2.067572729836109763e-02
-9.925417624699844552e-03
3.335628013221710042e-02
8.152874679802671332e-02
-1.115681470542482547e-02
6.737748099225152401e-03
1.789664756628967055e-04
4.655957824623786767e-02
-1.165455174590067366e-03
9.684788768267657555e-02
1.671023001880124481e-02
-1.213112529722032429e-02
8.727762751759111579e-03
-2.630258469400730686e-02
-3.838309966399477274e-02
3.661876116347560772e-02
-3.085022013099061097e-03
-3.731390827138934135e-02
-7.611344441394504723e-02
1.834620337899544804e-02
3.317332152475859636e-02
4.915212344377930392e-02
-1.754649758360869033e-02
1.904497190354069100e-02
-6.634881352070899629e-02
-2.151769616769162383e-02
1.503700528911839675e-02
7.835885171204466301e-03
1.216627283780647578e-02
1.226561574125144445e-02
-3.696497150461084541e-02
-4.926289097074454393e-02
5.410544986164196601e-02
-1.024308766007006252e-02
4.192220133742904226e-02
-9.553063741119456262e-03
1.276810018486209015e-02
-4.648477534754264125e-03
-5.853658799124256823e-02
8.008269044996411956e-02
8.135574133166266486e-02
