0.000000000000000000e+00
2.865822319332688578e-02
5.186206535949630658e-02
7.039010597084822962e-02
8.492213565591985591e-02
9.605090745125251239e-02
1.042925461178426938e-01
1.100957645079425201e-01
1.138500197646419854e-01
1.158927276680793428e-01
1.165156405248105737e-01
1.159704824666031864e-01
1.144739257346898964e-01
1.122119823437350700e-01
1.093438773286482257e-01
1.060054624715301014e-01
1.023122228911435699e-01
9.836192306898831894e-02
9.423693370884186904e-02
9.000627621299736592e-02
8.572741744799994290e-02
8.144784381146609464e-02
7.720644035129466121e-02
7.303469778608608076e-02
6.895776769231173886e-02
6.499538382524465419e-02
6.116266549607816960e-02
5.747081710950183858e-02
5.392773634969621338e-02
5.053854206629675855e-02
4.730603163576176107e-02
4.423107644025775498e-02
4.131296310002992994e-02
3.854968720230987633e-02
3.593820547769351753e-02
3.347465167249617096e-02
3.115452074296582233e-02
2.897282544557996248e-02
2.692422890909823563e-02
2.500315634157857306e-02
2.320388864293680686e-02
2.152064035527058092e-02
1.994762408411774463e-02
1.847910325965895773e-02
1.710943487367317176e-02
1.583310362231131474e-02
1.464474870335480579e-02
1.353918435680140364e-02
1.251141509690658488e-02
1.155664646001652168e-02
1.067029198370996433e-02
9.847977037194513908e-03
9.085540039040202950e-03
8.379031524817993209e-03
7.724711462832906973e-03
7.119045159826630290e-03
6.558698049322538200e-03
6.040529612351963618e-03
5.561586642887679163e-03
5.119096037756765659e-03
4.710457262524010702e-03
4.333234620310807104e-03
3.985149429284196194e-03
3.664072196211326689e-03
3.368014857668272244e-03
3.095123146902424224e-03
2.843669132696469322e-03
2.612043966622745912e-03
2.398750866593470001e-03
2.202398357414073540e-03
2.021693782965844257e-03
1.855437099532996140e-03
1.702514955518433497e-03
1.561895059248334531e-03
1.432620833648637435e-03
1.313806354199146187e-03
1.204631564657229238e-03
1.104337763526027283e-03
1.012223353063671427e-03
9.276398417395499826e-04
8.499880903968616347e-04
7.787147919394624791e-04
7.133091740918860594e-04
6.532999146557708081e-04
5.982522586787977466e-04
5.477653270423081359e-04
5.014696061424744758e-04
4.590246085715756624e-04
4.201166949869966096e-04
3.844570476745375444e-04
3.517797866597762542e-04
3.218402195882335507e-04
2.944132169751161390e-04
2.692917048125925738e-04
2.462852669121079257e-04
2.252188497472303822e-04
2.059315629456630575e-04
1.882755689548204134e-04
1.721150557716334337e-04
1.573252869824742588e-04
