0.000000000000000000e+00
2.559400585156313551e-02
4.631682834385126429e-02
6.286379905539769830e-02
7.584202350028992901e-02
8.578087590328110912e-02
9.314129552302555237e-02
9.832401757917515195e-02
1.016768573683007326e-01
1.035011532320367494e-01
1.040574625046892798e-01
1.035705942701283938e-01
1.022340535678177287e-01
1.002139634877920182e-01
9.765252427909315580e-02
9.467106207148769104e-02
9.137271399198611255e-02
8.784479127041233681e-02
8.416085730461758674e-02
8.038255353560316840e-02
7.656120231188680292e-02
7.273921265269721326e-02
6.895131190790348974e-02
6.522562372043674839e-02
6.158461038989741787e-02
5.804589568327637311e-02
5.462298231274605870e-02
5.132587667672322551e-02
4.816163201691677637e-02
4.513481986124872475e-02
4.224793848286598208e-02
3.950176609331778471e-02
3.689566558940705898e-02
3.442784687578218789e-02
3.209559207791164853e-02
2.989544833276336702e-02
2.782339228845775309e-02
2.587496995149223336e-02
2.404541508381941028e-02
2.232974896583675775e-02
2.072286399962961281e-02
1.921959332462856718e-02
1.781476835076681656e-02
1.650326587830745415e-02
1.528004626524421226e-02
1.414018391943434698e-02
1.307889123061933140e-02
1.209153691475385768e-02
1.117365961739475930e-02
1.032097751234564882e-02
9.529394534569428712e-03
8.795003801027897680e-03
8.114088698211840978e-03
7.483122049470235237e-03
6.898763717752694549e-03
6.357856949085793734e-03
5.857423718162821369e-03
5.394659299082985374e-03
4.966926250863574685e-03
4.571747978275503277e-03
4.206802003295517442e-03
3.869913060564590234e-03
3.559046111281704942e-03
3.272299353583753203e-03
3.007897293345994892e-03
2.764183927200862881e-03
2.539616079167463999e-03
2.332756923389776166e-03
2.142269717905296439e-03
1.966911767937317909e-03
1.805528631773135580e-03
1.657048577725939295e-03
1.520477296863919411e-03
1.394892873024930133e-03
1.279441009029908850e-03
1.173330505885080560e-03
1.075828990053853598e-03
9.862588825244654554e-04
9.039936023470192305e-04
8.284539965183017329e-04
7.591049875151314368e-04
6.954524293829286762e-04
6.370401630458528194e-04
5.834472613926360105e-04
5.342854546858773939e-04
4.891967269229969585e-04
4.478510739277134843e-04
4.099444141578181518e-04
3.751966434660292159e-04
3.433498253355782097e-04
3.141665084222113958e-04
2.874281635620611389e-04
2.629337327442280575e-04
2.404982828927014385e-04
2.199517576501408360e-04
2.011378207025461742e-04
1.839127845260174433e-04
1.681446187723913252e-04
1.537120328376477974e-04
1.405036274742215276e-04
