0.000000000000000000e+00
3.293368061118064072e-02
5.959925306128326800e-02
8.089145138526497580e-02
9.759148268349933375e-02
1.103805315170482276e-01
1.198517221671873551e-01
1.265207099717411410e-01
1.308350543301791125e-01
1.331825093423029960e-01
1.338983532009327682e-01
1.332718642085588823e-01
1.315520394625215583e-01
1.289526417016853832e-01
1.256566503944437641e-01
1.218201847520954395e-01
1.175759588647995596e-01
1.130363224824728896e-01
1.082959350133985837e-01
1.034341150113866209e-01
9.851690269867111049e-02
9.359886886430368591e-02
8.872469973113257524e-02
8.393058404894895852e-02
7.924542570271415898e-02
7.469190248333788806e-02
7.028738931886581442e-02
6.604476217453122966e-02
6.197309697268339745e-02
5.807827623289980173e-02
5.436351466609272431e-02
5.082981365402160223e-02
4.747635338937174210e-02
4.430083042543320193e-02
4.129974747411900571e-02
3.846866148384308487e-02
3.580239531326394331e-02
3.329521768294416151e-02
3.094099552553664784e-02
2.873332235812530236e-02
2.666562586063693160e-02
2.473125745540291631e-02
2.292356633928373244e-02
2.123596011619956897e-02
1.966195390991840736e-02
1.819520960051517616e-02
1.682956661945443286e-02
1.555906555458113835e-02
1.437796565459685885e-02
1.328075718033836471e-02
1.226216942512234689e-02
1.131717511659012868e-02
1.044099181611223004e-02
9.629080847329907558e-03
8.877144211428402570e-03
8.181119882020292458e-03
7.537175815975163430e-03
6.941702967192367110e-03
6.391307547319301577e-03
5.882802740007211234e-03
5.413200042796265619e-03
4.979700382536514716e-03
4.579685125853694659e-03
4.210707085093452415e-03
3.870481602013137526e-03
3.556877775873146935e-03
3.267909889190398227e-03
3.001729072971480710e-03
2.756615243494136766e-03
2.530969334433594634e-03
2.323305841141971081e-03
2.132245688015431146e-03
1.956509424975743337e-03
1.794910755019988625e-03
1.646350391439963977e-03
1.509810240580772636e-03
1.384347903808841101e-03
1.269091490616225783e-03
1.163234733433847045e-03
1.066032393702979033e-03
9.767959480110354788e-04
8.948895425906215791e-04
8.197262041715604143e-04
7.507642950311958817e-04
6.875042000800921657e-04
6.294852339237454403e-04
5.762827560347984690e-04
5.275054824364892479e-04
4.827929826210674755e-04
4.418133507934622508e-04
4.042610409294325837e-04
3.698548555591963240e-04
3.383360786242482331e-04
3.094667432000238697e-04
2.830280253247317878e-04
2.588187556205471043e-04
2.366540408336594936e-04
2.163639878514936549e-04
1.977925231763290206e-04
1.807963012427656990e-04
