0.000000000000000000e+00
3.140048046921632696e-02
5.682465934570855165e-02
7.712561706471583733e-02
9.304819227902348666e-02
1.052418575683313900e-01
1.142721248057246425e-01
1.206306434231439323e-01
1.247441370640160613e-01
1.269823082581441887e-01
1.276648266006060739e-01
1.270675032828309792e-01
1.254277435491410186e-01
1.229493585916713594e-01
1.198068094216702406e-01
1.161489472502468395e-01
1.121023077733420831e-01
1.077740103915972858e-01
1.032543077231790896e-01
9.861882571251689988e-02
9.393053013416011177e-02
8.924145127940943945e-02
8.459419504113045718e-02
8.002326543193079289e-02
7.555622074041862257e-02
7.121468301178690563e-02
6.701521829873995084e-02
6.297010313664604120e-02
5.908799092582906615e-02
5.537449033005435728e-02
5.183266640203820774e-02
4.846347390504412989e-02
4.526613119720592632e-02
4.223844206686169778e-02
3.937707203926606864e-02
3.667778490540860026e-02
3.413564454146215954e-02
3.174518648294240991e-02
2.950056318235769887e-02
2.739566640528205005e-02
2.542422980054347831e-02
2.357991430948356767e-02
2.185637875157796228e-02
2.024733763426986299e-02
1.874660797935307280e-02
1.734814673281038708e-02
1.604608012625678010e-02
1.483472618301945149e-02
1.370861140770766873e-02
1.266248256248785758e-02
1.169131431404783414e-02
1.079031343051728951e-02
9.954920115724241736e-03
9.180806987617426765e-03
8.463876137146443893e-03
7.800254642187903938e-03
7.186288857195950383e-03
6.618537752213017426e-03
6.093765533883948454e-03
5.608933745447730428e-03
5.161193011693921556e-03
4.747874567997803323e-03
4.366481689286480505e-03
4.014681114693905394e-03
3.690294546343987625e-03
3.391290285810859718e-03
3.115775059039275086e-03
2.861986069595907119e-03
2.628283310827267925e-03
2.413142159612948357e-03
2.215146267739898697e-03
2.032980761323386915e-03
1.865425754020698292e-03
1.711350175900397050e-03
1.569705916633773674e-03
1.439522279070277241e-03
1.319900737161844740e-03
1.210009990538826914e-03
1.109081306749034636e-03
1.016404141195754356e-03
9.313220241018972884e-04
8.532287033439895328e-04
7.815645317048323980e-04
7.158130869559953952e-04
6.554980131734878179e-04
6.001800717886431350e-04
5.494543910610949662e-04
5.029479029145693999e-04
4.603169563841852819e-04
4.212450972734381612e-04
3.854410039994203541e-04
3.526365700069571921e-04
3.225851235487247064e-04
2.950597760526461042e-04
2.698518907246883316e-04
2.467696634602942261e-04
2.256368085574888183e-04
2.062913421364181217e-04
1.885844565713934266e-04
1.723794796307310574e-04
