0.000000000000000000e+00
1.541227072007751026e-02
2.789119848885231179e-02
3.785550003987237649e-02
4.567076388605104814e-02
5.165577009298046030e-02
5.608808836510990187e-02
5.920903456866858511e-02
6.122805710116108885e-02
6.232661673611952086e-02
6.266161662491911977e-02
6.236843293653607234e-02
6.156359108208458303e-02
6.034712753304629501e-02
5.880467283695670760e-02
5.700928750525846578e-02
5.502307894434960850e-02
5.289862447716869864e-02
5.068022271837368392e-02
4.840499308497954456e-02
4.610384101374881416e-02
4.380230448764189238e-02
4.152129572027151577e-02
3.927775028635792365e-02
3.708519459690706732e-02
3.495424138169429124e-02
3.289302174206667345e-02
3.090756135928044920e-02
2.900210757434595540e-02
2.717941328285706712e-02
2.544098290199240178e-02
2.378728505738032101e-02
2.221793609641845371e-02
2.073185805443281474e-02
1.932741427406284643e-02
1.800252550049715947e-02
1.675476894033912229e-02
1.558146247520347284e-02
1.447973595840317505e-02
1.344659129050828315e-02
1.247895276378291167e-02
1.157370898353837600e-02
1.072774751361237240e-02
9.937983251119629491e-03
9.201381410205079769e-03
8.514975883882544561e-03
7.875883655486535032e-03
7.281315845312098974e-03
6.728585902341974179e-03
6.215115384385527103e-03
5.738437711431604478e-03
5.296200225619390398e-03
4.886164846130347343e-03
4.506207567768165737e-03
4.154317017371438742e-03
3.828592251917911464e-03
3.527239955718570845e-03
3.248571171010051183e-03
2.990997676133362853e-03
2.753028107979655845e-03
2.533263910174307024e-03
2.330395175280560761e-03
2.143196437886359107e-03
1.970522465575167120e-03
1.811304086281028672e-03
1.664544083219579888e-03
1.529313182320782630e-03
1.404746151733122931e-03
1.290038028406718029e-03
1.184440482891613343e-03
1.087258330217157889e-03
9.978461919696640561e-04
9.156053123886884844e-04
8.399805293962579961e-04
7.704573999045858995e-04
7.065594774692883322e-04
6.478457393259091706e-04
5.939081590316907903e-04
5.443694203007863131e-04
4.988807671422173119e-04
4.571199850620383666e-04
4.187895078538734616e-04
3.836146443572591223e-04
3.513419194956517340e-04
3.217375239021260541e-04
2.945858664892264385e-04
2.696882244101623518e-04
2.468614849831329383e-04
2.259369743017259268e-04
2.067593674258719715e-04
1.891856752345358458e-04
1.730843032187026945e-04
1.583341776975898433e-04
1.448239351492420113e-04
1.324511705561640638e-04
1.211217408753043106e-04
1.107491199477531930e-04
1.012538013656056430e-04
9.256274601041335507e-05
8.460887116869076155e-05
