0.000000000000000000e+00
3.238841801658666475e-02
5.861250506479527556e-02
7.955218162117344560e-02
9.597572082297373131e-02
1.085530292794995161e-01
1.178674112798931278e-01
1.244259847752611919e-01
1.286688992007188059e-01
1.309774888510960023e-01
1.316814809253993301e-01
1.310653643240587696e-01
1.293740136533712837e-01
1.268176525146542666e-01
1.235762308983367475e-01
1.198032832464284991e-01
1.156293263839243551e-01
1.111648499553715835e-01
1.065029461517364301e-01
1.017216202985578022e-01
9.688581923092769166e-02
9.204921024307188837e-02
8.725573971566609466e-02
8.254099724373835378e-02
7.793340816849127217e-02
7.345527481866689912e-02
6.912368445636615788e-02
6.495129986742423367e-02
6.094704670975356620e-02
5.711671010969080614e-02
5.346345155416658279e-02
4.998825584568145075e-02
4.669031674996373948e-02
4.356736895704699242e-02
4.061597308128151590e-02
3.783175963194024966e-02
3.520963718241106044e-02
3.274396934250783930e-02
3.042872458628891053e-02
2.825760249901615798e-02
2.622413957445770757e-02
2.432179731133610190e-02
2.254403501974875518e-02
2.088436944984319379e-02
1.933642309147506899e-02
1.789396276105351472e-02
1.655092988676867133e-02
1.530146372276922594e-02
1.413991856382781388e-02
1.306087589212712868e-02
1.205915226481675886e-02
1.112980364297927113e-02
1.026812676786569359e-02
9.469658107176542536e-03
8.730170821406970857e-03
8.045670136629845884e-03
7.412387454484394879e-03
6.826773481615617568e-03
6.285490618527071922e-03
5.785404811018616048e-03
5.323577035418546911e-03
4.897254561101037351e-03
4.503862109786105523e-03
4.140993010392860982e-03
3.806400430353100092e-03
3.497988748933722383e-03
3.213805124948702126e-03
2.952031299985823868e-03
2.710975668685889663e-03
2.489065639476933153e-03
2.284840302293381954e-03
2.096943414033810259e-03
1.924116707684143295e-03
1.765193527027725902e-03
1.619092785566948007e-03
1.484813245594304850e-03
1.361428111187931505e-03
1.248079927192136248e-03
1.143975774911651323e-03
1.048382754241959517e-03
9.606237412270613590e-04
8.800734095373873890e-04
8.061545040564050205e-04
7.383343546224627922e-04
6.761216179643641556e-04
6.190632359709467673e-04
5.667415986256074721e-04
5.187719001985472258e-04
4.747996776071616572e-04
4.344985202154881044e-04
3.975679407359604682e-04
3.637313973115044474e-04
3.327344572854909433e-04
3.043430936046456780e-04
2.783421052402642562e-04
2.545336534515738676e-04
2.327359061480907803e-04
2.127817830324989700e-04
1.945177946195153777e-04
1.778029686276690567e-04
