0.000000000000000000e+00
9.955259932929907962e-03
1.801578338717827604e-02
2.445203238592429107e-02
2.950015179974853352e-02
3.336605148269165821e-02
3.622902224838434743e-02
3.824493744072799545e-02
3.954908622493155668e-02
4.025867969862968743e-02
4.047506643560531969e-02
4.028569006926975560e-02
3.976581794844538664e-02
3.898006670843929405e-02
3.798374775497471989e-02
3.682405312065054059e-02
3.554109989046234930e-02
3.416884937523433086e-02
3.273591541335527794e-02
3.126627457853417558e-02
2.977988964341497791e-02
2.829325637706058688e-02
2.681988262176556587e-02
2.537070758639248247e-02
2.395446839605221492e-02
2.257802013948738071e-02
2.124661494527276331e-02
1.996414498635732879e-02
1.873335375100115482e-02
1.755601941918193132e-02
1.643311374025008612e-02
1.536493941391977279e-02
1.435124862716915563e-02
1.339134508944359037e-02
1.248417163338977516e-02
1.162838520434106293e-02
1.082242084548705116e-02
1.006454609402707839e-02
9.352907033894264713e-03
8.685567100407650884e-03
8.060539599293268034e-03
7.475814784976154287e-03
6.929382239161484443e-03
6.419249198959190404e-03
5.943455402797391193e-03
5.500084950899046705e-03
5.087275614082149323e-03
4.703225969124337318e-03
4.346200690051544267e-03
4.014534281707603583e-03
3.706633504160361872e-03
3.420978703300242129e-03
3.156124233855103420e-03
2.910698135507597522e-03
2.683401200437697011e-03
2.473005551050467751e-03
2.278352829557483451e-03
2.098352086165853909e-03
1.931977439632411508e-03
1.778265572632107541e-03
1.636313114565430844e-03
1.505273955909792192e-03
1.384356530844850714e-03
1.272821098511047778e-03
1.169977047769834091e-03
1.075180245613288187e-03
9.878304453234422727e-04
9.073687670220149980e-04
8.332752603043236351e-04
7.650665561506390065e-04
7.022936131958051062e-04
6.445395616624831955e-04
5.914176467797627830e-04
5.425692722777300005e-04
4.976621435352587179e-04
4.563885091324507799e-04
4.184634988943499259e-04
3.836235559855660001e-04
3.516249602060872556e-04
3.222424393292304206e-04
2.952678650979952374e-04
2.705090303428133803e-04
2.477885035901946438e-04
2.269425574881257009e-04
2.078201673715997060e-04
1.902820763229421395e-04
1.741999231402026978e-04
1.594554297073625445e-04
1.459396443577442313e-04
1.335522379328128273e-04
1.222008493591522269e-04
1.118004776938914352e-04
1.022729177208673570e-04
9.354623631430979721e-05
8.555428692215537453e-05
7.823625965587578115e-05
7.153626460680096236e-05
6.540294613945036402e-05
5.978912603961847972e-05
5.465147351835897933e-05
