0.000000000000000000e+00
6.372744596708289182e-03
1.153259553337628203e-02
1.565268594850985351e-02
1.888418125196986846e-02
2.135889225719435694e-02
2.319158990652959301e-02
2.448205471970189839e-02
2.531689049233159031e-02
2.577112855400301092e-02
2.590964602297430447e-02
2.578841893061911347e-02
2.545562880044842727e-02
2.495263922480286251e-02
2.431485716084215432e-02
2.357249204285312080e-02
2.275122435917697680e-02
2.187279405045918293e-02
2.095551793466448459e-02
2.001474433836405650e-02
1.906325219976334057e-02
1.811160109479229702e-02
1.716843791259050483e-02
1.624076526129084735e-02
1.533417611056123522e-02
1.445305866623846150e-02
1.360077501773271705e-02
1.277981669457683989e-02
1.199193990907500978e-02
1.123828294259016092e-02
1.051946784923880884e-02
9.835688398744782401e-03
9.186785956466035977e-03
8.572314800050792258e-03
7.991598196035142043e-03
7.443776403495427213e-03
6.927847633415112026e-03
6.442702869753803505e-03
5.987155349566328222e-03
5.559965403352351565e-03
5.159861271731902566e-03
4.785556439301076256e-03
4.435763960022122247e-03
4.109208189760605277e-03
3.804634289725324775e-03
3.520815818815371031e-03
3.256560692540996695e-03
3.010715750644806041e-03
2.782170144259037050e-03
2.569857725906999919e-03
2.372758601458625511e-03
2.189899981897764844e-03
2.020356454110258139e-03
1.863249773554208301e-03
1.717748267358100780e-03
1.583065923869677845e-03
1.458461233737403436e-03
1.343235838059072575e-03
1.236733030812612070e-03
1.138336155545103265e-03
1.047466930007198574e-03
9.635837269661956354e-04
8.861798347100444248e-04
8.147817166764175292e-04
7.489472861261171812e-04
6.882642087581356243e-04
6.323482435728011676e-04
5.808416300748057157e-04
5.334115280214712929e-04
4.897485143209400317e-04
4.495651403327169328e-04
4.125945516864525033e-04
3.785891717851342167e-04
3.473194493707446756e-04
3.185726698817793723e-04
2.921518298033630012e-04
2.678745727851392826e-04
2.455721859647647999e-04
2.250886546727886878e-04
2.062797734966897078e-04
1.890123115380125222e-04
1.731632295984269901e-04
1.586189469706901143e-04
1.452746554825486971e-04
1.330336784400362586e-04
1.218068721366455414e-04
1.115120676323722899e-04
1.020735505581446843e-04
9.342157676365434548e-05
8.549192169753314107e-05
7.822546148601742719e-05
7.156778375785364881e-05
6.546882634770452797e-05
5.988254209641356206e-05
5.476658805310924931e-05
5.008203747040819773e-05
4.579311306917484563e-05
4.186694013285490194e-05
3.827331807284636579e-05
3.498450918536357362e-05
