0.000000000000000000e+00
3.032408682023589840e-03
5.487673684544104764e-03
7.448178731620153960e-03
8.985854416786037691e-03
1.016342163666462441e-02
1.103549303055651257e-02
1.164954819060967650e-02
1.204679669265913515e-02
1.226294146686355939e-02
1.232885366044769553e-02
1.227116892480894887e-02
1.211281397040788951e-02
1.187347126131158871e-02
1.156998885453314196e-02
1.121674161625778321e-02
1.082594935768660047e-02
1.040795681863452248e-02
9.971479879203201668e-03
9.523821891667732728e-03
9.071063589779979064e-03
8.618229645287344212e-03
8.169434596486705238e-03
7.728010566512246403e-03
7.296618915712230376e-03
6.877347729255623571e-03
6.471796824766133140e-03
6.081151772396813093e-03
5.706248248732196000e-03
5.347627893914164675e-03
5.005586706358313223e-03
4.680216889507591779e-03
4.371442958606802133e-03
4.079052820999668101e-03
3.802724459633686094e-03
3.542048775132344927e-03
3.296549075912418025e-03
3.065697647451793607e-03
2.848929780118093433e-03
2.645655589208015072e-03
2.455269920360395909e-03
2.277160597703262179e-03
2.110715240451702373e-03
1.955326845721837032e-03
1.810398310650490530e-03
1.675346045139872826e-03
1.549602807352254029e-03
1.432619877168190507e-03
1.323868667932451065e-03
1.222841863713010954e-03
1.129054157784042771e-03
1.042042657931119276e-03
9.613670153030900393e-04
8.866093257562417595e-04
8.173738458243316176e-04
7.532865594892517325e-04
6.939946267208901062e-04
6.391657402117626764e-04
5.884874127732409943e-04
5.416662144155808857e-04
4.984269751414644855e-04
4.585119668875838744e-04
4.216800758023501431e-04
3.877059741072738631e-04
3.563792991170462200e-04
3.275038455553851884e-04
3.008967760708620206e-04
2.763878538031107942e-04
2.538186999521802024e-04
2.330420785421214109e-04
2.139212099264500573e-04
1.963291140423057335e-04
1.801479839682193441e-04
1.652685899653840178e-04
1.515897138736632145e-04
1.390176134820155548e-04
1.274655162905157109e-04
1.168531419206272827e-04
1.071062523056921139e-04
9.815622869937756464e-05
8.993967447138429537e-05
8.239804261302811623e-05
7.547728684683355390e-05
6.912753522098068497e-05
6.330278506869314425e-05
5.796061822218496633e-05
5.306193538863490812e-05
4.857070862017167344e-05
4.445375083959391874e-05
4.068050141729967934e-05
3.722282683163357308e-05
3.405483548369425499e-05
3.115270577785585226e-05
2.849452662022629003e-05
2.606014952848422400e-05
2.383105158759092515e-05
2.179020852641431598e-05
1.992197723006323927e-05
1.821198704148574817e-05
1.664703924347254801e-05
