0.000000000000000000e+00
2.728889090089869993e-03
4.938401916766834571e-03
6.702676259386705117e-03
8.086443040632520368e-03
9.146145302475977915e-03
9.930929400568902499e-03
1.048352260375952534e-02
1.084100974252272948e-02
1.103552017236781972e-02
1.109483508827671661e-02
1.104292412829217807e-02
1.090041922452097446e-02
1.068503278551052003e-02
1.041192651398406381e-02
1.009403646824302489e-02
9.742359355184889227e-03
9.366204489806718991e-03
8.973415363080203266e-03
8.570564320765576560e-03
8.163123464329097301e-03
7.755614536500911489e-03
7.351740243560575191e-03
6.954499190056879360e-03
6.566286355684423058e-03
6.188980825169005349e-03
5.824022287324784504e-03
5.472477646317873250e-03
5.135098934263168831e-03
4.812373577503531973e-03
4.504567947406314110e-03
4.211765018595292967e-03
3.933896861728971260e-03
3.670772612911187179e-03
3.422102486392873243e-03
3.187518330337523690e-03
2.966591166135323573e-03
2.758846099221232921e-03
2.563774942831376340e-03
2.380846854952011794e-03
2.209517252280834496e-03
2.049235232801189729e-03
1.899449710093614654e-03
1.759614437355264908e-03
1.629192076891970665e-03
1.507657451256382009e-03
1.394500094932555213e-03
1.289226210248580352e-03
1.191360117799771922e-03
1.100445279877232743e-03
1.016044965034667647e-03
9.377426128258131884e-04
8.651419497592821150e-04
7.978669005173763193e-04
7.355613323552231226e-04
6.778886652341940908e-04
6.245313755584663796e-04
5.751904172953184718e-04
5.295845806972329650e-04
4.874498057440465582e-04
4.485384647304134476e-04
4.126186260884217335e-04
3.794733095136122942e-04
3.488997407163388592e-04
3.207086126153020265e-04
2.947233584960485381e-04
2.707794415477809405e-04
2.487236642434846622e-04
2.284135002205848802e-04
2.097164506339170727e-04
1.925094263737413768e-04
1.766781570548511576e-04
1.621166272761430740e-04
1.487265403125383211e-04
1.364168091233774192e-04
1.251030743350350059e-04
1.147072486732693793e-04
1.051570871763657589e-04
9.638578240792098305e-05
8.833158380332520006e-05
8.093744022240788522e-05
7.415066473869944203e-05
6.792262067013348458e-05
6.220842784405071306e-05
5.696668808868580487e-05
5.215922895189569071e-05
4.775086466395130769e-05
4.370917338327598239e-05
4.000428979077746657e-05
3.660871212879313519e-05
3.349712281372474036e-05
3.064622178638640691e-05
2.803457180027595089e-05
2.564245488484787400e-05
2.345173925795996855e-05
2.144575599861043248e-05
1.960918482756563794e-05
1.792794837925987242e-05
1.638911438322479037e-05
1.498080520713163203e-05
