0.000000000000000000e+00
8.164308322770801735e-03
1.477474332565085688e-02
2.005311090438892385e-02
2.419307345908802698e-02
2.736349765384438540e-02
2.971141987864511086e-02
3.136467185737144142e-02
3.243420422967897149e-02
3.301614181263794190e-02
3.319360056806266307e-02
3.303829301665506257e-02
3.261194590855160530e-02
3.196755134410739219e-02
3.115047020522133947e-02
3.019940467617703711e-02
2.914725477697611630e-02
2.802187217743756786e-02
2.684672308542314714e-02
2.564147068819292927e-02
2.442248645489392828e-02
2.320329856515763664e-02
2.199498479997732611e-02
2.080651640415855097e-02
1.964505869369912588e-02
1.851623352663708463e-02
1.742434817343289574e-02
1.637259460498586075e-02
1.536322275592210719e-02
1.439769091157913801e-02
1.347679600356524454e-02
1.260078627590542448e-02
1.176945849714913089e-02
1.098224163943685786e-02
1.023826871985914107e-02
9.536438299330844345e-03
8.875466956826495030e-03
8.253933899663870935e-03
7.670318731341371765e-03
7.123033275231882393e-03
6.610448243430812505e-03
6.130915443662434718e-03
5.682786131953487634e-03
5.264426043527527938e-03
4.874227567938027410e-03
4.510619475844848333e-03
4.172074553160967994e-03
3.857115452764738397e-03
3.564319033885527017e-03
3.292319424004019977e-03
3.039810007107587517e-03
2.805544514914121851e-03
2.588337373786507405e-03
2.387063439116477153e-03
2.200657230616270832e-03
2.028111765913232552e-03
1.868477075825593532e-03
1.720858472466363798e-03
1.584414630663905999e-03
1.458355533913643703e-03
1.341940328018516879e-03
1.234475118588646133e-03
1.135310742522458068e-03
1.043840538366903881e-03
9.594981359514163921e-04
8.817552818187302617e-04
8.101197136564360166e-04
7.441330940959043662e-04
6.833690118284422741e-04
6.274310559378776112e-04
5.759509676163530227e-04
5.285868719740545365e-04
4.850215914368869092e-04
4.449610412164369585e-04
4.081327065055426152e-04
3.742842003755101937e-04
3.431819008058225326e-04
3.146096648449951206e-04
2.883676175655234446e-04
2.642710132221842570e-04
2.421491658386919156e-04
2.218444463220064654e-04
2.032113431269250831e-04
1.861155834577886642e-04
1.704333119921077396e-04
1.560503241365685228e-04
1.428613508739414871e-04
1.307693923254168718e-04
1.196850972329635326e-04
1.095261856571763675e-04
1.002169122849775050e-04
9.168756784609169972e-05
8.387401624547915450e-05
7.671726512921186992e-05
7.016306771225641441e-05
6.416155380715777743e-05
5.866688810177062864e-05
5.363695384123373926e-05
4.903306017372740659e-05
4.481967152075242160e-05
