0.000000000000000000e+00
4.071733429618421690e-03
7.368513526773270116e-03
1.000096013149285451e-02
1.206565725768075220e-02
1.364682269993335896e-02
1.481778697944266879e-02
1.564230279673339136e-02
1.617570385683761089e-02
1.646592987682716711e-02
1.655443275034384348e-02
1.647697720555815759e-02
1.626434783096138495e-02
1.594297303885634787e-02
1.553547537262612958e-02
1.506115652585171202e-02
1.453642451571957907e-02
1.397516962792072319e-02
1.338909501466837258e-02
1.278800717196126001e-02
1.218007093821343173e-02
1.157203313618926192e-02
1.096941851696539572e-02
1.037670125225803076e-02
9.797454854424693035e-03
9.234483076876583152e-03
8.689934057144882429e-03
8.165399706522406820e-03
7.662002120558402025e-03
7.180468580600400837e-03
6.721196535267722968e-03
6.284309789720012550e-03
5.869706987631856214e-03
5.477103343920076105e-03
5.106066473726603334e-03
4.756047063359898283e-03
4.426405040435737667e-03
4.116431822079485471e-03
3.825369150638799082e-03
3.552424964911538897e-03
3.296786700530299034e-03
3.057632365071202667e-03
2.834139690965778793e-03
2.625493631763058545e-03
2.430892434156068337e-03
2.249552488955038065e-03
2.080712138416718811e-03
1.923634594631522645e-03
1.777610103677653482e-03
1.641957472663121411e-03
1.516025061315662021e-03
1.399191326201843682e-03
1.290864993741508209e-03
1.190484927738726020e-03
1.097519748003680838e-03
1.011467248638741375e-03
9.318536575714182800e-04
8.582327728168640023e-04
7.901850056369876191e-04
7.273163561380488343e-04
6.692573428304488502e-04
6.156619041897818442e-04
5.662062872418270913e-04
5.205879355885186400e-04
4.785243870461823503e-04
4.397521891365158164e-04
4.040258390153911479e-04
3.711167530095670292e-04
3.408122697260962375e-04
3.129146896764939401e-04
2.872403534937415697e-04
2.636187600940277805e-04
2.418917255283257236e-04
2.219125827653592160e-04
2.035454222330591075e-04
1.866643726078383422e-04
1.711529210691089945e-04
1.569032720209256263e-04
1.438157431152082210e-04
1.317981972844838620e-04
1.207655094001887922e-04
1.106390661098825650e-04
1.013462973684891417e-04
9.282023816082791436e-05
8.499911891168455296e-05
7.782598309246803567e-05
7.124833055746961367e-05
6.521778517565600180e-05
5.968978536386292263e-05
5.462329617257378626e-05
4.998054162479176880e-05
4.572675606065780166e-05
4.182995329446027974e-05
3.826071244569297927e-05
3.499197936116399545e-05
3.199888260028411173e-05
2.925856301009869287e-05
2.675001597001576902e-05
2.445394543822182232e-05
2.235262898224667333e-05
