0.000000000000000000e+00
2.880259911560519720e-02
5.212333883297803894e-02
7.074472099356798882e-02
8.534996091132586449e-02
9.653479782559269695e-02
1.048179566581591976e-01
1.106504108107695256e-01
1.144235794544398999e-01
1.164765782204863764e-01
1.171026292207648645e-01
1.165547247362731104e-01
1.150506285711941912e-01
1.127772898414213520e-01
1.098947357342204834e-01
1.065395024330316187e-01
1.028276568536961588e-01
9.885745600082269935e-02
9.471168554970484099e-02
9.045971462233022564e-02
8.615929959488317913e-02
8.185816609448182124e-02
7.759539506618916282e-02
7.340263587422404812e-02
6.930516680500861670e-02
6.532282102957864822e-02
6.147079402799818931e-02
5.776034665110316851e-02
5.419941637044788096e-02
5.079314782368097442e-02
4.754435248003274772e-02
4.445390611156520982e-02
4.152109174462104146e-02
3.874389486849449948e-02
3.611925688223689701e-02
3.364329205454495014e-02
3.131147264591742363e-02
2.911878628783092643e-02
2.705986922267107977e-02
2.512911857351222619e-02
2.332078642828336323e-02
2.162905818279435566e-02
2.004811728653917852e-02
1.857219826970168269e-02
1.719562969541363687e-02
1.591286847453465478e-02
1.471852679791138888e-02
1.360739278044381835e-02
1.257444576986342308e-02
1.161486714871217719e-02
1.072404734864430137e-02
9.897589700119537037e-03
9.131311656271462115e-03
8.421243855848910970e-03
7.763627425426151279e-03
7.154909864479019714e-03
6.591739807474396480e-03
6.070960913969987612e-03
5.589605100120039090e-03
5.144885292264856497e-03
4.734187854858424443e-03
4.355064820338747089e-03
4.005226027208235416e-03
3.682531254159675249e-03
3.384982422197399792e-03
3.110715923045051425e-03
2.857995120421451783e-03
2.625203060756693511e-03
2.410835421394514830e-03
2.213493717092545471e-03
2.031878779520270798e-03
1.864784519317794469e-03
1.711091975986081537e-03
1.569763657317367264e-03
1.439838167142686986e-03
1.320425117784139717e-03
1.210700321676102956e-03
1.109901255094931016e-03
1.017322785752305210e-03
9.323131551124614388e-04
8.542702056434622925e-04
7.826378427692223371e-04
7.169027210185174078e-04
6.565911437409268107e-04
6.012661657524905490e-04
5.505248883643871962e-04
5.039959364174867668e-04
4.613371071784813995e-04
4.222331812357807716e-04
3.863938858539308035e-04
3.535520015942212615e-04
3.234616033780047715e-04
2.958964275511857811e-04
2.706483568974737204e-04
2.475260159395031639e-04
2.263534692568686525e-04
2.069690159351916326e-04
1.892240736379947527e-04
1.729821461612706594e-04
1.581178686876472507e-04
