0.000000000000000000e+00
2.852842159310048017e-02
5.162716666988471231e-02
7.007128828513595198e-02
8.453749809383440117e-02
9.561586437805619232e-02
1.038201742165402314e-01
1.095971081078273845e-01
1.133343592279936612e-01
1.153678151009449454e-01
1.159879066004322334e-01
1.154452177249042366e-01
1.139554393426925882e-01
1.117037409648283242e-01
1.088486264487708161e-01
1.055253322635711921e-01
1.018488204616069259e-01
9.791641272001894158e-02
9.381010666121507302e-02
8.959861106906802375e-02
8.533913252562491669e-02
8.107894234851076298e-02
7.685674946369923377e-02
7.270390195897795393e-02
6.864543749186208244e-02
6.470100043758890418e-02
6.088564162750309539e-02
5.721051471821927276e-02
5.368348162296186082e-02
5.030963800657674984e-02
4.709176857537381716e-02
4.403074076477112020e-02
4.112584442612250701e-02
3.837508422524002483e-02
3.577543067659014198e-02
3.332303503789883076e-02
3.101341267009459848e-02
2.884159891836133791e-02
2.680228108373281654e-02
2.488990962415459779e-02
2.309879134304454462e-02
2.142316698655658685e-02
1.985727537305612828e-02
1.839540591535147179e-02
1.703194116408096592e-02
1.576139079584393254e-02
1.457841828908642591e-02
1.347786137165268329e-02
1.245474718383605441e-02
1.150430297753187760e-02
1.062196306376872283e-02
9.803372625755693223e-03
9.044388931100507886e-03
8.341080403670953283e-03
7.689723951485851784e-03
7.086800890961953391e-03
6.528991758864094441e-03
6.013170260566301148e-03
5.536396565988120806e-03
5.095910132164118561e-03
4.689122203251526282e-03
4.313608114365952498e-03
3.967099504500901097e-03
3.647476525530526838e-03
3.352760118560320617e-03
3.081104415362247509e-03
2.830789311032424430e-03
2.600213244095317833e-03
2.387886211833547320e-03
2.192423041456770076e-03
2.012536931669569717e-03
1.847033274110389213e-03
1.694803759882022257e-03
1.554820772866080539e-03
1.426132068610036583e-03
1.307855735208839250e-03
1.199175430698018723e-03
1.099335889965020628e-03
1.007638693012423209e-03
9.234382855202655834e-04
8.461382420108462272e-04
7.751877614801124623e-04
7.100783850918596053e-04
6.503409254058776980e-04
5.955425966040864575e-04
5.452843352683593454e-04
4.991983014316732012e-04
4.569455498548523472e-04
4.182138617609702704e-04
3.827157275769924125e-04
3.501864715778288677e-04
3.203825096933124277e-04
2.930797321169176174e-04
2.680720027404658447e-04
2.451697678268463716e-04
2.241987667190143113e-04
2.049988377649304173e-04
1.874228130121713344e-04
1.713354955905466539e-04
1.566127140546746661e-04
