0.000000000000000000e+00
2.107488548002140957e-02
3.813868992629221993e-02
5.176397058027046999e-02
6.245063664952173882e-02
7.063459102581888527e-02
7.669538516139351447e-02
8.096299666549354457e-02
8.372382726772477357e-02
8.522600815464385915e-02
8.568409018684397527e-02
8.528318802456662240e-02
8.418263962257177546e-02
8.251923580283447579e-02
8.041006858999395768e-02
7.795504162185487584e-02
7.523908115627192528e-02
7.233408192439154394e-02
6.930061827296615795e-02
6.618944764565112826e-02
6.304283043043926171e-02
5.989568750797534535e-02
5.677661443792914042e-02
5.370876908614984069e-02
5.071064759561884350e-02
4.779676191390750534e-02
4.497823058628593745e-02
4.226329318657948836e-02
3.965775756925769141e-02
3.716538806992255445e-02
3.478824184292398508e-02
3.252695969140059762e-02
3.038101700513718903e-02
2.834893976499224671e-02
2.642848999013411998e-02
2.461682448776987553e-02
2.291063030717973778e-02
2.130623989418949787e-02
1.979972858293786026e-02
1.838699674376665510e-02
1.706383862468248067e-02
1.582599967501346905e-02
1.466922391996681313e-02
1.358929276053254427e-02
1.258205640168606754e-02
1.164345896054090439e-02
1.076955817270489578e-02
9.956540497560506520e-03
9.200732319710414053e-03
8.498607852794420187e-03
7.846794271859832207e-03
7.242074530185184204e-03
6.681388254785705465e-03
6.161831060766773983e-03
5.680652577348893097e-03
5.235253436974501330e-03
4.823181442724542092e-03
4.442127097699434188e-03
4.089918652506239691e-03
3.764516803054149090e-03
3.464009150062883225e-03
3.186604513652433954e-03
2.930627180770004319e-03
2.694511149723511929e-03
2.476794424467228771e-03
2.276113401291425618e-03
2.091197381999756848e-03
1.920863240334222226e-03
1.764010262169042435e-03
1.619615174701296212e-03
1.486727375394212430e-03
1.364464367670435675e-03
1.252007407211816210e-03
1.148597360115983373e-03
1.053530772014790208e-03
9.661561455114468832e-04
8.858704218858072955e-04
8.121156619016537933e-04
7.443759196832363872e-04
6.821743029734805234e-04
6.250702126106377852e-04
5.726567537356703954e-04
5.245583110447542448e-04
4.804282803088812787e-04
4.399469483773028834e-04
4.028195139477865169e-04
3.687742415107215133e-04
3.375607410444829252e-04
3.089483662461560399e-04
2.827247243162885732e-04
2.586942905716305727e-04
2.366771214297172174e-04
2.165076595886114910e-04
1.980336255098543547e-04
1.811149895991382450e-04
1.656230197645418062e-04
1.514393993139198592e-04
1.384554104293752208e-04
1.265711787260871170e-04
1.156949746639978060e-04
