0.000000000000000000e+00
2.203729188709004083e-02
3.988033258323870484e-02
5.412782574754959608e-02
6.530250945775080418e-02
7.386019256127507315e-02
8.019775911933951784e-02
8.466025550944850098e-02
8.754716229192456567e-02
8.911794182017516996e-02
8.959694264138462483e-02
8.917773286790108000e-02
8.802692678671869553e-02
8.628756191394623687e-02
8.408207740243565931e-02
8.151493909277099381e-02
7.867495148806548377e-02
7.563729246660090555e-02
7.246530256522225322e-02
6.921205711866086630e-02
6.592174637916470292e-02
6.263088592545197619e-02
5.936937716295215273e-02
5.616143548537089192e-02
5.302640168115768660e-02
4.997945040095458369e-02
4.703220792988228871e-02
4.419329011041295968e-02
4.146877001868758128e-02
3.886258389258043233e-02
3.637688282851898880e-02
3.401233689257887605e-02
3.176839751767771697e-02
2.964352337206784330e-02
2.763537427521201711e-02
2.574097719698258471e-02
2.395686789734424033e-02
2.227921133947435156e-02
2.070390363359250752e-02
1.922665793621898545e-02
1.784307643535280180e-02
1.654871029187246489e-02
1.533910917750160897e-02
1.420986184655039994e-02
1.315662899931942936e-02
1.217516953684216231e-02
1.126136116715224615e-02
1.041121620036203690e-02
9.620893261633772092e-03
8.886705555932438924e-03
8.205126234771150523e-03
7.572791341668026928e-03
6.986500748545852561e-03
6.443217438774765868e-03
5.940065443053628956e-03
5.474326691021299054e-03
5.043437003654303863e-03
4.644981418492391198e-03
4.276689010964078788e-03
3.936427350051491421e-03
3.622196704786501565e-03
3.332124099210333635e-03
3.064457297103317674e-03
2.817558783689071925e-03
2.589899799362803054e-03
2.380054470043340559e-03
2.186694069789097122e-03
2.008581443659822590e-03
1.844565612282602057e-03
1.693576574045351857e-03
1.554620316164880998e-03
1.426774041946375637e-03
1.309181618266974483e-03
1.201049244590784082e-03
1.101641342579559113e-03
1.010276663535158732e-03
9.263246094382714037e-04
8.492017621813378490e-04
7.783686146874335340e-04
7.133264969221323696e-04
6.536146893080085202e-04
5.988077157121323834e-04
5.485128079699757783e-04
5.023675338125145736e-04
4.600375800578399227e-04
4.212146829978451797e-04
3.856146980402832885e-04
3.529758008446425011e-04
3.230568124064236058e-04
2.956356407896734229e-04
2.705078324745855398e-04
2.474852265691947543e-04
2.263947054264188994e-04
2.070770355054335910e-04
1.893857926159146646e-04
1.731863659820362942e-04
1.583550358577343140e-04
1.447781197136969111e-04
1.323511822981915235e-04
1.209783051469951078e-04
