0.000000000000000000e+00
2.742330766861908464e-02
4.962726980975804697e-02
6.735691601825311015e-02
8.126274396909480280e-02
9.191196429439121851e-02
9.979846135050031430e-02
1.053516124410728977e-01
1.089440925566919766e-01
1.108987778466762469e-01
1.114948486779222259e-01
1.109731821022452852e-01
1.095411137068690727e-01
1.073766400365824408e-01
1.046321249379300461e-01
1.014375661847706084e-01
9.790347251037821719e-02
9.412339561323550263e-02
9.017615674954290728e-02
8.612780311064360816e-02
8.203332525025711086e-02
7.793816332296406302e-02
7.387952677559742054e-02
6.988754935577511096e-02
6.598629882985068695e-02
6.219465860307434035e-02
5.852709647827511463e-02
5.499433404956487886e-02
5.160392868090479812e-02
4.836077864486103967e-02
4.526756077574962955e-02
4.232510890688567090e-02
3.953274039886166269e-02
3.688853721134158908e-02
3.438958721287112275e-02
3.203219075104667829e-02
2.981203690958991737e-02
2.772435335099012257e-02
2.576403317587587158e-02
2.392574181644843700e-02
2.220400661516943111e-02
2.059329141611634939e-02
1.908805821025546731e-02
1.768281762310403363e-02
1.637216981010160971e-02
1.515083712813269229e-02
1.401368977806077484e-02
1.295576546019694582e-02
1.197228394997521504e-02
1.105865738264912197e-02
1.021049693169442593e-02
9.423616474149236477e-03
8.694033755874063310e-03
8.017969499366839337e-03
7.391844835164171172e-03
6.812277383971882330e-03
6.276076269586201677e-03
5.780236301582871751e-03
5.321931530950774897e-03
4.898508350695690572e-03
4.507478286377365924e-03
4.146510598073826527e-03
3.813424794951337984e-03
3.506183146069334969e-03
3.222883255924394261e-03
2.961750760233237013e-03
2.721132186305565831e-03
2.499488012827506215e-03
2.295385955758651089e-03
2.107494500157671476e-03
1.934576691932401917e-03
1.775484198619528293e-03
1.629151644212152280e-03
1.494591219662100116e-03
1.370887567892493551e-03
1.257192939881189879e-03
1.152722616544400724e-03
1.056750589698134905e-03
9.686054942474563167e-04
8.876667829014709288e-04
8.133611340930166052e-04
7.451590833598192767e-04
6.825718681863446281e-04
6.251484761853442606e-04
5.724728864912720762e-04
5.241614943239313821e-04
4.798607088421474984e-04
4.392447146289549004e-04
4.020133874187458486e-04
3.678903549820483165e-04
3.366211944157981861e-04
3.079717574381647433e-04
2.817266156506349566e-04
2.576876181005616066e-04
2.356725538501416146e-04
2.155139126290614286e-04
1.970577370146766043e-04
1.801625599431646847e-04
1.646984217055747987e-04
1.505459609226155696e-04
