0.000000000000000000e+00
2.141368811103365466e-02
3.875181252203003385e-02
5.259613497997083637e-02
6.345460129859684106e-02
7.177012200190449609e-02
7.792835026119490638e-02
8.226456844916506250e-02
8.506978252729711920e-02
8.659611267174013860e-02
8.706155889094265021e-02
8.665421177277279896e-02
8.553597080990944790e-02
8.384582589157414667e-02
8.170275142919566913e-02
7.920825712460059786e-02
7.644863452133546233e-02
7.349693413970113942e-02
7.041470412761594022e-02
6.725351791207569152e-02
6.405631526462919612e-02
6.085857845859172360e-02
5.768936275961152743e-02
5.457219832243521279e-02
5.152587863647158789e-02
4.856514894526996889e-02
4.570130653729667647e-02
4.294272344684965659e-02
4.029530089623080402e-02
3.776286373699640209e-02
3.534750219458027837e-02
3.304986737375657790e-02
3.086942623060728169e-02
2.880468104946527774e-02
2.685335787142469066e-02
2.501256779615128670e-02
2.327894461349374819e-02
2.164876180919456453e-02
2.011803162394782893e-02
1.868258852190975497e-02
1.733815913886469634e-02
1.608042052742457428e-02
1.490504829318601426e-02
1.380775601838647899e-02
1.278432719535072329e-02
1.183064073828550729e-02
1.094269100643776617e-02
1.011660315220939098e-02
9.348644502678729942e-03
8.635232590480308376e-03
7.972940368683850351e-03
7.358499072901655315e-03
6.788799131190305890e-03
6.260889467381594749e-03
5.771975495373608822e-03
5.319416059834032248e-03
4.900719542003591743e-03
4.513539317206774308e-03
4.155668722721746547e-03
3.825035670336898036e-03
3.519697016789577991e-03
3.237832786956428791e-03
2.977740328801205868e-03
2.737828465382644190e-03
2.516611697414284504e-03
2.312704499713801216e-03
2.124815746173506614e-03
1.951743290442056831e-03
1.792368723168606725e-03
1.645652321282061121e-03
1.510628200234233028e-03
1.386399676316712017e-03
1.272134842969998561e-03
1.167062362355256221e-03
1.070467471279388421e-03
9.816881987877617340e-04
9.001117913089226727e-04
8.251713401021053100e-04
7.563426048777972810e-04
6.931410267962722152e-04
6.351189235657044366e-04
5.818628590317821703e-04
5.329911794496514478e-04
4.881517085351289877e-04
4.470195933868019314e-04
4.092952934379270099e-04
3.747027047230990816e-04
3.429874119177709984e-04
3.139150608187248992e-04
2.872698441719278802e-04
2.628530940136042599e-04
2.404819739645890097e-04
2.199882652019830227e-04
2.012172401214372278e-04
1.840266179944675333e-04
1.682855972151103515e-04
1.538739590165150812e-04
1.406812378188441299e-04
1.286059536435295476e-04
1.175549022943622117e-04
