0.000000000000000000e+00
3.248248043424475928e-02
5.878272745505121188e-02
7.978321700331009181e-02
9.625445343450368674e-02
1.088682889001734988e-01
1.182097217213110979e-01
1.247873426205704794e-01
1.290425793147035871e-01
1.313578735692940425e-01
1.320639101768155965e-01
1.314460042501350012e-01
1.297497415601846227e-01
1.271859562394963838e-01
1.239351208891173867e-01
1.201512158456608942e-01
1.159651369809803351e-01
1.114876948235601489e-01
1.068122519226330364e-01
1.020170401467418303e-01
9.716719494952495706e-02
9.231653948572113300e-02
8.750914776504960246e-02
8.278071274181177108e-02
7.815974231006339590e-02
7.366860356895178763e-02
6.932443340539082288e-02
6.513993138046809961e-02
6.112404907398463760e-02
5.728258841343637775e-02
5.361872006734175189e-02
5.013343169826393886e-02
4.682591473046635727e-02
4.369389727507114879e-02
4.073392995776757564e-02
3.794163059795711140e-02
3.531189298251052183e-02
3.283906435204184820e-02
3.051709566385659919e-02
2.833966820555723284e-02
2.630029969960224340e-02
2.439243265560400720e-02
2.260950738819355807e-02
2.094502181886940054e-02
1.939257991592733057e-02
1.794593039336968981e-02
1.659899708408722405e-02
1.534590222145521335e-02
1.418098370399369264e-02
1.309880727743025289e-02
1.209417444516390841e-02
1.116212680980336117e-02
1.029794745339934932e-02
9.497159880665460505e-03
8.755524976512945798e-03
8.069036365395430843e-03
7.433914504191800957e-03
6.846599791692141619e-03
6.303744935346224099e-03
5.802206779036211265e-03
5.339037763580203877e-03
4.911477163874299577e-03
4.516942222517398089e-03
4.153019278976381908e-03
3.817454975433704802e-03
3.508147605056210951e-03
3.223138655218066827e-03
2.960604586922432890e-03
2.718848882051181932e-03
2.496294381913163885e-03
2.291475933668964907e-03
2.103033355417030254e-03
1.929704725885230364e-03
1.770320000654860637e-03
1.623794953537770463e-03
1.489125439032707105e-03
1.365381969617832135e-03
1.251704599916876994e-03
1.147298108440735062e-03
1.051427466596991690e-03
9.634135839267975263e-04
8.826293180283575641e-04
8.084957373212922410e-04
7.404786246636933106e-04
6.780852098256295651e-04
6.208611189249350079e-04
5.683875291223311867e-04
5.202785171355265616e-04
4.761785904505163409e-04
4.357603904698303401e-04
3.987225572309625529e-04
3.647877457441989668e-04
3.337007844297929112e-04
3.052269665732894191e-04
2.791504661593290559e-04
2.552728698840263746e-04
2.334118175802862600e-04
2.133997437163269342e-04
1.950827130428252646e-04
1.783193438667233155e-04
