0.000000000000000000e+00
2.972999695911596879e-02
5.380162737340685175e-02
7.302258839802940049e-02
8.809809379250070627e-02
9.964306465137015567e-02
1.081929280132031684e-01
1.142131779054200574e-01
1.181078365732822627e-01
1.202269386316295458e-01
1.208731474775682629e-01
1.203076013408308775e-01
1.187550756734584989e-01
1.164085390552902777e-01
1.134331712942906328e-01
1.099699048216678521e-01
1.061385437231980311e-01
1.020405087226325114e-01
9.776125106223101935e-02
9.337237343928733724e-02
8.893349189336229033e-02
8.449386874079746479e-02
8.009384327087780420e-02
7.576608390697051054e-02
7.153668285608250077e-02
6.742611188578645498e-02
6.345005574641629509e-02
5.962013787027981709e-02
5.594455130288051442e-02
5.242860633101005530e-02
4.907520494873266609e-02
4.588525112657670241e-02
4.285800480547434510e-02
3.999138661068183526e-02
3.728223945916862847e-02
3.472655250526877208e-02
3.231965222347636668e-02
3.005636485498024840e-02
2.793115393770890034e-02
2.593823619101832262e-02
2.407167862921836404e-02
2.232547942711965439e-02
2.069363475054866730e-02
1.917019349073866355e-02
1.774930159958204232e-02
1.642523750929160420e-02
1.519243993183557774e-02
1.404552916771000838e-02
1.297932290763521151e-02
1.198884738234129270e-02
1.106934460271925477e-02
1.021627633346826498e-02
9.425325356370589311e-03
8.692394503061204661e-03
8.013603870373453217e-03
7.385286572921165825e-03
6.803983336535764093e-03
6.266436191636978216e-03
5.769581486803821400e-03
5.310542409041224196e-03
4.886621167898976686e-03
4.495290975156266376e-03
4.134187929760760674e-03
3.801102898685962666e-03
3.493973467973088710e-03
3.210876024125775691e-03
2.950018013938972370e-03
2.709730420511687575e-03
2.488460484392711336e-03
2.284764691340979582e-03
2.097302041873752403e-03
1.924827612473599663e-03
1.766186413894579952e-03
1.620307548331319453e-03
1.486198664188565248e-03
1.362940704722507548e-03
1.249682944839853715e-03
1.145638308766842644e-03
1.050078960077902458e-03
9.623321546498873934e-04
8.817763464368468971e-04
8.078375355025372217e-04
7.399858474687050994e-04
6.777323334068168122e-04
6.206259791935191030e-04
5.682509134435448318e-04
5.202238033087955640e-04
4.761914276726696258e-04
4.358284175602901390e-04
3.988351539161778163e-04
3.649358132610562512e-04
3.338765521202094553e-04
3.054238215100467087e-04
2.793628031711942248e-04
2.554959596405469917e-04
2.336416906572167827e-04
2.136330887947777296e-04
1.953167876020314839e-04
1.785518959144764687e-04
1.632090123671770410e-04
