0.000000000000000000e+00
1.648362498999971296e-02
2.983000135164872585e-02
4.048695210455252602e-02
4.884547894190515577e-02
5.524652131065411337e-02
5.998694363784106559e-02
6.332483639665485720e-02
6.548420738594142032e-02
6.665913127487986534e-02
6.701741803475820547e-02
6.670385424780787831e-02
6.584306536432740775e-02
6.454204169815017100e-02
6.289236623914831736e-02
6.097217815928884094e-02
5.884790214152472998e-02
5.657577031998067829e-02
5.420316064206367329e-02
5.176977280946174625e-02
4.930866059075957736e-02
4.684713719254208347e-02
4.440756850061310795e-02
4.200806733350202771e-02
3.966310036458439714e-02
3.738401804707466858e-02
3.517951670014574789e-02
3.305604086866328895e-02
3.101813313935513142e-02
2.906873777004221476e-02
2.720946375456143040e-02
2.544081229414773410e-02
2.376237306732813942e-02
2.217299317679367540e-02
2.067092219610435974e-02
1.925393633506131824e-02
1.791944438445836410e-02
1.666457778362428685e-02
1.548626687316141844e-02
1.438130514654106275e-02
1.334640309413689767e-02
1.237823303866011568e-02
1.147346618895225823e-02
1.062880298715193281e-02
9.840997690119245370e-03
9.106878007662282809e-03
8.423360515773191046e-03
7.787462471153880003e-03
7.196310572375292161e-03
6.647147141811543362e-03
6.137334139899863761e-03
5.664355368306355290e-03
5.225817170341479426e-03
4.819447894684762181e-03
4.443096351449278211e-03
4.094729457225364418e-03
3.772429237443067265e-03
3.474389329697980758e-03
3.198911110166057729e-03
2.944399546508670671e-03
2.709358864402531576e-03
2.492388100722138858e-03
2.292176604191150172e-03
2.107499533770667947e-03
1.937213395960929972e-03
1.780251654376366951e-03
1.635620438252466825e-03
1.502394370814528601e-03
1.379712533558974082e-03
1.266774578357609876e-03
1.162836995797513016e-03
1.067209545229457672e-03
9.792518495412710910e-04
8.983701556339983166e-04
8.240142599009294203e-04
7.556745966421312246e-04
6.928794862463777751e-04
6.351925390997977070e-04
5.822102105027499941e-04
5.335595013642691845e-04
4.888957990713919954e-04
4.479008526768905115e-04
4.102808763941415658e-04
3.757647753155912988e-04
3.441024872671743021e-04
3.150634347628505330e-04
2.884350811204571116e-04
2.640215849333292833e-04
2.416425472538106828e-04
2.211318460282337783e-04
2.023365525226306029e-04
1.851159246895286070e-04
1.693404726447681602e-04
1.548910916459776633e-04
1.416582581884027775e-04
1.295412850569494249e-04
1.184476313936743091e-04
1.082922640560891002e-04
9.899706675231386896e-05
9.049029364343291585e-05
