0.000000000000000000e+00
1.666408425338622434e-02
3.015657393953536519e-02
4.093019475038953137e-02
4.938022898353526535e-02
5.585134861935812239e-02
6.064366809427951949e-02
6.401810340176716796e-02
6.620111473098752586e-02
6.738890143982521896e-02
6.775111064787912862e-02
6.743411403046510599e-02
6.656390141112929204e-02
6.524863441118360086e-02
6.358089865183283451e-02
6.163968875628261790e-02
5.949215661095991897e-02
5.719514996758016251e-02
5.479656545736501932e-02
5.233653740599620435e-02
4.984848144777265927e-02
4.736000980852683728e-02
4.489373323108158259e-02
4.246796282929823918e-02
4.009732365465320386e-02
3.779329042273814332e-02
3.556465465820128624e-02
3.341793145943153936e-02
3.135771314444191216e-02
2.938697620416941270e-02
2.750734724737741860e-02
2.571933296234672414e-02
2.402251853549105740e-02
2.241573844782391439e-02
2.089722310960438756e-02
1.946472438504570288e-02
1.811562269692765931e-02
1.684701808017947250e-02
1.565580726941728090e-02
1.453874865395256288e-02
1.349251671129868962e-02
1.251374733345500014e-02
1.159907528635677199e-02
1.074516488927633809e-02
9.948734865359805390e-03
9.206578194848690985e-03
8.515577697056896447e-03
7.872717974239341540e-03
7.275094268666565736e-03
6.719918712237392400e-03
6.204524384686136568e-03
5.726367540868162326e-03
5.283028318843373088e-03
4.872210197729882029e-03
4.491738436865820756e-03
4.139557695071483315e-03
3.813729000194265254e-03
3.512426214153652193e-03
3.233932116948831821e-03
2.976634214162228453e-03
2.739020356047507446e-03
2.519674242029192653e-03
2.317270872096120760e-03
2.130571995907024323e-03
1.958421601235538906e-03
1.799741475479812091e-03
1.653526867187002109e-03
1.518842268751888214e-03
1.394817336515983717e-03
1.280642960307930853e-03
1.175567490929955734e-03
1.078893131123215840e-03
9.899724930614495124e-04
9.082053233615151183e-04
8.330353949032067969e-04
7.639475633683621156e-04
7.004649852964654365e-04
6.421464935718327249e-04
5.885841255722308509e-04
5.394007986910090468e-04
4.942481275687161989e-04
4.528043771136146516e-04
4.147725452340100057e-04
3.798785691322540715e-04
3.478696490061348036e-04
3.185126830557364458e-04
2.915928077919510285e-04
2.669120377775375630e-04
2.442879990950602514e-04
2.235527510215082380e-04
2.045516905912624528e-04
1.871425349424827851e-04
1.711943765629619929e-04
1.565868067766314306e-04
1.432091030384162770e-04
1.309594758307446971e-04
1.197443711778023044e-04
1.094778250121212235e-04
1.000808658410692832e-04
9.148096236735922245e-05
