0.000000000000000000e+00
3.170683950381672500e-02
5.737906958142818814e-02
7.787809375404773637e-02
9.395601769863325126e-02
1.062686505792152653e-01
1.153870216899152840e-01
1.218075772442225591e-01
1.259612042181463276e-01
1.282212121471287269e-01
1.289103894851655330e-01
1.283072383777437986e-01
1.266514803153186153e-01
1.241489149755238136e-01
1.209757054998356757e-01
1.172821553673749490e-01
1.131960348205949818e-01
1.088255083714117222e-01
1.042617091883706049e-01
9.958100106102250881e-02
9.484696408999133965e-02
9.011213620052398177e-02
8.541953897021478670e-02
8.080401305034168313e-02
7.629338560217233112e-02
7.190948962655362153e-02
6.766905280301337144e-02
6.358447144303368270e-02
5.966448337390676399e-02
5.591475198037005462e-02
5.233837221935080247e-02
4.893630816926777816e-02
4.570777056215979267e-02
4.265054175900859224e-02
3.976125475223973166e-02
3.703563200223624480e-02
3.446868922584006567e-02
3.205490864447615995e-02
2.978838565900978480e-02
2.766295243997776016e-02
2.567228149850361851e-02
2.380997192885329558e-02
2.206962068272479496e-02
2.044488094310376383e-02
1.892950940750851366e-02
1.751740406281781376e-02
1.620263383317919331e-02
1.497946130566977542e-02
1.384235958269800469e-02
1.278602417317407751e-02
1.180538071408183780e-02
1.089558920834654381e-02
1.005204537210900410e-02
9.270379603180951833e-03
8.546454011230109060e-03
7.876357887937940686e-03
7.256401940937090393e-03
6.683111567834154956e-03
6.153219405230665566e-03
5.663657351638329458e-03
5.211548231895058586e-03
4.794197243553089197e-03
4.409083302221721012e-03
4.053850382556920505e-03
3.726298934102239419e-03
3.424377436150144362e-03
3.146174142902182121e-03
2.889909059187762731e-03
2.653926177615588931e-03
2.436686000067788196e-03
2.236758359718834729e-03
2.052815554106599515e-03
1.883625795057674527e-03
1.728046977347943687e-03
1.585020764752034404e-03
1.453566989505013620e-03
1.332778359082365362e-03
1.221815462525847277e-03
1.119902067239056213e-03
1.026320696191333152e-03
9.404084747530478544e-04
8.615532358971164390e-04
7.891898722038653748e-04
7.227969229673316277e-04
6.618933846932065299e-04
6.060357333782747692e-04
5.548151471478513647e-04
5.078549180840429998e-04
4.648080423886273701e-04
4.253549783772435540e-04
3.892015621856696425e-04
3.560770714750172020e-04
3.257324278431199456e-04
2.979385290777636212e-04
2.724847028183935730e-04
2.491772736221984697e-04
2.278382358543658867e-04
2.083040252380442695e-04
1.904243823047749057e-04
1.740613013791709812e-04
