0.000000000000000000e+00
4.624707662903233818e-02
8.369217081744959041e-02
1.135917116284283768e-01
1.370427080802032183e-01
1.550017126749334839e-01
1.683016193855262077e-01
1.776665365254153639e-01
1.837249487783409463e-01
1.870213593165558352e-01
1.880265820906309171e-01
1.871468357671141614e-01
1.847317741844894667e-01
1.810815733808200101e-01
1.764531820280818564e-01
1.710658303184129925e-01
1.651058818341230583e-01
1.587311035601717824e-01
1.520744208431128730e-01
1.452472166552737087e-01
1.383422278897552538e-01
1.314360855035638653e-01
1.245915400649316024e-01
1.178594095769981698e-01
1.112802822812803544e-01
1.048860034351109111e-01
9.870097175779000975e-02
9.274326830614959549e-02
8.702563793192125141e-02
8.155634115529659944e-02
7.633989222974323086e-02
7.137769734424774526e-02
6.666860528549295450e-02
6.220938144153970867e-02
5.799511475030350027e-02
5.401956606258041110e-02
5.027546538461644121e-02
4.675476457498294741e-02
4.344885128212041397e-02
4.034872921102491267e-02
3.744516919008809147e-02
3.472883496307593160e-02
3.219038714863992762e-02
2.982056838346646907e-02
2.761027228884336063e-02
2.555059856840471988e-02
2.363289625208434691e-02
2.184879684339223124e-02
2.019023890005165051e-02
1.864948537826551650e-02
1.721913489527464661e-02
1.589212791064226193e-02
1.466174869136594935e-02
1.352162380728358544e-02
1.246571779934993116e-02
1.148832657248293268e-02
1.058406898527934799e-02
9.747877039614549766e-03
8.974985012766608511e-03
8.260917822171160579e-03
7.601478867275183147e-03
6.992737553378853763e-03
6.431016668094259939e-03
5.912879751454701641e-03
5.435118575200893927e-03
4.994740824840062689e-03
4.588958059271804231e-03
4.215174006702971862e-03
3.870973241883934532e-03
3.554110278082438668e-03
3.262499097398009664e-03
2.994203134771895002e-03
2.747425724155448234e-03
2.520501009580535662e-03
2.311885319168154214e-03
2.120148996275020899e-03
1.943968678889566870e-03
1.782120015940648642e-03
1.633470807280613599e-03
1.496974552667378316e-03
1.371664394026417049e-03
1.256647434561506630e-03
1.151099417848788385e-03
1.054259749845933057e-03
9.654268467366966229e-04
8.839537916764954491e-04
8.092442837768764339e-04
7.407488630406206887e-04
6.779613954128025808e-04
6.204158026278469183e-04
5.676830220928537297e-04
5.193681826397190818e-04
4.751079825918366750e-04
4.345682572159829189e-04
3.974417232586182572e-04
3.634458888919533709e-04
3.323211180134187041e-04
3.038288384485653159e-04
2.777498841984859536e-04
2.538829624460871076e-04
