0.000000000000000000e+00
2.719893941033579496e-02
4.922123621872949439e-02
6.680582443903988754e-02
8.059787959357926634e-02
9.115997158828426095e-02
9.898194398420949447e-02
1.044896610646607604e-01
1.080527487190859198e-01
1.099914414329993123e-01
1.105826354136539569e-01
1.100652369380327594e-01
1.086448852434825640e-01
1.064981205670697123e-01
1.037760601657119475e-01
1.006076382153077153e-01
9.710245930393063274e-02
9.335330972160482688e-02
8.943836583558512077e-02
8.542313446136122479e-02
8.136215623848072620e-02
7.730049954549850222e-02
7.327506939409771103e-02
6.931575298773208493e-02
6.544642117840471229e-02
6.168580287371008136e-02
5.804824750579192644e-02
5.454438894829359563e-02
5.118172273337211198e-02
4.796510705757881660e-02
4.489719685427379786e-02
4.197881913462908621e-02
3.920929684436265383e-02
3.658672763589792404e-02
3.410822320385836076e-02
3.177011416514910480e-02
2.956812487395549943e-02
2.749752203842346573e-02
2.555324054211058002e-02
2.372998946285342914e-02
2.202234091855264503e-02
2.042480404824709855e-02
1.893188615302599312e-02
1.753814277061798918e-02
1.623821823617042220e-02
1.502687808646453911e-02
1.389903449265099053e-02
1.284976575490400820e-02
1.187433075884346788e-02
1.096817917608559033e-02
1.012695808800516926e-02
9.346515621087150144e-03
8.622902102652896597e-03
7.952369175974775481e-03
7.331367252692821621e-03
6.756541626999959353e-03
6.224727529365797936e-03
5.732944356821005269e-03
5.278389281316579924e-03
4.858430406776131395e-03
4.470599618618351437e-03
4.112585246249559137e-03
3.782224638876925584e-03
3.477496737587472062e-03
3.196514711636441741e-03
2.937518713990938928e-03
2.698868800116793667e-03
2.479038044544511123e-03
2.276605881698846000e-03
2.090251690644832124e-03
1.918748637631679296e-03
1.760957785465158253e-03
1.615822474685694446e-03
1.482362978165731662e-03
1.359671427971406374e-03
1.246907011077277774e-03
1.143291428706553602e-03
1.048104612629448479e-03
9.606806906339004351e-04
8.804041925377474598e-04
8.067064874976096877e-04
7.390624429509479133e-04
6.769872952723562497e-04
6.200337221058914439e-04
5.677891063284787581e-04
5.198729816849106608e-04
4.759346502950707360e-04
4.356509624538948931e-04
3.987242494113374348e-04
3.648804001223361322e-04
3.338670732862475204e-04
3.054520363435457965e-04
2.794216234582484813e-04
2.555793048820014543e-04
2.337443604654668866e-04
2.137506504508912737e-04
1.954454770433594417e-04
1.786885306148731467e-04
1.633509147430076179e-04
1.493142446230371863e-04
