0.000000000000000000e+00
2.811534647012163199e-02
5.087963501442258063e-02
6.905669636559319535e-02
8.331344378338211010e-02
9.423140170079939704e-02
1.023169178554328013e-01
1.080102050693250437e-01
1.116933429445286646e-01
1.136973555469488195e-01
1.143084684784640565e-01
1.137736374254681299e-01
1.123054301766763519e-01
1.100863350951883785e-01
1.072725609938464247e-01
1.039973861954753553e-01
1.003741081681092800e-01
9.649863942702500974e-02
9.245179031625780364e-02
8.830127475604045151e-02
8.410347101004157777e-02
7.990496593441760720e-02
7.574390797217590843e-02
7.165119130883773613e-02
6.765149107104972970e-02
6.376416719480357265e-02
6.000405258406966980e-02
5.638213939693521859e-02
5.290617571064665237e-02
4.958118340775610755e-02
4.640990687362903794e-02
4.339320098371795414e-02
4.053036587192033330e-02
3.781943509533869374e-02
3.525742303364617219e-02
3.284053667214145017e-02
3.056435630674530710e-02
2.842398916798559091e-02
2.641419948171897999e-02
2.452951806006552216e-02
2.276433414065244173e-02
2.111297186031418568e-02
1.956975345600994384e-02
1.812905102656339404e-02
1.678532846004609710e-02
1.553317492977984368e-02
1.436733118397094840e-02
1.328270969719293031e-02
1.227440961388518922e-02
1.133772729258829791e-02
1.046816315287900888e-02
9.661425433206810229e-03
8.913431385559802272e-03
8.220306360765048184e-03
7.578381175070152305e-03
6.984188093404702924e-03
6.434455716450415003e-03
5.926103016527924268e-03
5.456232730604100752e-03
5.022124286786612025e-03
4.621226412927136040e-03
4.251149551893109411e-03
3.909658187239683710e-03
3.594663165021637959e-03
3.304214081978057785e-03
3.036491796990320197e-03
2.789801111283416249e-03
2.562563653070076223e-03
2.353310994014584569e-03
2.160678017831262586e-03
1.983396555366734489e-03
1.820289295500871927e-03
1.670263977011329217e-03
1.532307863069590085e-03
1.405482497174663416e-03
1.288918736998232416e-03
1.181812060737565118e-03
1.083418139084187147e-03
9.930486647602111347e-04
9.100674307006314905e-04
8.338866473253461493e-04
7.639634889117858296e-04
6.997968588150123032e-04
6.409243631588733801e-04
5.869194826148123540e-04
5.373889319732856260e-04
4.919701973782546851e-04
4.503292413225015505e-04
4.121583657772684797e-04
3.771742241426405146e-04
3.451159730456729584e-04
3.157435553733214440e-04
2.888361063000556691e-04
2.641904744498861472e-04
2.416198507147035890e-04
2.209524976314682673e-04
2.020305725966692594e-04
1.847090385651206841e-04
1.688546562394896899e-04
1.543450521054474391e-04
