0.000000000000000000e+00
2.803090444299565637e-02
5.072682240282579830e-02
6.884929051221236329e-02
8.306321901423723009e-02
9.394838578324728184e-02
1.020096177849116742e-01
1.076858056998903218e-01
1.113578815869837452e-01
1.133558753097605731e-01
1.139651528160999239e-01
1.134319280822127657e-01
1.119681304677273281e-01
1.097557002476261812e-01
1.069503770750054594e-01
1.036850389827002478e-01
1.000726431595352489e-01
9.620881405578954326e-02
9.217411930857427604e-02
8.803606946518154064e-02
8.385087346200974234e-02
7.966497823559608171e-02
7.551641765337756274e-02
7.143599311284400122e-02
6.744830563101950061e-02
6.357265699799163894e-02
5.982383556837836402e-02
5.621280048626463299e-02
5.274727655821268013e-02
4.943227058398191875e-02
4.627051870641219616e-02
4.326287323341105467e-02
4.040863640086368030e-02
3.770584767191485775e-02
3.515153039329180218e-02
3.274190294228692538e-02
3.047255888902239765e-02
2.833862015903874584e-02
2.633486670339036870e-02
2.445584576043313696e-02
2.269596341923691210e-02
2.104956086360343023e-02
1.951097738316527261e-02
1.807460197966368615e-02
1.673491516840667701e-02
1.548652237366900629e-02
1.432418013936781649e-02
1.324281622002206407e-02
1.223754447936968581e-02
1.130367540293418863e-02
1.043672292439546713e-02
9.632408172140033420e-03
8.886660660338798617e-03
8.195617376994665179e-03
7.555620158433337501e-03
6.963211684628701353e-03
6.415130381629206326e-03
5.908304475357365956e-03
5.439845404460604342e-03
5.007040768050482517e-03
4.607346956505342823e-03
4.238381589522131031e-03
3.897915864837538883e-03
3.583866903100695143e-03
3.294290158919277976e-03
3.027371954808693970e-03
2.781422183377782117e-03
2.554867213343304990e-03
2.346243026667868461e-03
2.154188607075250769e-03
1.977439594249153030e-03
1.814822213022227902e-03
1.665247482684851198e-03
1.527705708076544959e-03
1.401261251269775602e-03
1.285047580330522668e-03
1.178262589768154902e-03
1.080164185803314785e-03
9.900661284298760585e-04
9.073341213760832127e-04
8.313821404373280839e-04
7.616689902214531871e-04
6.976950790842333236e-04
6.389994019097893158e-04
5.851567203837158750e-04
5.357749304948009311e-04
4.904926071662210878e-04
4.489767161437069635e-04
4.109204835430891440e-04
3.760414137716170942e-04
3.440794468770020471e-04
3.147952467371102733e-04
2.879686118749355843e-04
2.633970010621891947e-04
2.408941662558651824e-04
2.202888857916363995e-04
2.014237911326878972e-04
1.841542808401357189e-04
1.683475157894271529e-04
1.538814900045678180e-04
