0.000000000000000000e+00
3.425691804108169786e-02
6.199388254032369566e-02
8.414157691771657899e-02
1.015125962769343471e-01
1.148154943916850357e-01
1.246672265950733993e-01
1.316041666636551255e-01
1.360918564191037627e-01
1.385336294752302078e-01
1.392782351172417721e-01
1.386265745172994002e-01
1.368376491898938840e-01
1.341338106150185006e-01
1.307053901657729278e-01
1.267147797439078794e-01
1.223000257391710921e-01
1.175779919852856514e-01
1.126471411967491509e-01
1.075899788556874820e-01
1.024751986045513152e-01
9.735956382396759867e-02
9.228955617785204735e-02
8.730281843836375233e-02
8.242941581533692885e-02
7.769293726725205740e-02
7.311145582679133559e-02
6.869836480067027795e-02
6.446310477136542316e-02
6.041179461132896444e-02
5.654777819486235535e-02
5.287209713809302297e-02
4.938389869479076211e-02
4.608078686840459681e-02
4.295912385383234000e-02
4.001428808278244958e-02
3.724089440232542653e-02
3.463298125680411982e-02
3.218416915927535538e-02
2.988779422170366809e-02
2.773702005575017643e-02
2.572493095153802201e-02
2.384460888430259620e-02
2.208919658306752326e-02
2.045194861672809672e-02
1.892627220698628668e-02
1.750575926074443220e-02
1.618421092351741628e-02
1.495565578721858545e-02
1.381436273769853958e-02
1.275484929733807990e-02
1.177188620375397947e-02
1.086049886543000338e-02
1.001596624720849787e-02
9.233817661622845119e-03
8.509827874734652089e-03
7.840010876325433781e-03
7.220612612970793431e-03
6.648102937803258145e-03
6.119166991856407438e-03
5.630696198076836322e-03
5.179779019772947843e-03
4.763691609891602952e-03
4.379888455591522158e-03
4.025993103688067093e-03
3.699789036299372998e-03
3.399210752096457327e-03
3.122335096655017277e-03
2.867372875266060127e-03
2.632660772958001199e-03
2.416653599213783137e-03
2.217916868757048836e-03
2.035119724676141741e-03
1.867028205918206925e-03
1.712498857698728895e-03
1.570472680530049471e-03
1.439969411284778948e-03
1.320082127896597375e-03
1.209972167892299152e-03
1.108864349884515661e-03
1.016042486381395866e-03
9.308451757420812839e-04
8.526618607851211337e-04
7.809291414067722273e-04
7.151273285576095848e-04
6.547772270335330824e-04
5.994371347389178045e-04
5.487000463565938580e-04
5.021910496953223236e-04
4.595649033667098668e-04
4.205037848584845415e-04
3.847151985097632524e-04
3.519300333482023192e-04
3.219007612117498474e-04
2.943997660433664201e-04
2.692177957108689746e-04
2.461625281620427662e-04
2.250572441743402220e-04
2.057395993963078730e-04
1.880604888025028804e-04
