0.000000000000000000e+00
2.381421910613737425e-02
4.309599305707991629e-02
5.849230062819575637e-02
7.056802970053303870e-02
7.981574223764402454e-02
8.666432414992020217e-02
9.148664384958611617e-02
9.460632983501131299e-02
9.630376561999128004e-02
9.682138958970346043e-02
9.636837778370110907e-02
9.512477905540149548e-02
9.324516442770816593e-02
9.086184565780641709e-02
8.808771195320509728e-02
8.501872836739565731e-02
8.173613457694581252e-02
7.830837843971651113e-02
7.479281490008567179e-02
7.123719739140522977e-02
6.768098584354494129e-02
6.415649269417304790e-02
6.068988589053108534e-02
5.730206572182799246e-02
5.400943041236012238e-02
5.082454370646927178e-02
4.775671616561041194e-02
4.481251055469180622e-02
4.199618050123139074e-02
3.931005055045481977e-02
3.675484479770114304e-02
3.432997044342123855e-02
3.203376187406595244e-02
2.986369021393006640e-02
2.781654270932171907e-02
2.588857578904079498e-02
2.407564518673903364e-02
2.237331610475987512e-02
2.077695603968941415e-02
1.928181257189662268e-02
1.788307814017344247e-02
1.657594357408229135e-02
1.535564193710815123e-02
1.421748403992874159e-02
1.315688681214878530e-02
1.216939557010709126e-02
1.125070108555555753e-02
1.039665224307927127e-02
9.603264971259068208e-03
8.866728042152277264e-03
8.183406254249863190e-03
7.549841444380552165e-03
6.962751712943294341e-03
6.419029193353086721e-03
5.915736649789038980e-03
5.450103146448097118e-03
5.019518995830716222e-03
4.621530162495704822e-03
4.253832271670129027e-03
3.914264348599363549e-03
3.600802394141801397e-03
3.311552884470888181e-03
3.044746267507625510e-03
2.798730515572038762e-03
2.571964782449414223e-03
2.363013203385268008e-03
2.170538868247160001e-03
1.993297991042071969e-03
1.830134292996520680e-03
1.679973611353372627e-03
1.541818741792182071e-03
1.414744518830896979e-03
1.297893135621689276e-03
1.190469702129683159e-03
1.091738038707831945e-03
1.001016700490916980e-03
9.176752267710122993e-04
8.411306085375272728e-04
7.708439666249849217e-04
7.063174323742269509e-04
6.470912223460751744e-04
5.927408984028532165e-04
5.428748043687523167e-04
4.971316704741095488e-04
4.551783768635027372e-04
4.167078675877587896e-04
3.814372066924867893e-04
3.491057682493116051e-04
3.194735524410327750e-04
2.923196201004134320e-04
2.674406384072764526e-04
2.446495307643759671e-04
2.237742241942486583e-04
2.046564879229553758e-04
1.871508571390307003e-04
1.711236362343380492e-04
1.564519761457783004e-04
1.430230207211569571e-04
1.307331173276988362e-04
