0.000000000000000000e+00
3.244771895866727096e-02
5.871982048743390470e-02
7.969783613607711592e-02
9.615144569656133844e-02
1.087517823306266562e-01
1.180832183170235222e-01
1.246538001045774113e-01
1.289044830114245144e-01
1.312172995289822841e-01
1.319225805638394033e-01
1.313053358958278516e-01
1.296108884796275396e-01
1.270498468213573096e-01
1.238024903873704147e-01
1.200226347305678176e-01
1.158410356431787275e-01
1.113683850686094934e-01
1.066979456431572104e-01
1.019078655146897217e-01
9.706321043143964489e-02
9.221774594871809394e-02
8.741549890996910821e-02
8.269212407229538375e-02
7.807609882172344973e-02
7.358976632100905357e-02
6.925024511784230730e-02
6.507022118273904365e-02
6.105863651587092877e-02
5.722128683573882851e-02
5.356133941773618540e-02
5.007978086746846941e-02
4.677580347450510656e-02
4.364713778125455662e-02
4.069033810479106422e-02
3.790102695415377421e-02
3.527410358068231583e-02
3.280392127435195759e-02
3.048443746591625314e-02
2.830934020501565604e-02
2.627215415118764122e-02
2.436632883161341662e-02
2.258531158084181936e-02
2.092260727864054051e-02
1.937182673808746092e-02
1.792672536306582146e-02
1.658123348894191551e-02
1.532947963924615083e-02
1.416580777185732012e-02
1.308478944802863621e-02
1.208123173438612440e-02
1.115018153982075440e-02
1.028692699424370652e-02
9.486996392938113615e-03
8.746155157349805309e-03
8.060401199398260080e-03
7.425959020681060369e-03
6.839272829333786080e-03
6.296998914947309588e-03
5.795997485086098674e-03
5.333324134930394513e-03
4.906221093795938570e-03
4.512108368247222563e-03
4.148574880755894791e-03
3.813369684959495853e-03
3.504393323189028669e-03
3.219689378741997371e-03
2.957436264101420340e-03
2.715939276696269743e-03
2.493622945648721247e-03
2.289023686068419796e-03
2.100782771667092895e-03
1.927639631631224192e-03
1.768425473677720430e-03
1.622057231914739899e-03
1.487531835438131488e-03
1.363920791427118088e-03
1.250365074785219710e-03
1.146070315038153018e-03
1.050302270192253039e-03
9.623825765246230880e-04
8.816847627766511786e-04
8.076305169178107923e-04
7.396861935044102276e-04
6.773595496498764938e-04
6.201966977251374821e-04
5.677792630986778534e-04
5.197217354881548696e-04
4.756690028136985088e-04
4.352940568041604118e-04
3.982958600006376057e-04
3.643973642171378143e-04
3.333436709485233535e-04
3.049003246542523050e-04
2.788517302874954514e-04
2.549996868784972252e-04
2.331620294148553727e-04
2.131713716868431239e-04
1.948739431805988920e-04
1.781285135042032968e-04
