0.000000000000000000e+00
3.241359975843683544e-02
5.865807582934998154e-02
7.961403282057985531e-02
9.605034119573815921e-02
1.086374284112808231e-01
1.179590522708757055e-01
1.245227250058726087e-01
1.287689382641321045e-01
1.310793228249178266e-01
1.317838622475562826e-01
1.311672666203739512e-01
1.294746009377601426e-01
1.269162522482390476e-01
1.236723104519507760e-01
1.198964293627336891e-01
1.157192272813938605e-01
1.112512797573135953e-01
1.065857513599099693e-01
1.018007080632527955e-01
9.696114719809069415e-02
9.212077778455124433e-02
8.732358037127761763e-02
8.260517222392980974e-02
7.799400078419103932e-02
7.351238572068963251e-02
6.917742758073923415e-02
6.500179899539203221e-02
6.099443256218974041e-02
5.716111790535950699e-02
5.350501896986334383e-02
5.002712132387805016e-02
4.672661810629111234e-02
4.360124224587528380e-02
4.064755168288541193e-02
3.786117352934954133e-02
3.523701240011114372e-02
3.276942752273481752e-02
3.045238268181458055e-02
2.827957256408912545e-02
2.624452863800099539e-02
2.434070731863909737e-02
2.256156283076557467e-02
2.090060688385186188e-02
1.935145700928932525e-02
1.790787517723557709e-02
1.656379810538852887e-02
1.531336049121278381e-02
1.415091223998928525e-02
1.307103062104547804e-02
1.206852816144465129e-02
1.113845697831775637e-02
1.027611015616890743e-02
9.477020692337143407e-03
8.736958460982944055e-03
8.051925582273669960e-03
7.418150527792780925e-03
6.832081244637435574e-03
6.290377538353669577e-03
5.789902918038699296e-03
5.327716074952887348e-03
4.901062138243861971e-03
4.507363827372908374e-03
4.144212600091180289e-03
3.809359876935715893e-03
3.500708407844674210e-03
3.216303833313271035e-03
2.954326481247587961e-03
2.713083431078482186e-03
2.491000868556332050e-03
2.286616747769408022e-03
2.098573771147873700e-03
1.925612693384886123e-03
1.766565951197700355e-03
1.620351617552404522e-03
1.485967676287002241e-03
1.362486610903043856e-03
1.249050299580155635e-03
1.144865207134982462e-03
1.049197863638904075e-03
9.613706186773378955e-04
8.807576597343811904e-04
8.067812828821599837e-04
7.389084038121357823e-04
6.766472972375591659e-04
6.195445527981275615e-04
5.671822357887141338e-04
5.191752412960725076e-04
4.751688306453224781e-04
4.348363394187830327e-04
3.978770467023706888e-04
3.640141956298788479e-04
3.329931557252766559e-04
3.045797179810850390e-04
2.785585140514819759e-04
2.547315513776200052e-04
2.329168564959862805e-04
2.129472192056395673e-04
1.946690306844217893e-04
1.779412090460149643e-04
