0.000000000000000000e+00
2.183937493414300464e-04
3.952216725385841929e-04
5.364170365974991984e-04
6.471602751805092700e-04
7.319685405622162414e-04
7.947750291910384273e-04
8.389992162214524127e-04
8.676090109028716845e-04
8.831757344513481954e-04
8.879227235921889616e-04
8.837682750936746729e-04
8.723635681940226710e-04
8.551261318527592862e-04
8.332693613361687570e-04
8.078285329713129348e-04
7.796837162555090954e-04
7.495799382451487835e-04
7.181449156940766495e-04
6.859046352529624135e-04
6.532970307170391042e-04
6.206839784087928068e-04
5.883618069368279314e-04
5.565704954533132968e-04
5.255017148462304364e-04
4.953058487863877752e-04
4.660981159681439100e-04
4.379639010272729015e-04
4.109633893021213307e-04
3.851355896578468468e-04
3.605018198687203823e-04
3.370687204168533891e-04
3.148308548982404077e-04
2.937729484224331782e-04
2.738718093557099688e-04
2.550979744046765483e-04
2.374171122924317217e-04
2.207912170754661846e-04
2.051796184263814159e-04
1.905398329118600741e-04
1.768282773794570717e-04
1.640008629882687115e-04
1.520134861395833919e-04
1.408224305505473642e-04
1.303846929367404755e-04
1.206582432016619705e-04
1.116022286487543421e-04
1.031771305136324450e-04
9.534488004185296295e-05
8.806894039418561575e-05
8.131435983207933589e-05
7.504780090769968648e-05
6.923754974382720351e-05
6.385350892867436322e-05
5.886717706007777844e-05
5.425161754436768605e-05
4.998141888026764508e-05
4.603264833099148185e-05
4.238280060259571534e-05
3.901074289856469428e-05
3.589665750508670911e-05
3.302198287457418360e-05
3.036935401319276021e-05
2.792254283840632051e-05
2.566639905209097724e-05
2.358679197120858170e-05
2.167055366924089453e-05
1.990542370568995571e-05
1.827999565630212799e-05
1.678366560181810928e-05
1.540658268670961719e-05
1.413960182041412578e-05
1.297423856103218707e-05
1.190262619444342950e-05
1.091747499956747620e-05
1.001203367237916687e-05
9.180052866703373947e-06
8.415750798253881601e-06
7.713780849400469594e-06
7.069201105362481076e-06
6.477445747598117970e-06
5.934298226796246762e-06
5.435866135826591917e-06
4.978557702046669135e-06
4.559059818309491265e-06
4.174317532702445760e-06
3.821514918333339518e-06
3.498057246245178067e-06
3.201554386683138742e-06
2.929805366367936792e-06
2.680784012075322242e-06
2.452625613618297292e-06
2.243614542224636549e-06
2.052172763252890583e-06
1.876849185158643325e-06
1.716309789579521331e-06
1.569328490327214928e-06
1.434778671938343136e-06
1.311625361227174296e-06
1.198917987990251602e-06
