0.000000000000000000e+00
2.237702407069330421e-02
4.049513736690929511e-02
5.496227330712857850e-02
6.630922862481195001e-02
7.499883902603872443e-02
8.143410703201853229e-02
8.596539833806822462e-02
8.889681036874333420e-02
9.049180541139681400e-02
9.097819062428973147e-02
9.055251821227222608e-02
8.938397102819629902e-02
8.761779168886700553e-02
8.537830689851827470e-02
8.277159296821824663e-02
7.988782343262504360e-02
7.680333513024464875e-02
7.358244507084821251e-02
7.027904681127239428e-02
6.693801185130532350e-02
6.359641870259534480e-02
6.028462973781827799e-02
5.702723366100409530e-02
5.384386942284136862e-02
5.074994561003036420e-02
4.775726774129505914e-02
4.487458448300411795e-02
4.210806253529864734e-02
3.946169881804121454e-02
3.693767758947837099e-02
3.453667924558528196e-02
3.225814676243767692e-02
3.010051504674755851e-02
2.806140784119257048e-02
2.613780628269868692e-02
2.432619272567433655e-02
2.262267301144831738e-02
2.102307998368988656e-02
1.952306071191082376e-02
1.811814958638428147e-02
1.680382918361656569e-02
1.557558056800192360e-02
1.442892448902769083e-02
1.335945475130827925e-02
1.236286487407706539e-02
1.143496901512484204e-02
1.057171800937908683e-02
9.769211262445095037e-03
9.023705142770278159e-03
8.331618431124562102e-03
7.689535311465147890e-03
7.094206321771925547e-03
6.542547626037381776e-03
6.031638918327019219e-03
5.558720225854307112e-03
5.121187839596207797e-03
4.716589567451269331e-03
4.342619475729492078e-03
3.997112259344363407e-03
3.678037358994951274e-03
3.383492924475336224e-03
3.111699706671517199e-03
2.860994946486099082e-03
2.629826316589116073e-03
2.416745961282162902e-03
2.220404670665467647e-03
2.039546217521138408e-03
1.873001878701860846e-03
1.719685157193757020e-03
1.578586716273875376e-03
1.448769533191961211e-03
1.329364276471345580e-03
1.219564908156456308e-03
1.118624510056749795e-03
1.025851331180564459e-03
9.406050520580956382e-04
8.622932604681404160e-04
7.903681321631231705e-04
7.243233094916201814e-04
6.636909703125661725e-04
6.080390792507958100e-04
5.569688131334399458e-04
5.101121523485832501e-04
4.671296298620252678e-04
4.277082296983109955e-04
3.915594268239268793e-04
3.584173605514553171e-04
3.280371338029487455e-04
3.001932308198379377e-04
2.746780461777590873e-04
2.513005182512528758e-04
2.298848605700185900e-04
2.102693848107293584e-04
1.923054094725817193e-04
1.758562485877052486e-04
1.607962751167213932e-04
1.470100539731475017e-04
1.343915399063320797e-04
1.228433357499744292e-04
