0.000000000000000000e+00
3.239950933411783057e-02
5.863257674303030964e-02
7.957942402943819771e-02
9.600858742344754726e-02
1.085902029418899517e-01
1.179077746247286923e-01
1.244685940841062100e-01
1.287129614830040958e-01
1.310223417030487725e-01
1.317265748573465123e-01
1.311102472687061815e-01
1.294183174000061443e-01
1.268610808430115366e-01
1.236185492114910273e-01
1.198443095248679646e-01
1.156689233032361236e-01
1.112029180279933416e-01
1.065394177692500915e-01
1.017564545652372698e-01
9.691899749189761271e-02
9.208073222166238136e-02
8.728562018451478666e-02
8.256926316303396518e-02
7.796009623259615717e-02
7.348042935930965136e-02
6.914735565675751705e-02
6.497354224710831516e-02
6.096791784483952120e-02
5.713626955738712598e-02
5.348175995432356139e-02
5.000537417539207413e-02
4.670630571022846289e-02
4.358228847311759746e-02
4.062988190060239091e-02
3.784471500563666574e-02
3.522169461806436142e-02
3.275518241753430648e-02
3.043914481262667213e-02
2.826727923104504353e-02
2.623311995314903111e-02
2.433012623857084764e-02
2.255175515756807289e-02
2.089152124011858444e-02
1.934304479211863478e-02
1.790009049544214609e-02
1.655659770353935106e-02
1.530670366356392392e-02
1.414476073693351869e-02
1.306534855027549971e-02
1.206328188568485046e-02
1.113361501117269593e-02
1.027164305737308242e-02
9.472900963463145446e-03
8.733160442469412033e-03
8.048425352466281532e-03
7.414925804547667365e-03
6.829111289913607566e-03
6.287643066116625074e-03
5.787386005709029002e-03
5.325400078559190502e-03
4.898931611376858460e-03
4.505404443985653110e-03
4.142411081147322725e-03
3.807703920872525759e-03
3.499186624789066887e-03
3.214905682966257439e-03
2.953042214334691395e-03
2.711904034249939480e-03
2.489918012610724783e-03
2.285622739067161811e-03
2.097661506076404971e-03
1.924775615734577137e-03
1.765798012307068406e-03
1.619647239081409285e-03
1.485321715479216405e-03
1.361894328200114867e-03
1.248507328455441927e-03
1.144367526017278430e-03
1.048741769801643173e-03
9.609527039734501149e-04
8.803747880619857422e-04
8.064305692714176729e-04
7.385871950287799855e-04
6.763531538038327143e-04
6.192752323370090840e-04
5.669356776023965752e-04
5.189495520946169798e-04
4.749622713462364927e-04
4.346473129429397108e-04
3.977040866961816727e-04
3.638559560479506100e-04
3.328484012119100580e-04
3.044473149929165234e-04
2.784374226673127476e-04
2.546208177450368310e-04
2.328156058677458245e-04
2.128546495219722095e-04
1.945844066604147395e-04
1.778638567260634653e-04
