0.000000000000000000e+00
3.796717812021617455e-02
6.870824684081557054e-02
9.325468900383140913e-02
1.125071093572976022e-01
1.272508029269331098e-01
1.381695455560906782e-01
1.458578039942041160e-01
1.508315414474408200e-01
1.535377753368969700e-01
1.543630268964701069e-01
1.536407869669391135e-01
1.516581087100124792e-01
1.486614258018332801e-01
1.448616838136194407e-01
1.404388628081324752e-01
1.355459605495647202e-01
1.303124980294266821e-01
1.248476021521015000e-01
1.192427143114709043e-01
1.135739681444114801e-01
1.079042748964819803e-01
1.022851505158215990e-01
9.675831474598074744e-02
9.135708906601454349e-02
8.610761728101438972e-02
8.102992985753289246e-02
7.613887068961439075e-02
7.144490283981501377e-02
6.695480789660135379e-02
6.267229189888393059e-02
5.859850927698818240e-02
5.473251492639609472e-02
5.107165334763406200e-02
4.761189273626140195e-02
4.434811097632160304e-02
4.127433966574666629e-02
3.838397157135710336e-02
3.566993626385168981e-02
3.312484811024056508e-02
3.074113029425990656e-02
2.851111808703926664e-02
2.642714419410216106e-02
2.448160865481386825e-02
2.266703546143946854e-02
2.097611779240066837e-02
1.940175351399827525e-02
1.793707239312796950e-02
1.657545627709480426e-02
1.531055333262887341e-02
1.413628729203854004e-02
1.304686252782154623e-02
1.203676566595091382e-02
1.110076435065757844e-02
1.023390368824207697e-02
9.431500822840195933e-03
8.689138031883524363e-03
8.002654672115541712e-03
7.368138257458335671e-03
6.781914906896966376e-03
6.240539363080919305e-03
5.740784749849273463e-03
5.279632208759631358e-03
4.854260530404416567e-03
4.462035875357461476e-03
4.100501661589804094e-03
3.767368679757772745e-03
3.460505484572195742e-03
3.177929099218679623e-03
2.917796060262467170e-03
2.678393822415030007e-03
2.458132535768300410e-03
2.255537202444279389e-03
2.069240214912395574e-03
1.897974274362403862e-03
1.740565684371032625e-03
1.595928012565187319e-03
1.463056110974702206e-03
1.341020484206420244e-03
1.228961993391678364e-03
1.126086883002382468e-03
1.031662117046288057e-03
9.450110107955714094e-04
8.655091440363029418e-04
7.925805418170006394e-04
7.256941087937516036e-04
6.643603034929022660e-04
6.081280391192441827e-04
5.565817979099962160e-04
5.093389464574512790e-04
4.660472398830838069e-04
4.263825032321351058e-04
3.900464789611559594e-04
3.567648299039386764e-04
3.262852876173539217e-04
2.983759365226242369e-04
2.728236247651627273e-04
2.494324932139268462e-04
2.280226145064767433e-04
2.084287345165417233e-04
