0.000000000000000000e+00
3.151551189723198615e-02
5.703282882634591600e-02
7.740815636777653719e-02
9.338906179032364918e-02
1.056273969289464043e-01
1.146907453332567939e-01
1.210725575266244775e-01
1.252011203970297970e-01
1.274474908296650000e-01
1.281325094860841229e-01
1.275329979548421033e-01
1.258872311823759638e-01
1.233997669956534149e-01
1.202457055203234315e-01
1.165744432638447792e-01
1.125129794686258733e-01
1.081688259527946450e-01
1.036325659628200418e-01
9.898010248858597759e-02
9.427463197127031180e-02
8.956837530813327453e-02
8.490409447298649659e-02
8.031641987923728021e-02
7.583301077156982817e-02
7.147556840462537808e-02
6.726071951860959630e-02
6.320078562232339658e-02
5.930445181665645882e-02
5.557734731195787536e-02
5.202254838935146258e-02
4.864101330974725940e-02
4.543195756783944411e-02
4.239317690644069797e-02
3.952132463540684870e-02
3.681214902694669722e-02
3.426069587440876141e-02
3.186148069497959229e-02
2.960863451946541339e-02
2.749602673674671552e-02
2.551736803971857773e-02
2.366629614743556709e-02
2.193644664931315366e-02
2.032151102673971851e-02
1.881528365100175459e-02
1.741169933016814900e-02
1.610486277809507205e-02
1.488907120295400281e-02
1.375883105794156736e-02
1.270886986069542403e-02
1.173414386827211636e-02
1.082984228944242067e-02
9.991388623835644953e-03
9.214439636619633361e-03
8.494882406606495476e-03
7.828829823744642633e-03
7.212614857850198000e-03
6.642783873216134144e-03
6.116089222594460126e-03
5.629481318247344691e-03
5.180100346662303880e-03
4.765267766555113770e-03
4.382477706437086853e-03
4.029388357855471017e-03
3.703813443033499020e-03
3.403713820691954984e-03
3.127189281021268159e-03
2.872470569820968853e-03
2.637911672494236241e-03
2.421982380669349382e-03
2.223261157532476461e-03
2.040428312335628661e-03
1.872259489846892465e-03
1.717619476612584125e-03
1.575456322693070434e-03
1.444795774919620896e-03
1.324736015615099460e-03
1.214442699052996084e-03
1.113144276633393215e-03
1.020127600775215179e-03
9.347337968128245807e-04
8.563543916998040285e-04
7.844276880268045591e-04
7.184353717221655423e-04
6.578993417961722951e-04
6.023787505888631832e-04
5.514672431668197258e-04
5.047903847691531404e-04
4.620032655119900539e-04
4.227882719115289424e-04
3.868530151675077570e-04
3.539284065525225400e-04
3.237668706705497260e-04
2.961406877738088461e-04
2.708404567554921548e-04
2.476736708625570330e-04
2.264633985941193162e-04
2.070470626642133348e-04
1.892753103104701700e-04
1.730109686209061924e-04
