0.000000000000000000e+00
2.876362557127419214e-02
5.205280939052969041e-02
7.064899447566726221e-02
8.523447166426603716e-02
9.640417408544203759e-02
1.046761247608326562e-01
1.105006868683687526e-01
1.142687499396283918e-01
1.163189707397663392e-01
1.169441746141894334e-01
1.163970115134745353e-01
1.148949505799499865e-01
1.126246879638087145e-01
1.097460343153766199e-01
1.063953410674405714e-01
1.026885180826861005e-01
9.872368941161892286e-02
9.458352871008700313e-02
9.033731123491879622e-02
8.604271521064717210e-02
8.174740168560562514e-02
7.749039872341621782e-02
7.330331286272170899e-02
6.921138818523887848e-02
6.523443102522508141e-02
6.138761630134593333e-02
5.768218962708788339e-02
5.412607773360646884e-02
5.072441829720761991e-02
4.748001898284965466e-02
4.439375437756469533e-02
4.146490847785106598e-02
3.869146949888974812e-02
3.607038297840436947e-02
3.359776844297551746e-02
3.126910427970377993e-02
2.907938490243168472e-02
2.702325381138447752e-02
2.509511571103467675e-02
2.328923046696027011e-02
2.159979134286294650e-02
2.002098965876211376e-02
1.854706774624846274e-02
1.717236184262216012e-02
1.589133635924059804e-02
1.469861077733480501e-02
1.358898026414174891e-02
1.255743096096778935e-02
1.159915077055122777e-02
1.070953636187284286e-02
9.884197014640027854e-03
9.118955841499069848e-03
8.409848852244520764e-03
7.753122259679830902e-03
7.145228370261488132e-03
6.582820353276047816e-03
6.062746139207379065e-03
5.582041660401006709e-03
5.137923614458933357e-03
4.727781902413227821e-03
4.349171869110331212e-03
3.999806451929609902e-03
3.677548325552841731e-03
3.380402114636902634e-03
3.106506732602155787e-03
2.854127893055044118e-03
2.621650830367497093e-03
2.407573257421278829e-03
2.210498581300693755e-03
2.029129391613609338e-03
1.862261230990942557e-03
1.708776653028148008e-03
1.567639569375091357e-03
1.437889884752914516e-03
1.318638416290389762e-03
1.209062091651478621e-03
1.108399418903174231e-03
1.015946219889956497e-03
9.310516179874500729e-04
8.531142704587009852e-04
7.815788351936260678e-04
7.159326613420803447e-04
6.557026932248736411e-04
6.004525768999139246e-04
5.497799588510514238e-04
5.033139664365216545e-04
4.607128599664158980e-04
4.216618465607098118e-04
3.858710462595207696e-04
3.530736012056958219e-04
3.230239190881935459e-04
2.954960424161406593e-04
2.702821355820528531e-04
2.471910820636895692e-04
2.260471845034284851e-04
2.066889607885946634e-04
1.889680296333261450e-04
1.727480795301715314e-04
1.579039152961464476e-04
