0.000000000000000000e+00
1.782467249686205124e-02
3.225686127879448528e-02
4.378082261017278431e-02
5.281936865343880155e-02
5.974117644333382104e-02
6.486726221210024901e-02
6.847671373090140345e-02
7.081176325469298871e-02
7.208227465869380957e-02
7.246971032036819693e-02
7.213063612930548096e-02
7.119981660712589033e-02
6.979294640871110122e-02
6.800905938139410745e-02
6.593265181469454284e-02
6.363555246109026120e-02
6.117856829569631727e-02
5.861293176262710042e-02
5.598157238625857401e-02
5.332023306902672344e-02
5.065844912021640750e-02
4.802040603238753175e-02
4.542569021681048397e-02
4.288994530255319654e-02
4.042544517423518613e-02
3.804159365178557545e-02
3.574535958469537283e-02
3.354165512795242998e-02
3.143366407343726326e-02
2.942312631684691066e-02
2.751058383531770207e-02
2.569559292512070200e-02
2.397690689343394410e-02
2.235263290551741180e-02
2.082036625172618491e-02
1.937730491153995260e-02
1.802034694867147430e-02
1.674617296744937769e-02
1.555131559168864731e-02
1.443221768927786461e-02
1.338528085526155716e-02
1.240690548019422919e-02
1.149352356624169791e-02
1.064162530846041524e-02
9.847780330718296921e-03
9.108654352895390743e-03
8.421021966596218752e-03
7.781776109084953541e-03
7.187934748159146604e-03
6.636645222995183127e-03
6.125186626555556048e-03
5.650970562987605271e-03
5.211540567718817886e-03
4.804570437912361949e-03
4.427861685920161765e-03
4.079340297768499837e-03
3.757052952007230301e-03
3.459162830983839899e-03
3.183945136356023786e-03
2.929782403066307894e-03
2.695159690747667754e-03
2.478659718324334287e-03
2.278957996165397858e-03
2.094818000317666927e-03
1.925086424891794823e-03
1.768688541428939040e-03
1.624623687880839048e-03
1.491960904559800618e-03
1.369834729937962833e-03
1.257441165392951922e-03
1.154033814818090226e-03
1.058920202358952815e-03
9.714582693337097622e-04
8.910530495803575552e-04
8.171535209952962087e-04
7.492496298373949211e-04
6.868694834281311844e-04
6.295767061454371179e-04
5.769679530550448840e-04
5.286705751208300476e-04
4.843404296612168034e-04
4.436598295513177227e-04
4.063356245923358239e-04
3.720974084653167445e-04
3.406958447423627740e-04
3.119011055333451997e-04
2.855014164902525131e-04
2.613017020661280226e-04
2.391223251239387088e-04
2.187979152066404931e-04
2.001762800079744510e-04
1.831173948198922495e-04
1.674924649733277866e-04
1.531830565313200578e-04
1.400802907348120665e-04
1.280840979397528134e-04
1.171025270178466856e-04
1.070511064211013985e-04
9.785225333126786669e-05
