0.000000000000000000e+00
4.696902647603812958e-02
8.499866528848193381e-02
1.153649592541991231e-01
1.391820424845242876e-01
1.574213999483352056e-01
1.709289276874293440e-01
1.804400378624069212e-01
1.865930262511212023e-01
1.899408961086531122e-01
1.909618111271001450e-01
1.900683313360874427e-01
1.876155689198712173e-01
1.839083858785375836e-01
1.792077420360735363e-01
1.737362899242590186e-01
1.676833023938276435e-01
1.612090092848849077e-01
1.544484110034391733e-01
1.475146292894479461e-01
1.405018487250482284e-01
1.334878965311341870e-01
1.265365028570581696e-01
1.196992790112294119e-01
1.130174468465600934e-01
1.065233487475601565e-01
1.002417643149378507e-01
9.419105686371669062e-02
8.838417020185268536e-02
8.282949380214855994e-02
7.753161238878790440e-02
7.249195410237016524e-02
6.770934975831734148e-02
6.318051425009112154e-02
5.890045985042557941e-02
5.486285001254832816e-02
5.106030125291829286e-02
4.748463979287965986e-02
4.412711883592321249e-02
4.097860164846436198e-02
3.802971498494422259e-02
3.527097684351086088e-02
3.269290204841261011e-02
3.028608872229269014e-02
2.804128832937305069e-02
2.594946163331434547e-02
2.400182261623825392e-02
2.218987214345661055e-02
2.050542292782978754e-02
1.894061714478939909e-02
1.748793787071313555e-02
1.614021536070352897e-02
1.489062904437671829e-02
1.373270599778057301e-02
1.266031654405000949e-02
1.166766754311089963e-02
1.074929385010516686e-02
9.900048351843247080e-03
9.115090929272874967e-03
8.389876640599478949e-03
7.720143373342621199e-03
7.101899173416135677e-03
6.531409424524354211e-03
6.005184021109803358e-03
5.519964652182143827e-03
5.072712291085415375e-03
4.660594967165080336e-03
4.280975878973782879e-03
3.931401894751199513e-03
3.609592474115831673e-03
3.313429034940146376e-03
3.040944781003773658e-03
2.790314999019767421e-03
2.559847827820334928e-03
2.347975497707582154e-03
2.153246034078473269e-03
1.974315416296690620e-03
1.809940180297732156e-03
1.658970451482218210e-03
1.520343392992981211e-03
1.393077053411442964e-03
1.276264597185627165e-03
1.169068900661085529e-03
1.070717496380074740e-03
9.804978483026484913e-04
8.977529407509347598e-04
8.218771641543631086e-04
7.523124810533140345e-04
6.885448562793180941e-04
6.301009357526932966e-04
5.765449589074812115e-04
5.274758903550438296e-04
4.825247570205166026e-04
4.413521776208826275e-04
4.036460719918774837e-04
3.691195384068225987e-04
3.375088876584294347e-04
3.085718232904696495e-04
2.820857579664959986e-04
2.578462565449894596e-04
