0.000000000000000000e+00
2.124383849340947747e-02
3.844443994309912349e-02
5.217895166392849671e-02
6.295129053254959473e-02
7.120085398437962787e-02
7.731023625741773042e-02
8.161206032339718419e-02
8.439502393556307103e-02
8.590924749705514119e-02
8.637100187849733324e-02
8.596688576621039357e-02
8.485751449449828454e-02
8.318077550916341822e-02
8.105469953747405920e-02
7.857999112410912756e-02
7.584225736322934563e-02
7.291396935122339273e-02
6.985618704689725011e-02
6.672007480587108241e-02
6.354823180895838308e-02
6.037585889030696457e-02
5.723178085429492246e-02
5.413934121860916604e-02
5.111718440599734292e-02
4.817993870332360623e-02
4.533881179094397668e-02
4.260210929764898791e-02
3.997568563828047400e-02
3.746333532634313346e-02
3.506713200796932745e-02
3.278772162348435326e-02
3.062457535698104652e-02
2.857620737241022002e-02
2.664036174750914268e-02
2.481417249619424781e-02
2.309430010850261825e-02
2.147704762823412009e-02
1.995845892629011242e-02
1.853440150712638498e-02
1.720063590210260326e-02
1.595287345269101945e-02
1.478682406482606689e-02
1.369823531985896008e-02
1.268292415471365328e-02
1.173680217132648876e-02
1.085589550098416296e-02
1.003636003069998013e-02
9.274492694459101835e-03
8.566739440398740343e-03
7.909700404323692993e-03
7.300132749111957337e-03
6.734951567399280643e-03
6.211229190435931316e-03
5.726193198286720458e-03
5.277223384800105999e-03
4.861847894299722687e-03
4.477738715125330685e-03
4.122706687416705443e-03
3.794696158402435879e-03
3.491779397491357947e-03
3.212150865283524507e-03
2.954121414879956869e-03
2.716112490275758486e-03
2.496650374904216610e-03
2.294360533325699204e-03
2.107962080418309715e-03
1.936262405044677495e-03
1.778151968880733406e-03
1.632599295756389417e-03
1.498646162350255814e-03
1.375402997291797066e-03
1.262044492558407833e-03
1.157805428427677915e-03
1.061976711082771941e-03
9.739016202065432391e-04
8.929722624813754084e-04
8.186262257871847713e-04
7.503434280164712191e-04
6.876431537652218443e-04
6.300812716790156563e-04
5.772476249065903661e-04
5.287635869136447656e-04
4.842797748165017058e-04
4.434739123899754214e-04
4.060488349705513580e-04
3.717306286010428748e-04
3.402668959346264398e-04
3.114251416245129465e-04
2.849912701619507086e-04
2.607681893826014870e-04
2.385745131333860930e-04
2.182433568735989138e-04
1.996212202711056954e-04
1.825669511432012550e-04
1.669507853793147977e-04
1.526534577667651037e-04
1.395653789193155442e-04
1.275858737797862024e-04
1.166224774313019946e-04
