0.000000000000000000e+00
2.510139600042626470e-02
4.542536469224773416e-02
6.165385455221292221e-02
7.438228608665191366e-02
8.412984461282273230e-02
9.134859765507960527e-02
9.643156745066593094e-02
9.971987486768117692e-02
1.015090583649093242e-01
1.020546603090734250e-01
1.015771628658588138e-01
1.002663466679583615e-01
9.828513742117837848e-02
9.577299843514146260e-02
9.284892066601650729e-02
8.961405615238828004e-02
8.615403563794754582e-02
8.254100664001960685e-02
7.883542418192457379e-02
7.508762280688661972e-02
7.133919528439337798e-02
6.762420056426948767e-02
6.397022099147035845e-02
6.039928653194272939e-02
5.692868174664289516e-02
5.357164945997614641e-02
5.033800347641894518e-02
4.723466128338022624e-02
4.426610642022318215e-02
4.143478907563424157e-02
3.874147248286351208e-02
3.618553180108944473e-02
3.376521138906699027e-02
3.147784568341029099e-02
2.932004827861462576e-02
2.728787326057166215e-02
2.537695236214338942e-02
2.358261108144238047e-02
2.189996652467533431e-02
2.032400940026787492e-02
1.884967229462387178e-02
1.747188609793756328e-02
1.618562621710183114e-02
1.498595000849795716e-02
1.386802668324401723e-02
1.282716077859408742e-02
1.185881014919249431e-02
1.095859930863724019e-02
1.012232884337876775e-02
9.345981525667108533e-03
8.625725668550328698e-03
7.957916192472829983e-03
7.339093808631044595e-03
6.765982667856081448e-03
6.235486774467450394e-03
5.744685421446618298e-03
5.290827865673622746e-03
4.871327429200560458e-03
4.483755184022233074e-03
4.125833353033248226e-03
3.795428538378668466e-03
3.490544869809937990e-03
3.209317149594543509e-03
2.950004056683329899e-03
2.710981460936278623e-03
2.490735888002426363e-03
2.287858166726431958e-03
2.101037283523872826e-03
1.929054461862513437e-03
1.770777479660430804e-03
1.625155232935198346e-03
1.491212550297512426e-03
1.368045259778380689e-03
1.254815506923987432e-03
1.150747321010052449e-03
1.055122424551259734e-03
9.672762799525774910e-04
8.865943661171168640e-04
8.125086770452383212e-04
7.444944338930907859e-04
6.820670015722923862e-04
6.247790007367467124e-04
5.722176058925265534e-04
5.240020203605183675e-04
4.797811189004073484e-04
4.392312489523454971e-04
4.020541816555722541e-04
3.679752040494415006e-04
3.367413441416856825e-04
3.081197208328194685e-04
2.818960110070439220e-04
2.578730264328678193e-04
2.358693934557940289e-04
2.157183288066168321e-04
1.972665051887136751e-04
1.803730006433003840e-04
1.649083260207478746e-04
1.507535252068669274e-04
1.377993430642045127e-04
