0.000000000000000000e+00
3.067081198866170727e-02
5.550419665777402839e-02
7.533341099097058680e-02
9.088598545721547628e-02
1.027963005209507619e-01
1.116167269764307968e-01
1.178274895548079709e-01
1.218453959113502127e-01
1.240315576154948363e-01
1.246982159419807723e-01
1.241147729212956630e-01
1.225131170947904580e-01
1.200923235932196687e-01
1.170227993911068937e-01
1.134499367704170369e-01
1.094973310545994671e-01
1.052696124578520048e-01
1.008549363536564991e-01
9.632717132900266155e-02
9.174781999162345825e-02
8.716770357923098178e-02
8.262843793050549113e-02
7.816372527126416725e-02
7.380048350454548878e-02
6.955983223339413934e-02
6.545795255696201798e-02
6.150683573469884619e-02
5.771493408358926991e-02
5.408772593610731289e-02
5.062820512082478325e-02
4.733730421469943550e-02
4.421425973926337155e-02
4.125692651731028421e-02
3.846204755893211508e-02
3.582548509400044351e-02
3.334241770183657416e-02
3.100750789841756616e-02
2.881504401860225315e-02
2.675905976802627970e-02
2.483343440981623101e-02
2.303197618915204734e-02
2.134849127865458274e-02
1.977684024486342854e-02
1.831098378649214514e-02
1.694501927495578250e-02
1.567320943352767601e-02
1.449000432043459630e-02
1.339005763060282551e-02
1.236823819828210096e-02
1.141963746631357787e-02
1.053957358552439806e-02
9.723592717979349237e-03
8.967468039142183558e-03
8.267196865099996073e-03
7.618996270734507137e-03
7.019297512066777732e-03
6.464739520052681203e-03
5.952161693066153163e-03
5.478596180467327353e-03
5.041259819385485869e-03
4.637545860598208010e-03
4.265015596666824060e-03
3.921389985860961394e-03
3.604541348488636120e-03
3.312485197704225382e-03
3.043372254397225425e-03
2.795480685106080301e-03
2.567208592822283961e-03
2.357066782846236729e-03
2.163671819348175068e-03
1.985739382817543110e-03
1.822077934013353493e-03
1.671582686235061847e-03
1.533229884611568561e-03
1.406071388561659901e-03
1.289229551531039615e-03
1.181892390487517680e-03
1.083309036394749375e-03
9.927854559319158542e-04
9.096804340345195387e-04
8.334018063592461920e-04
7.634029304878214980e-04
6.991793845503160377e-04
6.402658819407262836e-04
5.862333908940463214e-04
5.366864478745995808e-04
4.912606539733443186e-04
4.496203438126784358e-04
4.114564167986306965e-04
3.764843209318658899e-04
3.444421797817113617e-04
3.150890536341232977e-04
2.882033262388865509e-04
2.635812089982444203e-04
2.410353548543934133e-04
2.203935745433232792e-04
2.014976482846370716e-04
1.842022263689744373e-04
1.683738124848330837e-04
