0.000000000000000000e+00
3.045690549236075920e-02
5.511709545414589240e-02
7.480801551055635268e-02
9.025212213728776856e-02
1.020793714587118900e-01
1.108382818865214087e-01
1.170057289353655244e-01
1.209956133317617172e-01
1.231665281558871894e-01
1.238285370278069814e-01
1.232491630957521928e-01
1.216586776479853943e-01
1.192547674117282325e-01
1.162066508974076012e-01
1.126587063820890244e-01
1.087336672021767536e-01
1.045354338525988497e-01
1.001515468875399523e-01
9.565535971458614950e-02
9.110794600573376978e-02
8.655977255770713752e-02
8.205216496912876023e-02
7.761859041742374954e-02
7.328577907293118421e-02
6.907470324490086466e-02
6.500143118114486140e-02
6.107787051084265229e-02
5.731241460224574535e-02
5.371050358046326745e-02
5.027511039430091616e-02
4.700716111667380126e-02
4.390589759381830631e-02
4.096918960957122990e-02
3.819380288914858007e-02
3.557562852034427958e-02
3.310987870836489683e-02
3.079125319423737031e-02
2.861408014751024020e-02
2.657243488436156903e-02
2.466023935558398980e-02
2.287134498932174437e-02
2.119960115561459260e-02
1.963891123906318439e-02
1.818327805809343348e-02
1.682684015064053046e-02
1.556390025328959446e-02
1.438894713105481893e-02
1.329667176543274619e-02
1.228197877680385283e-02
1.133999384160780909e-02
1.046606776314776971e-02
9.655777765752807454e-03
8.904926503898421761e-03
8.209539209466442528e-03
7.565859340476342731e-03
6.970343042330038284e-03
6.419652686983378688e-03
5.910649715696555430e-03
5.440386976418710822e-03
5.006100716805934360e-03
4.605202367806356632e-03
4.235270230183238102e-03
3.894041156856524293e-03
3.579402307144959397e-03
3.289383034548205766e-03
3.022146957325915883e-03
2.775984250546438634e-03
2.549304189262074829e-03
2.340627964817800812e-03
2.148581789837611215e-03
1.971890302000825837e-03
1.809370272181767608e-03
1.659924618759637616e-03
1.522536726805299436e-03
1.396265068325096932e-03
1.280238117707976995e-03
1.173649554909920447e-03
1.075753747657300259e-03
9.858615030044406025e-04
9.033360778932545895e-04
8.275894378939089528e-04
7.580787530194554131e-04
6.943031193738251252e-04
6.358004953850130174e-04
5.821448414709945972e-04
5.329434521652099202e-04
4.878344699746684269e-04
4.464845705424385735e-04
4.085868090252703410e-04
3.738586179660446257e-04
3.420399473307868775e-04
3.128915377838558960e-04
2.861933186864021534e-04
2.617429227171891434e-04
2.393543094272094400e-04
2.188564904467160015e-04
2.000923494626371537e-04
1.829175504735991551e-04
1.671995282072998490e-04
