0.000000000000000000e+00
2.857926593676263574e-02
5.171917839916671117e-02
7.019617176846477957e-02
8.468816375864851587e-02
9.578627429197754395e-02
1.040052061363646169e-01
1.097924358798468558e-01
1.135363476587420289e-01
1.155734276273653743e-01
1.161946242754567926e-01
1.156509682009690260e-01
1.141585346839894682e-01
1.119028232510820287e-01
1.090426202507852049e-01
1.057134031752815645e-01
1.020303389663105853e-01
9.809092275108585723e-02
9.397729829102538512e-02
8.975829682518252084e-02
8.549122689116150919e-02
8.122344405517120669e-02
7.699372623157739459e-02
7.283347737781836750e-02
6.876777977439198219e-02
6.481631280742326806e-02
6.099415413237116446e-02
5.731247728428445765e-02
5.377915818816233345e-02
5.039930159052152803e-02
4.717569716067221419e-02
4.410921388000595134e-02
4.119914033422503175e-02
3.844347763298762433e-02
3.583919089150585519e-02
3.338242450814357665e-02
3.106868585114980208e-02
2.889300141752819753e-02
2.685004903983595481e-02
2.493426928543205842e-02
2.313995881112172054e-02
2.146134809871666493e-02
1.989266569880432378e-02
1.842819084658619405e-02
1.706229608108729423e-02
1.578948129386192542e-02
1.460440045242210327e-02
1.350188208423135951e-02
1.247694446677979040e-02
1.152480634580531349e-02
1.064089389520706495e-02
9.820844536888435200e-03
9.060508155135611058e-03
8.355946166824862464e-03
7.703428844551194615e-03
7.099431233611281158e-03
6.540627954707307380e-03
6.023887141422451345e-03
5.546263724209000122e-03
5.104992240165981757e-03
4.697479319680064602e-03
4.321295976544900670e-03
3.974169807002235488e-03
3.653977184859277284e-03
3.358735524074030546e-03
3.086595666648002129e-03
2.835834442046616510e-03
2.604847434435860528e-03
2.392141985563768156e-03
2.196330453936947737e-03
2.016123744878027622e-03
1.850325120952943511e-03
1.697824297997884736e-03
1.557591828441331257e-03
1.428673770707623684e-03
1.310186641117687661e-03
1.201312642794056000e-03
1.101295164564462283e-03
1.009434541683111586e-03
9.250840693007162698e-04
8.476462589693764017e-04
7.765693280283621344e-04
7.113439114484741178e-04
6.514999855873528783e-04
5.966039933010040775e-04
5.462561599466191639e-04
5.000879899800116752e-04
4.577599340820306018e-04
4.189592170286025527e-04
3.833978168371477281e-04
3.508105860683076102e-04
3.209535065279263345e-04
2.936020689931985363e-04
2.685497699730152307e-04
2.456067179010128806e-04
2.245983415467520691e-04
2.053641938125353643e-04
1.877568444581039712e-04
1.716408556607104479e-04
1.568918346723110981e-04
