0.000000000000000000e+00
3.418892858762108411e-02
6.187084373727774061e-02
8.397458174841708478e-02
1.013111249731830921e-01
1.145876209238167465e-01
1.244198004667075863e-01
1.313429728413191278e-01
1.358217559118929663e-01
1.382586827989810141e-01
1.390018106276474652e-01
1.383514433737083327e-01
1.365660685132522034e-01
1.338675962269241515e-01
1.304459801385466078e-01
1.264632898518563420e-01
1.220572977769459611e-01
1.173446358087466834e-01
1.124235712435302792e-01
1.073764458153986662e-01
1.022718168310352144e-01
9.716633501320250110e-02
9.210638977399955574e-02
8.712954917625215234e-02
8.226581875959357304e-02
7.753874066567173484e-02
7.296635205775373056e-02
6.856201966095765155e-02
6.433516532110537811e-02
6.029189576656793226e-02
5.643554823508400986e-02
5.276716227549316934e-02
4.928588683400437348e-02
4.598933066938340475e-02
4.287386319645311583e-02
3.993487201931458785e-02
3.716698267291176222e-02
3.456424543344318451e-02
3.212029347528653350e-02
2.982847613617594859e-02
2.768197059590224093e-02
2.567387487014711686e-02
2.379728466429887127e-02
2.204535631695643191e-02
2.041135778462263919e-02
1.888870937363809621e-02
1.747101570900040993e-02
1.615209023904540242e-02
1.492597340709616270e-02
1.378694547350342234e-02
1.272953484168102070e-02
1.174852262772434555e-02
1.083894411315238469e-02
9.996087632611264442e-03
9.215491371574924609e-03
8.492938481895714528e-03
7.824450864360335198e-03
7.206281916186629312e-03
6.634908496763667653e-03
6.107022326101256386e-03
5.619520996716021594e-03
5.169498750421840788e-03
4.754237146164800448e-03
4.371195723164250299e-03
4.018002744764719199e-03
3.692446092191094004e-03
3.392464363499697773e-03
3.116138221136679782e-03
2.861682021394636437e-03
2.627435750470982247e-03
2.411857284576922680e-03
2.213514985448485160e-03
2.031080637515945194e-03
1.863322728759879421e-03
1.709100073802079754e-03
1.567355774943387549e-03
1.437111514577438199e-03
1.317462170599470461e-03
1.207570745023525769e-03
1.106663594959037683e-03
1.014025954326206597e-03
9.289977341631495272e-04
8.509695890567662863e-04
7.793792370793590401e-04
7.137080206045394145e-04
6.534776954834070487e-04
5.982474362632399364e-04
5.476110454073298455e-04
5.011943548099082870e-04
4.586528082806279067e-04
4.196692140872212680e-04
3.839516570827935550e-04
3.512315603975701170e-04
3.212618871368229725e-04
2.938154729914282015e-04
2.686834811303716298e-04
2.456739712016019596e-04
2.246105747159138897e-04
2.053312695254950245e-04
1.876872465325507154e-04
