0.000000000000000000e+00
1.540929362216811836e-02
2.788581090968116072e-02
3.784818771503235119e-02
4.566194193254692613e-02
5.164579205094207981e-02
5.607725415815582870e-02
5.919759750684732563e-02
6.121623003660307122e-02
6.231457746924219665e-02
6.264951264807876175e-02
6.235638559226865801e-02
6.155169920439608477e-02
6.033547063248443504e-02
5.879331388331872355e-02
5.699827535567127124e-02
5.501245045901680120e-02
5.288840636024089853e-02
5.067043311709800574e-02
4.839564297646310742e-02
4.609493540527685035e-02
4.379384345347728941e-02
4.151327529518756415e-02
3.927016323378228896e-02
3.707803106744998745e-02
3.494748947596723609e-02
3.288666799004398567e-02
3.090159112699097585e-02
2.899650540738459709e-02
2.717416319505802993e-02
2.543606861659046536e-02
2.378269020708858802e-02
2.221364438805795496e-02
2.072785340304868912e-02
1.932368091084374004e-02
1.799904805826916393e-02
1.675153251992511985e-02
1.557845269551541220e-02
1.447693899276240523e-02
1.344399389136142868e-02
1.247654227769301460e-02
1.157147335807833834e-02
1.072567529756612500e-02
9.936063589202326005e-03
9.199604033343657811e-03
8.513331095949421001e-03
7.874362317249540208e-03
7.279909356250596937e-03
6.727286180880624571e-03
6.213914847011539101e-03
5.737329251086976077e-03
5.295177189695236819e-03
4.885221014334723867e-03
4.505337130090749688e-03
4.153514552327059600e-03
3.827852705215409584e-03
3.526558619471056432e-03
3.247943663576696293e-03
2.990419922660799562e-03
2.752496321692377273e-03
2.532774574447735697e-03
2.329945026517254471e-03
2.142782449204838017e-03
1.970141831311778870e-03
1.810954207297816101e-03
1.664222553005100186e-03
1.529017773866014158e-03
1.404474805160803438e-03
1.289788839329575505e-03
1.184211691472784747e-03
1.087048310904582425e-03
9.976534438752423725e-04
9.154284502824583782e-04
8.398182752856591651e-04
7.703085751690105483e-04
7.064229955204932507e-04
6.477205987654307499e-04
5.937934372771396397e-04
5.442642676537462042e-04
4.987844012714206599e-04
4.570316858765006637e-04
4.187086127417286702e-04
3.835405437671208801e-04
3.512740528384270997e-04
3.216753757523057883e-04
2.945289630657666846e-04
2.696361303181455619e-04
2.468138001984440969e-04
2.258933313819988682e-04
2.067194289319478323e-04
1.891491313476254042e-04
1.730508695393558885e-04
1.583035932134492475e-04
1.447959603593883119e-04
1.324255857406543373e-04
1.210983444992549404e-04
1.107277271900309956e-04
1.012342427628638072e-04
9.254486620784304306e-05
8.459252776945729328e-05
