0.000000000000000000e+00
4.698999047838652715e-02
8.503660331599519062e-02
1.154164508744898177e-01
1.392441645441967191e-01
1.574916629034315563e-01
1.710052195484768889e-01
1.805205748814022459e-01
1.866763095749200962e-01
1.900256737097837378e-01
1.910470444001160228e-01
1.901531658162425587e-01
1.876993086420355450e-01
1.839904709486936407e-01
1.792877290361620246e-01
1.738138348142267142e-01
1.677581456130492477e-01
1.612809627892002606e-01
1.545173470043297581e-01
1.475804704887843655e-01
1.405645598627408288e-01
1.335474770842416392e-01
1.265929807477465252e-01
1.197527051976881168e-01
1.130678906858061522e-01
1.065708940322051823e-01
1.002865058976397661e-01
9.423309779335563297e-02
8.842361930460591879e-02
8.286646364872331250e-02
7.756621759622227275e-02
7.252430992513386743e-02
6.773957092903004629e-02
6.320871403510874842e-02
5.892674928989811989e-02
5.488733731839209179e-02
5.108309134152960729e-02
4.750583393239708047e-02
4.414681439046863609e-02
4.099689190409976092e-02
3.804668904410765662e-02
3.528671957647457058e-02
3.270749409186636536e-02
3.029960651652293183e-02
2.805380418670488235e-02
2.596104383152954623e-02
2.401253551159599278e-02
2.219977629873995384e-02
2.051457525153471337e-02
1.894907103817605395e-02
1.749574337996245496e-02
1.614741933187584938e-02
1.489727527926120419e-02
1.373883540906258548e-02
1.266596730851489265e-02
1.167287525185272193e-02
1.075409165492303282e-02
9.904467107190522215e-03
9.119159329279943535e-03
8.393621350822203300e-03
7.723589156999458895e-03
7.105069011969751894e-03
6.534324632540938239e-03
6.007864355393192218e-03
5.522428415232255930e-03
5.074976428972908550e-03
4.662675161948048527e-03
4.282886635808950265e-03
3.933156623872445176e-03
3.611203567868067135e-03
3.314907940067234309e-03
3.042302066396155268e-03
2.791560419131296732e-03
2.560990381965061544e-03
2.349023485446332434e-03
2.154207106902456936e-03
1.975196625811323145e-03
1.810748023104726944e-03
1.659710910952003722e-03
1.521021978112843762e-03
1.393698834887669921e-03
1.276834240970478292e-03
1.169590699067774020e-03
1.071195396941203694e-03
9.809354805198054229e-04
8.981536408754686382e-04
8.222439981318187957e-04
7.526482657566137312e-04
6.888521791486004655e-04
6.303821729527784787e-04
5.768022921072370104e-04
5.277113222265085403e-04
4.827401255494874217e-04
4.415491693148202042e-04
4.038262340653979020e-04
3.692842900197594526e-04
3.376595302764340105e-04
3.087095502333819168e-04
2.822116632052489504e-04
2.579613428036005751e-04
