0.000000000000000000e+00
1.446185612925916623e-02
2.617125712001276000e-02
3.552109907884135748e-02
4.285442610173108985e-02
4.847036033162897828e-02
5.262935483249252255e-02
5.555784446278602684e-02
5.745236175468655671e-02
5.848317750395081588e-02
5.879751925690396980e-02
5.852241506247025937e-02
5.776720466438654833e-02
5.662575567531823173e-02
5.517841814109695348e-02
5.349374721653434722e-02
5.163002038664237653e-02
4.963657273603053893e-02
4.755497115666068586e-02
4.542004605595446193e-02
4.326079705299390454e-02
4.110118730298908257e-02
3.896083944494657669e-02
3.685564470278261673e-02
3.479829536652157690e-02
3.279874972030842606e-02
3.086463745220078408e-02
2.900161266320630885e-02
2.721366077738993777e-02
2.550336493001711599e-02
2.387213676672986229e-02
2.232041601484278243e-02
2.084784268011233982e-02
1.945340527173937059e-02
1.813556805863589250e-02
1.689238000552068658e-02
1.572156772321125356e-02
1.462061448909650341e-02
1.358682714723519896e-02
1.261739247928952458e-02
1.170942444441709640e-02
1.086000351549784929e-02
1.006620918816170454e-02
9.325146605779094724e-03
8.633968125895757906e-03
7.989890549768480232e-03
7.390208645118920630e-03
6.832305511570269108e-03
6.313660267222565708e-03
5.831853472353017501e-03
5.384570651314236032e-03
4.969604225474722956e-03
4.584854127726187452e-03
4.228327331984104744e-03
3.898136498620798258e-03
3.592497908351997837e-03
3.309728832269038905e-03
3.048244464042873005e-03
2.806554521446380165e-03
2.583259607913772783e-03
2.377047410584356198e-03
2.186688798901248107e-03
2.011033877122122941e-03
1.849008034844445980e-03
1.699608031671255917e-03
1.561898145285764471e-03
1.435006406323455956e-03
1.318120938404637515e-03
1.210486417409444449e-03
1.111400660444836642e-03
1.020211351884429832e-03
9.363129112827983701e-04
8.591435058106748493e-04
7.881822080689833854e-04
7.229462986676098765e-04
6.629887117551223853e-04
6.078956207199114579e-04
5.572841605176715417e-04
5.108002824854735455e-04
4.681167370533254111e-04
4.289311794377208839e-04
3.929643931790156451e-04
3.599586262486636156e-04
3.296760343889364067e-04
3.018972263441547089e-04
2.764199056879087005e-04
2.530576040358777936e-04
2.316385005507732144e-04
2.120043227877619989e-04
1.940093240896923713e-04
1.775193329166259676e-04
1.624108696793874365e-04
1.485703268386128915e-04
1.358932082261636012e-04
1.242834237423503607e-04
1.136526357782048380e-04
1.039196539053797601e-04
9.500987456588159930e-05
8.685476267867059017e-05
7.939137225941978154e-05
