0.000000000000000000e+00
3.232389604967678132e-02
5.849574128490458991e-02
7.939370326549884116e-02
9.578452462808946521e-02
1.083367774403527911e-01
1.176326039729582718e-01
1.241781119316944654e-01
1.284125739164054814e-01
1.307165645541061849e-01
1.314191541840758481e-01
1.308042649676277591e-01
1.291162836887997933e-01
1.265650151559864212e-01
1.233300508756882824e-01
1.195646194292157155e-01
1.153989776349692437e-01
1.109433950276659531e-01
1.062907783464460132e-01
1.015189775200323885e-01
9.669281000092287692e-02
9.186583617107049737e-02
8.708191486420997773e-02
8.237656477623894746e-02
7.777815462136071500e-02
7.330894229916008753e-02
6.898598103167592754e-02
6.482190837881698919e-02
6.082563221741719289e-02
5.700292614908452488e-02
5.335694536265393750e-02
4.988867269877052951e-02
4.659730352928681540e-02
4.348057705703020637e-02
4.053506074805730136e-02
3.775639381623833307e-02
3.513949497774922215e-02
3.267873907083067297e-02
3.036810658512994338e-02
2.820130965715952551e-02
2.617189765683774691e-02
2.427334510843729559e-02
2.249912435196576438e-02
2.084276505305275584e-02
1.929790240638866450e-02
1.785831564569998961e-02
1.651795826864471337e-02
1.527098120474417939e-02
1.411174999575460533e-02
1.303485691825522277e-02
1.203512885549206518e-02
1.110763161772017685e-02
1.024767131569746977e-02
9.450793309064875122e-03
8.712779178734952543e-03
8.029642108892967589e-03
7.397621008719227655e-03
6.813173655515543381e-03
6.272969098720413555e-03
5.773879527579774996e-03
5.312971773341664677e-03
4.887498589179876431e-03
4.494889827105751252e-03
4.132743610442119082e-03
3.798817582605265152e-03
3.491020297612812927e-03
3.207402804593920825e-03
2.946150467345060465e-03
2.705575050406266394e-03
2.484107095013766541e-03
2.280288601426008494e-03
2.092766028355297087e-03
1.920283615420100790e-03
1.761677030535612571e-03
1.615867340869992170e-03
1.481855303312266383e-03
1.358715968239323493e-03
1.245593588658344859e-03
1.141696825471862076e-03
1.046294238608270642e-03
9.587100530310968625e-04
8.783201881426479793e-04
8.045485387941206292e-04
7.368634959725284912e-04
6.747746952267666192e-04
6.178299809967152537e-04
5.656125751995713007e-04
5.177384386889035718e-04
4.738538145189519516e-04
4.336329423064534455e-04
3.967759333738392455e-04
3.630067967716015236e-04
3.320716067062574168e-04
3.037368023370463910e-04
2.777876113438737873e-04
2.540265891066267314e-04
2.322722657681395664e-04
2.123578938769119559e-04
1.941302897188006669e-04
1.774487618475663960e-04
