0.000000000000000000e+00
3.424900557543637813e-02
6.197956355035407622e-02
8.412214238084708695e-02
1.014891494820520657e-01
1.147889749700068962e-01
1.246384316770265399e-01
1.315737694911406908e-01
1.360604227058540006e-01
1.385016317753019754e-01
1.392460654325904934e-01
1.385945553494606353e-01
1.368060432177249097e-01
1.341028291599122846e-01
1.306752005874779743e-01
1.266855118938264579e-01
1.222717775835453491e-01
1.175508344978224290e-01
1.126211226088045525e-01
1.075651283419764848e-01
1.024515294733269744e-01
9.733707627260419770e-02
9.226823966765684837e-02
8.728265373613323941e-02
8.241037674357860887e-02
7.767499220003164229e-02
7.309456896376952117e-02
6.868249724799893596e-02
6.444821545466500323e-02
6.039784104291802402e-02
5.653471711471061423e-02
5.285988504558372658e-02
4.937249228626953979e-02
4.607014339363058736e-02
4.294920140280394233e-02
4.000504581296129153e-02
3.723229271500475002e-02
3.462498193024295817e-02
3.217673544522989953e-02
2.988089091111659212e-02
2.773061351859375592e-02
2.571898915513537442e-02
2.383910139386236429e-02
2.208409454765129787e-02
2.044722474341831298e-02
1.892190072562733444e-02
1.750171588128514311e-02
1.618047278768233038e-02
1.495220141597369649e-02
1.381117197574958065e-02
1.275190325570189388e-02
1.176916720127231530e-02
1.085799036994711426e-02
1.001365281700614465e-02
9.231684887596437739e-03
8.507862323699801055e-03
7.838200035763435644e-03
7.218944837452581816e-03
6.646567397272763224e-03
6.117753621904592140e-03
5.629395652295890624e-03
5.178582624245038624e-03
4.762591319837402269e-03
4.378876814179599904e-03
4.025063202986461572e-03
3.698934480334661445e-03
3.398425621972816189e-03
3.121613917675757077e-03
2.866710585992382401e-03
2.632052696134019529e-03
2.416095414482819208e-03
2.217404587091571181e-03
2.034649664442284532e-03
1.866596970495322224e-03
1.712103314574769638e-03
1.570109941794571020e-03
1.439636815442869259e-03
1.319777222928980240e-03
1.209692695489125985e-03
1.108608230782871405e-03
1.015807806739227152e-03
9.306301744840772506e-04
8.524649178589522973e-04
7.807487668910203594e-04
7.149621525656404356e-04
6.546259903604608908e-04
5.992986802016630685e-04
5.485733107798214814e-04
5.020750564987559164e-04
4.594587557119405533e-04
4.204066593159173047e-04
3.846263392087662732e-04
3.518487465758463203e-04
3.218264104277349211e-04
2.943317672808386893e-04
2.691556133348269714e-04
2.461056709589250734e-04
2.250052617481737723e-04
2.056920788484829408e-04
1.880170516738298328e-04
