0.000000000000000000e+00
2.533755157852986273e-02
4.585272949933982822e-02
6.223389805512589967e-02
7.508207950735099057e-02
8.492134370275261634e-02
9.220801124657157510e-02
9.733880195500829724e-02
1.006580459836380753e-01
1.024640622364274695e-01
1.030147972394276634e-01
1.025328074689837859e-01
1.012096590264146556e-01
9.920981043324096638e-02
9.667403707903926557e-02
9.372244939468983571e-02
9.045715106378349191e-02
8.696457844965777007e-02
8.331755783820776751e-02
7.957711301757373901e-02
7.579405208166017927e-02
7.201035910745505475e-02
6.826041347361434808e-02
6.457205702160187522e-02
6.096752697672729732e-02
5.746427051422880322e-02
5.407565504787130439e-02
5.081158671104672730e-02
4.767904807133874906e-02
4.468256484954263863e-02
4.182461028588051188e-02
3.910595479415089615e-02
3.652596765498886122e-02
3.408287670996149044e-02
3.177399131788796738e-02
2.959589321373871582e-02
2.754459935998695291e-02
2.561570039255124664e-02
2.380447783152415953e-02
2.210600284452767655e-02
2.051521901224410624e-02
1.902701124651820508e-02
1.763626274702706498e-02
1.633790164896241348e-02
1.512693880799055764e-02
1.399849798685127468e-02
1.294783954757750336e-02
1.197037861201248436e-02
1.106169852889148271e-02
1.021756037630714396e-02
9.433909132167638684e-03
8.706877060759151202e-03
8.032784789378815196e-03
7.408140484007361658e-03
6.829637476072299151e-03
6.294150642562942183e-03
5.798731798257772060e-03
5.340604320865340905e-03
4.917157196802140681e-03
4.525938646549169421e-03
4.164649463524796973e-03
3.831136178727296594e-03
3.523384144630051923e-03
3.239510615598084359e-03
2.977757888119724177e-03
2.736486552132189574e-03
2.514168894418667387e-03
2.309382486249263958e-03
2.120803979937863591e-03
1.947203132622766500e-03
1.787437070202524360e-03
1.640444799839580218e-03
1.505241975668311378e-03
1.380915919210603604e-03
1.266620893423047551e-03
1.161573627197950639e-03
1.065049085448356494e-03
9.763764785660020845e-04
8.949355039992579327e-04
8.201528119108270802e-04
7.514986863031140234e-04
6.884839326090744270e-04
6.306569625084135211e-04
5.776010666179105845e-04
5.289318656983469464e-04
4.842949311001428642e-04
4.433635653189629236e-04
4.058367337373859217e-04
3.714371388772339465e-04
3.399094287691626455e-04
3.110185313530454214e-04
2.845481071471683897e-04
2.602991127602395909e-04
2.380884681625375333e-04
2.177478209769329346e-04
1.991224013935512997e-04
1.820699616505876194e-04
1.664597943560095861e-04
1.521718242487121882e-04
1.390957683117513197e-04
