0.000000000000000000e+00
3.231835502979760189e-02
5.848571384066306167e-02
7.938009345536332917e-02
9.576810507413884010e-02
1.083182061568503107e-01
1.176124391823014648e-01
1.241568250983958038e-01
1.283905612040853461e-01
1.306941568876039961e-01
1.313966260784069084e-01
1.307818422673643344e-01
1.290941503452960881e-01
1.265433191554823367e-01
1.233089094185275403e-01
1.195441234490255272e-01
1.153791957365208065e-01
1.109243769131302709e-01
1.062725577917552622e-01
1.015015749559451813e-01
9.667623474707459641e-02
9.185008836568035739e-02
8.706698712713774324e-02
8.236244363866622453e-02
7.776482175145356390e-02
7.329637554959571311e-02
6.897415533183783032e-02
6.481079649173562829e-02
6.081520537911891400e-02
5.699315460587457000e-02
5.334779881996946221e-02
4.988012069356840411e-02
4.658931573645468810e-02
4.347312353900561338e-02
4.052811215568886960e-02
3.774992154790841187e-02
3.513347130288289183e-02
3.267313722312829155e-02
3.036290083016703056e-02
2.819647533838838885e-02
2.616741122348919049e-02
2.426918412835081876e-02
2.249526751196396709e-02
2.083919214911448756e-02
1.929459432555905365e-02
1.785525434139900378e-02
1.651512673079453056e-02
1.526836342592506612e-02
1.410933093441570085e-02
1.303262245984725988e-02
1.203306577225066697e-02
1.110572752770857055e-02
1.024591464161374137e-02
9.449173237229503350e-03
8.711285618597333982e-03
8.028265653329574175e-03
7.396352895339424263e-03
6.812005729142821958e-03
6.271893775175749718e-03
5.772889758859037906e-03
5.312061014249741878e-03
4.886660765459602089e-03
4.494119305079308582e-03
4.132035168165673275e-03
3.798166382523744840e-03
3.490421860690544505e-03
3.206852985887862287e-03
2.945645432980343627e-03
2.705111255908354464e-03
2.483681264947541507e-03
2.279897710289266986e-03
2.092407282672295848e-03
1.919954436979780460e-03
1.761375040718794359e-03
1.615590346010086767e-03
1.481601281034719509e-03
1.358483054726094489e-03
1.245380066785067852e-03
1.141501113766929748e-03
1.046114880984836413e-03
9.585457092448759287e-04
8.781696249303636839e-04
8.044106216494678824e-04
7.367371815185668913e-04
6.746590241457040785e-04
6.177240714800716955e-04
5.655156168837086614e-04
5.176496870428587112e-04
4.737725856534080564e-04
4.335586081745191125e-04
3.967079173360748808e-04
3.629445694994281116e-04
3.320146823995078823e-04
3.036847352329695329e-04
2.777399924963721884e-04
2.539830434159118136e-04
2.322324492423090653e-04
2.123214911082090743e-04
1.940970115584938083e-04
1.774183432645025577e-04
