0.000000000000000000e+00
2.051680827340200339e-02
3.712875164888777141e-02
5.039322566531698189e-02
6.079690159667849175e-02
6.876413933165607950e-02
7.466443954358480128e-02
7.881904181167247170e-02
8.150676375421950226e-02
8.296916587631428253e-02
8.341511758680161814e-02
8.302483158464829538e-02
8.195342644791658859e-02
8.033407068519383964e-02
7.828075564519436369e-02
7.589073944989450926e-02
7.324669945246109481e-02
7.041862656298462919e-02
6.746549107858884620e-02
6.443670635152719262e-02
6.137341368616545945e-02
5.830960923463491402e-02
5.527313132686483693e-02
5.228652459277028514e-02
4.936779538496970793e-02
4.653107136485787332e-02
4.378717665111397234e-02
4.114413262808143401e-02
3.860759335431940276e-02
3.618122348327980353e-02
3.386702569447544442e-02
3.166562382214488380e-02
2.957650714810585932e-02
2.759824068623964455e-02
2.572864571895908115e-02
2.396495434313738321e-02
2.230394133722820096e-02
2.074203626636982392e-02
1.927541839250463893e-02
1.790009664693770902e-02
1.661197664883000760e-02
1.540691651088601372e-02
1.428077295940096032e-02
1.322943910671693125e-02
1.224887504718536087e-02
1.133513230043894059e-02
1.048437299591017773e-02
9.692884578113682495e-03
8.957090711469908179e-03
8.273558974823650922e-03
7.639005857905790606e-03
7.050299503565623550e-03
6.504460579562734712e-03
5.998661611076843390e-03
5.530225059004960364e-03
5.096620388798696853e-03
4.695460339370222287e-03
4.324496570858252752e-03
3.981614843261105548e-03
3.664829854638135959e-03
3.372279847334107988e-03
3.102221073122433947e-03
2.853022192964140957e-03
2.623158673950010816e-03
2.411207234677394118e-03
2.215840380584106067e-03
2.035821062420578847e-03
1.869997483911495706e-03
1.717298078584818038e-03
1.576726670592813349e-03
1.447357829996153214e-03
1.328332429323102887e-03
1.218853405158237032e-03
1.118181725977823423e-03
1.025632565360667849e-03
9.405716780012276070e-04
8.624119745817185973e-04
7.906102904738662816e-04
7.246643423973061181e-04
6.641098665241397352e-04
6.085179310561099645e-04
5.574924159849622236e-04
5.106676525538995015e-04
4.677062148480789138e-04
4.282968559369956991e-04
3.921525810560809585e-04
3.590088504356150120e-04
3.286219045509197051e-04
3.007672047690162663e-04
2.752379825952836834e-04
2.518438909721894942e-04
2.304097513449102747e-04
2.107743904807218925e-04
1.927895613062304589e-04
1.763189423053957555e-04
1.612372102990674411e-04
1.474291817010482783e-04
1.347890176147135207e-04
1.232194883964318451e-04
1.126312935663427434e-04
