0.000000000000000000e+00
1.997420284613060648e-02
3.614681226123866997e-02
4.906048241503465496e-02
5.918901364802473669e-02
6.694554285671733274e-02
7.268979857698534830e-02
7.673452460561228095e-02
7.935116470669602295e-02
8.077489086527213369e-02
8.120904854741027579e-02
8.082908438967516263e-02
7.978601456876112386e-02
7.820948570259203536e-02
7.621047442513471937e-02
7.388366668514403934e-02
7.130955327830951207e-02
6.855627407399597639e-02
6.568123978935543061e-02
6.273255694797894022e-02
5.975027879537164743e-02
5.676750239173945778e-02
5.381132983022939020e-02
5.090370950578735482e-02
4.806217155930695567e-02
4.530047001971317100e-02
4.262914274159076283e-02
4.005599896874840332e-02
3.758654322757534055e-02
3.522434325289825613e-02
3.297134875961879596e-02
3.082816708351049373e-02
2.879430101329011338e-02
2.686835351373487168e-02
2.504820348752542433e-02
2.333115623391805726e-02
2.171407182839176983e-02
2.019347426292297104e-02
1.876564384602906130e-02
1.742669506030288668e-02
1.617264180847638802e-02
1.499945174322223421e-02
1.390309116747004241e-02
1.287956180789910816e-02
1.192493060173337345e-02
1.103535349356521422e-02
1.020709411250346477e-02
9.436538088546980035e-03
8.720203669009872829e-03
8.054749209544069533e-03
7.436978038460248346e-03
6.863841126436712528e-03
6.332437935255089308e-03
5.840015767963197858e-03
5.383967897995246658e-03
4.961830715529226554e-03
4.571280095068635738e-03
4.210127158311456966e-03
3.876313580293287101e-03
3.567906564102207249e-03
3.283093589751654579e-03
3.020177025703316837e-03
2.777568676734962130e-03
2.553784329065941511e-03
2.347438342636416504e-03
2.157238330964587891e-03
1.981979960885556485e-03
1.820541897534073928e-03
1.671880914020733820e-03
1.535027180234152478e-03
1.409079740963280246e-03
1.293202189971707008e-03
1.186618543679102350e-03
1.088609315634747219e-03
9.985077909349863827e-04
9.156964980794626797e-04
8.396038744271476246e-04
7.697011203558281906e-04
7.054992364073753948e-04
6.465462370804880669e-04
5.924245344817968524e-04
5.427484847386852959e-04
4.971620898896077960e-04
4.553368478801119649e-04
4.169697432878041884e-04
3.817813714622686418e-04
3.495141888835367832e-04
3.199308827041758203e-04
2.928128526359661588e-04
2.679587985644496994e-04
2.451834075165921947e-04
2.243161338626004325e-04
2.052000668978025107e-04
1.876908802203596676e-04
1.716558575920834433e-04
1.569729902400540048e-04
1.435301408237751701e-04
1.312242695545028667e-04
1.199607182086641143e-04
1.096525480248676461e-04
