0.000000000000000000e+00
3.438522214338470689e-02
6.222607124562624242e-02
8.445671646062118121e-02
1.018927963440314638e-01
1.152455184504965896e-01
1.251341488259554713e-01
1.320970701537725334e-01
1.366015678720623461e-01
1.390524862196484135e-01
1.397998806694083218e-01
1.391457793733069659e-01
1.373501538968120161e-01
1.346361885037358208e-01
1.311949274245325370e-01
1.271893707752455027e-01
1.227580819774842097e-01
1.180183625607755665e-01
1.130690440168135857e-01
1.079929408395216284e-01
1.028590039529925226e-01
9.772420933650512176e-02
9.263521274401313732e-02
8.762979793298213138e-02
8.273814271793991648e-02
7.798392440624114796e-02
7.338528372037687875e-02
6.895566412966608327e-02
6.470454157485824864e-02
6.063805784571638796e-02
5.675956934051709646e-02
5.307012157660337404e-02
4.956885861391305964e-02
4.625337548205269572e-02
4.312002075107159577e-02
4.016415554329359067e-02
3.738037453651383429e-02
3.476269384697064369e-02
3.230471009431792884e-02
2.999973443193606343e-02
2.784090486682820956e-02
2.582127978737274940e-02
2.393391525839024328e-02
2.217192832603361030e-02
2.052854829520674856e-02
1.899715769535822996e-02
1.757132443284744813e-02
1.624482643631790235e-02
1.501166993267763310e-02
1.386610234275650021e-02
1.280262065514506560e-02
1.181597602204920681e-02
1.090117522037298975e-02
1.005347953303602562e-02
9.268401528288356533e-03
8.541700147217294939e-03
7.869374450606297228e-03
7.247656324791978792e-03
6.673002401276005406e-03
6.142085405789347689e-03
5.651785118573678102e-03
5.199179098217334392e-03
4.781533295910249566e-03
4.396292664978019259e-03
4.041071851590237810e-03
3.713646036232747839e-03
3.411941981553918805e-03
3.134029330245589103e-03
2.878112186440749069e-03
2.642521005473303340e-03
2.425704809548951627e-03
2.226223740743819412e-03
2.042741957623092196e-03
1.874020877519530243e-03
1.718912763011765706e-03
1.576354648289821645e-03
1.445362598799111590e-03
1.325026295733963992e-03
1.214503935537796777e-03
1.113017433498666867e-03
1.019847919752855199e-03
9.343315154797496476e-04
8.558553767483741267e-04
7.838539933251582837e-04
7.178057297439888315e-04
6.572295960476469542e-04
6.016822358121529839e-04
5.507551193435150996e-04
5.040719302736188043e-04
4.612861341646970264e-04
4.220787181483555547e-04
3.861560910654777707e-04
3.532481340292985814e-04
3.231063917984943433e-04
2.955023958145300278e-04
2.702261102230283881e-04
2.470844926586327015e-04
2.259001620236910561e-04
2.065101659305497092e-04
1.887648409034575812e-04
