0.000000000000000000e+00
3.227301905908398771e-02
5.840367047529374661e-02
7.926873959503170919e-02
9.563376222151109829e-02
1.081662581069712248e-01
1.174474532449476388e-01
1.239826587405670755e-01
1.282104557897693620e-01
1.305108200047820355e-01
1.312123037765364764e-01
1.305983823800823951e-01
1.289130579408727661e-01
1.263658050398676347e-01
1.231359325111022890e-01
1.193764277579957012e-01
1.152173425780278065e-01
1.107687729444715163e-01
1.061234793636216117e-01
1.013591892303924713e-01
9.654061797625954067e-02
9.172124168049634874e-02
8.694485014414839175e-02
8.224690615758895040e-02
7.765573378338641586e-02
7.319355588775752763e-02
6.887739885140319041e-02
6.471988034303419179e-02
6.072989421871276272e-02
5.691320499254474974e-02
5.327296288717808803e-02
4.981014919629170312e-02
4.652396055820234161e-02
4.341213973417469563e-02
4.047125959298652348e-02
3.769696621227455746e-02
3.508418630602627014e-02
3.262730356634396811e-02
3.032030795743116333e-02
2.815692151273762114e-02
2.613070375530941389e-02
2.423513948035212889e-02
2.246371130224422696e-02
2.080995907075711138e-02
1.926752799862292004e-02
1.783020711089610896e-02
1.649195942227562467e-02
1.524694506857103907e-02
1.408953846003259749e-02
1.301434038485871358e-02
1.201618586864967170e-02
1.109014848794973029e-02
1.023154174157912995e-02
9.435918000669478098e-03
8.699065485817726942e-03
8.017003656355877611e-03
7.385977341325568671e-03
6.802449893397078881e-03
6.263095604840406699e-03
5.764791587996095402e-03
5.304609290845228170e-03
4.879805790658255094e-03
4.487814984794111402e-03
4.126238777068452074e-03
3.792838340309815683e-03
3.485525520418630233e-03
3.202354434123175914e-03
2.941513301411173564e-03
2.701316544062350774e-03
2.480197173601129089e-03
2.276699485140480823e-03
2.089472067832285999e-03
1.917261137829927992e-03
1.758904195677699674e-03
1.613324006756607608e-03
1.479522900738930750e-03
1.356577383848749097e-03
1.243633056017254051e-03
1.139899823694598630e-03
1.044647398077254213e-03
9.572010677814748493e-04
8.769377344965616043e-04
8.032821998485688980e-04
7.357036915635813438e-04
6.737126170116732298e-04
6.168575323140810043e-04
5.647223153861079953e-04
5.169235315491757391e-04
4.731079806619630478e-04
4.329504150797681169e-04
3.961514181421764511e-04
3.624354333024181244e-04
3.315489344397533084e-04
3.032587283322470410e-04
2.773503807059761765e-04
2.536267577136401097e-04
2.319066751270147707e-04
2.120236479508492110e-04
1.938247335782716612e-04
1.771694620078024553e-04
