0.000000000000000000e+00
1.756134714552917003e-02
3.178032801678756791e-02
4.313404492056890221e-02
5.203906378049954345e-02
5.885861513519477506e-02
6.390897281772228711e-02
6.746510161267116334e-02
6.976565525799204026e-02
7.101739729263194245e-02
7.139910933544335592e-02
7.106504431526472487e-02
7.014797586636564719e-02
6.876188947698536058e-02
6.700435595929324362e-02
6.495862333218135887e-02
6.269545921606550776e-02
6.027477227962124012e-02
5.774703810585662261e-02
5.515455201775677080e-02
5.253252888492322692e-02
4.991006768909006519e-02
4.731099662854842958e-02
4.475461276290573082e-02
4.225632861661234030e-02
3.982823675118182111e-02
3.747960206313884213e-02
3.521729045058830110e-02
3.304614150084880103e-02
3.096929197138181822e-02
2.898845605426231264e-02
2.710416771995384153e-02
2.531598981959911135e-02
2.362269407787164974e-02
2.202241562303457537e-02
2.051278527041613606e-02
1.909104239397538261e-02
1.775413088258472050e-02
1.649878037827776089e-02
1.532157472870275712e-02
1.421900935155324258e-02
1.318753900140580936e-02
1.222361724614105458e-02
1.132372879824996258e-02
1.048441570342578850e-02
9.702298262764905146e-03
8.974091453741523533e-03
8.296617517183402929e-03
7.666815291247803220e-03
7.081746797539013004e-03
6.538601517826150671e-03
6.034698741254933101e-03
5.567488310557304476e-03
5.134550050713710019e-03
4.733592124072958512e-03
4.362448521425632379e-03
4.019075868376858693e-03
3.701549700054763015e-03
3.408060334264933957e-03
3.136908453252691773e-03
2.886500486904754539e-03
2.655343875192610770e-03
2.442042274650273615e-03
2.245290762440975852e-03
2.063871081881482172e-03
1.896646964965109650e-03
1.742559560284841604e-03
1.600622988655074587e-03
1.469920043532070737e-03
1.349598048922230229e-03
1.238864883740886788e-03
1.136985178452372966e-03
1.043276687204957968e-03
9.571068365024715599e-04
8.778894496669066528e-04
8.050816448894732285e-04
7.381809034948662264e-04
6.767223041138750771e-04
6.202759177373510591e-04
5.684443580788802212e-04
5.208604812771671505e-04
4.771852286987468225e-04
4.371056064367301211e-04
4.003327950242929691e-04
3.666003828772486438e-04
3.356627170352349246e-04
3.072933648744275337e-04
2.812836806066582279e-04
2.574414705520535569e-04
2.355897513677655288e-04
2.155655956280993601e-04
1.972190593762411439e-04
1.804121865006595000e-04
1.650180850265166007e-04
1.509200706511331627e-04
1.380108730903055264e-04
1.261919010370563801e-04
1.153725617646634118e-04
1.054696316302533116e-04
9.640667395292548865e-05
