0.000000000000000000e+00
3.145833622447158362e-02
5.692935945011592946e-02
7.726772192292594155e-02
9.321963466968108403e-02
1.054357669309620577e-01
1.144826725421435182e-01
1.208529068050375882e-01
1.249739796064121833e-01
1.272162746573377579e-01
1.279000505478877503e-01
1.273016266548614162e-01
1.256588456445408841e-01
1.231758942335843682e-01
1.200275548797089809e-01
1.163629530541342716e-01
1.123088575963119146e-01
1.079725852756410892e-01
1.034445550018008309e-01
9.880053206091428397e-02
9.410359824271234686e-02
8.940587970492054615e-02
8.475006084226409386e-02
8.017070924140037858e-02
7.569543396740907593e-02
7.134589690435616527e-02
6.713869462809328448e-02
6.308612629364977742e-02
5.919686124534157684e-02
5.547651848096310512e-02
5.192816870062640783e-02
4.855276842675753518e-02
4.534953457730596382e-02
4.231626689406392527e-02
3.944962475847703376e-02
3.674536415626983299e-02
3.419853986874887147e-02
3.180367736308962329e-02
2.955491831762526583e-02
2.744614324343593384e-02
2.547107424352376345e-02
2.362336057944007181e-02
2.189664938696066557e-02
2.028464359243465145e-02
1.878114882544563644e-02
1.738011089757817568e-02
1.607564521795979209e-02
1.486205934080870802e-02
1.373386968575444553e-02
1.268581333581081730e-02
1.171285569842980129e-02
1.081019471015489189e-02
9.973262173335927308e-03
9.197722732669229295e-03
8.479470928658682308e-03
7.814626703276254804e-03
7.199529679091116324e-03
6.630732486007461998e-03
6.104993368682748792e-03
5.619268271963582043e-03
5.170702570632118925e-03
4.756622582833373858e-03
4.374526983249087293e-03
4.022078211952571924e-03
3.697093957528234040e-03
3.397538778121917454e-03
3.121515911298620386e-03
2.867259312651815936e-03
2.633125953796434677e-03
2.417588402476002207e-03
2.219227700839198139e-03
2.036726552330664266e-03
1.868862822952725928e-03
1.714503358764270929e-03
1.572598118280959601e-03
1.442174615831303330e-03
1.322332669822408107e-03
1.212239448203898630e-03
1.111124802124984715e-03
1.018276877802160854e-03
9.330379959050389424e-04
8.548007872834638594e-04
7.830045735636452682e-04
7.171319810031116185e-04
6.567057759864694663e-04
6.012859106428138827e-04
5.504667672508262383e-04
5.038745903519064326e-04
4.611650958002212514e-04
4.220212463286802896e-04
3.861511835909267457e-04
3.532863070422989941e-04
3.231794904398721351e-04
2.956034271667018270e-04
2.703490960130036690e-04
2.472243394728978615e-04
2.260525470359263736e-04
2.066714363650279200e-04
1.889319256547100656e-04
1.726970908530918718e-04
