0.000000000000000000e+00
1.525143463893776329e-02
2.760013748008128751e-02
3.746045570237140770e-02
4.519416268824557464e-02
5.111671184641152638e-02
5.550277627871418734e-02
5.859115357883578484e-02
6.058910642745387459e-02
6.167620194853875443e-02
6.200770591708913704e-02
6.171758177238723109e-02
6.092113891456370223e-02
5.971736987586916123e-02
5.819101159887059282e-02
5.641436216573855050e-02
5.444888085567187869e-02
5.234659631641834510e-02
5.015134488061975121e-02
4.789985860241151999e-02
4.562272040220377578e-02
4.334520175913188222e-02
4.108799665559875053e-02
3.886786393367311354e-02
3.669818884833159212e-02
3.458947337929209331e-02
3.254976377509190277e-02
3.058502283547050865e-02
2.869945357794459126e-02
2.689578017002848542e-02
2.517549132942552628e-02
2.353905079138087983e-02
2.198607890693201478e-02
2.051550896059833179e-02
1.912572137449839935e-02
1.781465859206383950e-02
1.657992310316759935e-02
1.541886077890228419e-02
1.432863142424429560e-02
1.330626822668901955e-02
1.234872757531407100e-02
1.145293054465855095e-02
1.061579717865631690e-02
9.834274569279493824e-03
9.105359600442704607e-03
8.426117118225186914e-03
7.793694191930662651e-03
7.205331045449015794e-03
6.658369163497965953e-03
6.150257011442873678e-03
5.678553749481151866e-03
5.240931271116118159e-03
4.835174851214760379e-03
4.459182649820288627e-03
4.110964283629500900e-03
3.788638647075095317e-03
3.490431138768691852e-03
3.214670426211416621e-03
2.959784861768461738e-03
2.724298645579400265e-03
2.506827816025349390e-03
2.306076135321651240e-03
2.120830926506308937e-03
1.949958908334501698e-03
1.792402066177635001e-03
1.647173589793154676e-03
1.513353902630775079e-03
1.390086802040635741e-03
1.276575725234227335e-03
1.172080152018149411e-03
1.075912152084504761e-03
9.874330819217363390e-04
9.060504341368099844e-04
8.312148400935265779e-04
7.624172252193367125e-04
6.991861150678435697e-04
6.410850892057082554e-04
5.877103791853282872e-04
5.386886062375192269e-04
4.936746538445434393e-04
4.523496700096131680e-04
4.144191938041782899e-04
3.796114006310854572e-04
3.476754605748267929e-04
3.183800042063025674e-04
2.915116902574553547e-04
2.668738696709115022e-04
2.442853406530632763e-04
2.235791895086050249e-04
2.046017122042834786e-04
1.872114117943756784e-04
1.712780670357218584e-04
1.566818677223834886e-04
1.433126124760490574e-04
1.310689649356207721e-04
1.198577644958970630e-04
1.095933879491666125e-04
1.001971585835052851e-04
9.159679948648844102e-05
8.372592799207611593e-05
