0.000000000000000000e+00
2.675321902559553086e-02
4.841462725454074439e-02
6.571104948025807690e-02
7.927708846419986854e-02
8.966609504419369159e-02
9.735988551018620596e-02
1.027773453295324352e-01
1.062820431777877772e-01
1.081889657241478647e-01
1.087704715620209789e-01
1.082615519114061148e-01
1.068644761135447707e-01
1.047528913668741013e-01
1.020754385066809239e-01
9.895893881065022379e-02
9.551120073067440042e-02
9.182349002907377877e-02
8.797270196430827249e-02
8.402326986431121747e-02
8.002884058838106995e-02
7.603374396072223873e-02
7.207428021517128802e-02
6.817984678109109686e-02
6.437392332885891189e-02
6.067493184763493586e-02
5.709698661942267522e-02
5.365054725613491865e-02
5.034298645751132673e-02
4.717908280680645910e-02
4.416144772987810191e-02
4.129089468532064905e-02
3.856675771402350017e-02
3.598716564297467502e-02
3.354927749866467440e-02
3.124948402971260142e-02
2.908357965709827686e-02
2.704690865539896225e-02
2.513448891235174273e-02
2.334111621034542713e-02
2.166145161625255416e-02
2.009009425014483471e-02
1.862164142426355612e-02
1.725073789701549176e-02
1.597211576906570202e-02
1.478062635653132166e-02
1.367126520694022553e-02
1.263919127441814026e-02
1.167974113920728502e-02
1.078843904105638261e-02
9.961003394436533306e-03
9.193350364318765566e-03
8.481595002960929872e-03
7.822050379523281388e-03
7.211225074233442237e-03
6.645819356250107397e-03
6.122720318443525787e-03
5.638996202230619689e-03
5.191890110676739695e-03
4.778813277686195897e-03
4.397338034702582589e-03
4.045190593444130366e-03
3.720243743380181010e-03
3.420509545534627417e-03
3.144132089446508363e-03
2.889380367431579506e-03
2.654641309411975326e-03
2.438413012283869620e-03
2.239298189873658272e-03
2.055997862813436529e-03
1.887305301989700103e-03
1.732100234447906924e-03
1.589343316648554605e-03
1.458070876661888811e-03
1.337389924165215301e-03
1.226473424887461212e-03
1.124555834359088503e-03
1.030928884409262154e-03
9.449376147520826500e-04
8.659766411724268559e-04
7.934866512181383731e-04
7.269511178933982633e-04
6.658932215968805775e-04
6.098729704309951288e-04
5.584845090018680401e-04
5.113536059137873324e-04
4.681353103193315406e-04
4.285117681026759905e-04
3.921901885359578934e-04
3.589009525463432849e-04
3.283958540555188951e-04
3.004464661959464333e-04
2.748426245629742234e-04
2.513910200233512014e-04
2.299138939643376612e-04
2.102478292298091077e-04
1.922426303474178378e-04
1.757602870016656627e-04
1.606740150496593000e-04
1.468673697079332825e-04
