0.000000000000000000e+00
2.595472739571196008e-02
4.696961704512639391e-02
6.374980051987495788e-02
7.691093987028149725e-02
8.698987031368055067e-02
9.445402757989641851e-02
9.970979484490591349e-02
1.031098895089827411e-01
1.049598969719411634e-01
1.055240468593461878e-01
1.050303167110080566e-01
1.036749388235864849e-01
1.016263776235175748e-01
9.902883752807344064e-02
9.600535463571911732e-02
9.266051968662476768e-02
8.908287447381049717e-02
8.534701919658091440e-02
8.151546406950528623e-02
7.764025477753074000e-02
7.376439805198273247e-02
6.992311068949151609e-02
6.614491270720038174e-02
6.245258298803178787e-02
5.886399368809081684e-02
5.539283782657779959e-02
5.204926283194241665e-02
4.884042135417906300e-02
4.577094935225742289e-02
4.284338030994961494e-02
4.005850340690705891e-02
3.741567256060952112e-02
3.491307244612771449e-02
3.254794688324619267e-02
3.031679434433182108e-02
2.821553477244245420e-02
2.623965139955623804e-02
2.438431081233644743e-02
2.264446412117928492e-02
2.101493174175978612e-02
1.949047399185124124e-02
1.806584943535403942e-02
1.673586266622911073e-02
1.549540301382945628e-02
1.433947546478871356e-02
1.326322493233939200e-02
1.226195485918658325e-02
1.133114101262284665e-02
1.046644121845600843e-02
9.663701681768244525e-03
8.918960455968951914e-03
8.228448545652477381e-03
7.588589062191659559e-03
6.995994792693378123e-03
6.447464491939875093e-03
5.939978162379321198e-03
5.470691548345098243e-03
5.036930036799859393e-03
4.636182127417579936e-03
4.266092609203715226e-03
3.924455558641079880e-03
3.609207255121562024e-03
3.318419092814407171e-03
3.050290553806649617e-03
2.803142295043478584e-03
2.575409391044296194e-03
2.365634765350479746e-03
2.172462835977857689e-03
1.994633393627714187e-03
1.830975725902729946e-03
1.680402996145375716e-03
1.541906881648299078e-03
1.414552472776448326e-03
1.297473431898813097e-03
1.189867408874572272e-03
1.090991708105220866e-03
1.000159200790313877e-03
9.167344749572112509e-04
8.401302150287423380e-04
7.698038021069397892e-04
7.052541257513672123e-04
6.460185977868405840e-04
5.916703585615420893e-04
5.418156660700705878e-04
4.960914584375416625e-04
4.541630804136402599e-04
4.157221647353488854e-04
3.804846594716306224e-04
3.481889927522221519e-04
3.185943665970966524e-04
2.914791718955469829e-04
2.666395169280087458e-04
2.438878621744025685e-04
2.230517545055748965e-04
2.039726542058025859e-04
1.865048486213252449e-04
1.705144465701836107e-04
1.558784479803584303e-04
1.424838835449185413e-04
