0.000000000000000000e+00
2.537295602967729741e-02
4.591680004366627960e-02
6.232085819397665399e-02
7.518699255736401021e-02
8.504000526936768278e-02
9.233685455723887603e-02
9.747481457832293805e-02
1.007986966246670058e-01
1.026072364446604102e-01
1.031587409959908164e-01
1.026760777357178800e-01
1.013510804426688422e-01
9.934843743814092409e-02
9.680912081877560138e-02
9.385340884713448684e-02
9.058354787745540038e-02
8.708609505159681241e-02
8.343397841645756874e-02
7.968830702941628874e-02
7.589995997910932435e-02
7.211098000735642610e-02
6.835579453151333085e-02
6.466228429676794398e-02
6.105271760075967058e-02
5.754456599786456072e-02
5.415121558028794524e-02
5.088258632337545884e-02
4.774567055153246253e-02
4.474500030939575906e-02
4.188305229307435346e-02
3.916059799287482240e-02
3.657700580812081603e-02
3.413050110412214899e-02
3.181838948003423706e-02
2.963724789444663332e-02
2.758308774428856400e-02
2.565149350422364291e-02
2.383774010115839379e-02
2.213689181560084263e-02
2.054388516284065200e-02
1.905359790735128636e-02
1.766090609904610864e-02
1.636073078614204770e-02
1.514807585291685389e-02
1.401805824848811367e-02
1.296593171213832399e-02
1.198710495920794067e-02
1.107715516699481206e-02
1.023183749049742970e-02
9.447091241495132394e-03
8.719043279842670843e-03
8.044009091607544001e-03
7.418491963590795844e-03
6.839180606774051402e-03
6.302945531376430606e-03
5.806834432643426594e-03
5.348066808477445859e-03
4.924027996895783028e-03
4.532262792479821792e-03
4.170468775940227961e-03
3.836489469208364655e-03
3.528307409667543002e-03
3.244037220900734299e-03
2.981918743337011804e-03
2.740310276147128309e-03
2.517681971423087715e-03
2.312609412859033178e-03
2.123767403639963396e-03
1.949923981871732248e-03
1.789934676501813305e-03
1.642737012155201124e-03
1.507345267528515179e-03
1.382845488847546595e-03
1.268390757310824176e-03
1.163196707336961594e-03
1.066537290739167981e-03
9.777407806071743319e-04
8.961860076334881220e-04
8.212988208325151676e-04
7.525487640284268072e-04
6.894459590970049507e-04
6.315381867084202735e-04
5.784081552066559946e-04
5.296709482549783257e-04
4.849716419565941136e-04
4.439830823090018530e-04
4.064038140556600173e-04
3.719561522474470723e-04
3.403843881087859936e-04
3.114531211106669607e-04
2.849457094777394059e-04
2.606628316931000697e-04
2.384211519072041005e-04
2.180520825022166389e-04
1.994006374066343863e-04
1.823243700942249175e-04
1.666923905340192901e-04
1.523844556823742498e-04
1.392901284226225555e-04
