0.000000000000000000e+00
3.047574297304085980e-02
5.515118516890766404e-02
7.485428398478628786e-02
9.030794273296599561e-02
1.021425071632953013e-01
1.109068349440267554e-01
1.170780965355090880e-01
1.210704486602912633e-01
1.232427061870123158e-01
1.239051245089117653e-01
1.233253922362746030e-01
1.217339230792829213e-01
1.193285260336503367e-01
1.162785242708114786e-01
1.127283853652493589e-01
1.088009185634718629e-01
1.046000886224696114e-01
1.002134902399284405e-01
9.571452219223916535e-02
9.116429592523289660e-02
8.661330944915655861e-02
8.210291392235889718e-02
7.766659722158748835e-02
7.333110604969048096e-02
6.911742568721154778e-02
6.504163432011315915e-02
6.111564694239832868e-02
5.734786211358502278e-02
5.374372332347915338e-02
5.030620535964400175e-02
4.703623486776725704e-02
4.393305322517006978e-02
4.099452889815861922e-02
3.821742561156220297e-02
3.559763191182811065e-02
3.313035704292997125e-02
3.081029746770461500e-02
2.863177784769494263e-02
2.658886983468451010e-02
2.467549162021553597e-02
2.288549082956386690e-02
2.121271302862791711e-02
1.965105783127481937e-02
1.819452434669639740e-02
1.683724748753574751e-02
1.557352646664215967e-02
1.439784664035185548e-02
1.330489570655354718e-02
1.228957513415471561e-02
1.134700758484437529e-02
1.047254098641512907e-02
9.661749827726055090e-03
8.910434167210342857e-03
8.214616778370797609e-03
7.570538795819904687e-03
6.974654173098938231e-03
6.423623217853441716e-03
5.914305430156916940e-03
5.443751835156124957e-03
5.009196971136799063e-03
4.608050668026917457e-03
4.237889728777936328e-03
3.896449606561902448e-03
3.581616153913603356e-03
3.291417505495304943e-03
3.024016143771509919e-03
2.777701186290322619e-03
2.550880924246690194e-03
2.342075634348036658e-03
2.149910679536068576e-03
1.973109908683341480e-03
1.810489360841445244e-03
1.660951275848755000e-03
1.523478410003651241e-03
1.397128652980979702e-03
1.281029940134398651e-03
1.174375452713995486e-03
1.076419097275406597e-03
9.864712546097296163e-04
9.038947878357081597e-04
8.281012988264417054e-04
7.585476218566910732e-04
6.947325432232250714e-04
6.361937355830765044e-04
5.825048958503530657e-04
5.332730756716513604e-04
4.881361937464922282e-04
4.467607195580917522e-04
4.088395184189770517e-04
3.740898481051272264e-04
3.422514977426066932e-04
3.130850600147814492e-04
2.863703281699454123e-04
2.619048097234404570e-04
2.395023491609461666e-04
2.189918523570564678e-04
2.002161058228551669e-04
1.830306842856984316e-04
1.673029404821652956e-04
