0.000000000000000000e+00
2.652833547890263988e-02
4.800766115904401415e-02
6.515869225364191719e-02
7.861069714851337542e-02
8.891237529733450606e-02
9.654149291458127835e-02
1.019134143791943642e-01
1.053886522629703532e-01
1.072795455044051605e-01
1.078561632914191021e-01
1.073515215430597552e-01
1.059661893548224099e-01
1.038723542728376831e-01
1.012174076798240674e-01
9.812710481282690966e-02
9.470834790206109077e-02
9.105163554353687405e-02
8.723321662570424073e-02
8.331698285960564831e-02
7.935613015708618823e-02
7.539461571249657379e-02
7.146843462535205915e-02
6.760673721463329733e-02
6.383280578412982298e-02
6.016490747052385957e-02
5.661703791328127205e-02
5.319956880238581320e-02
4.991981086376891252e-02
4.678250251263096210e-02
4.379023322357565584e-02
4.094380961738644520e-02
3.824257133290513005e-02
3.568466292591943034e-02
3.326726730371708934e-02
3.098680555374299164e-02
2.883910744844345869e-02
2.681955639772538869e-02
2.492321216821433497e-02
2.314491428817181881e-02
2.147936870274151991e-02
1.992121993098180249e-02
1.846511069931695490e-02
1.710573078151142110e-02
1.583785655940197698e-02
1.465638262817029261e-02
1.355634660202115378e-02
1.253294812818584424e-02
1.158156298691365334e-02
1.069775304052270233e-02
9.877272693849898852e-03
9.116072439971029465e-03
8.410299987432005506e-03
7.756299397180754784e-03
7.150608597795866765e-03
6.589955595478594157e-03
6.071253649729645499e-03
5.591595645888890534e-03
5.148247861083833470e-03
4.738643289998322947e-03
4.360374670693736854e-03
4.011187328011581697e-03
3.688971932433881065e-03
3.391757255301411540e-03
3.117702986658197391e-03
2.865092669410972473e-03
2.632326792707018453e-03
2.417916078214744566e-03
2.220474985138558462e-03
2.038715453136300589e-03
1.871440896678411032e-03
1.717540459656784896e-03
1.575983535097832998e-03
1.445814551553511107e-03
1.326148025043847288e-03
1.216163873223813276e-03
1.115102986675865770e-03
1.022263050825188060e-03
9.369946108838130656e-04
8.586973714055350787e-04
7.868167214347849278e-04
7.208404758242019155e-04
6.602958230465156859e-04
6.047464697100375479e-04
5.537899719804643831e-04
5.070552441950696180e-04
4.642002351115193993e-04
4.249097624480152667e-04
3.888934966316401820e-04
3.558840849670489638e-04
3.256354077589969321e-04
2.979209582619348840e-04
2.725323386816763172e-04
2.492778648125518171e-04
2.279812722540602366e-04
2.084805175101821781e-04
1.906266676291843321e-04
1.742828723895817940e-04
1.593234133769714394e-04
1.456328246252732350e-04
