0.000000000000000000e+00
4.132343625966734130e-02
7.478198273914189731e-02
1.014983042659422796e-01
1.224526180893645705e-01
1.384996384796550739e-01
1.503835863370139303e-01
1.587514786388667387e-01
1.641648891896947959e-01
1.671103512748832454e-01
1.680085541940528615e-01
1.672224690233914957e-01
1.650645241186077805e-01
1.618029376305500644e-01
1.576673024944341694e-01
1.528535088190269009e-01
1.475280792080480574e-01
1.418319841708156615e-01
1.358839973139225332e-01
1.297836433531535383e-01
1.236137860578603032e-01
1.174428979607559792e-01
1.113270489649697270e-01
1.053116467949817697e-01
9.943295851313346811e-02
9.371943900906291869e-02
8.819288942124862973e-02
8.286946582817093787e-02
7.776055621598068623e-02
7.287354165834761255e-02
6.821245580407780951e-02
6.377855513390888464e-02
5.957081099708925326e-02
5.558633315081795007e-02
5.182073338343255731e-02
4.826843678937718651e-02
4.492294736619289325e-02
4.177707380831881950e-02
3.882312066802817707e-02
3.605304943023493469e-02
3.345861349618112907e-02
3.103147058312132403e-02
2.876327561590717730e-02
2.664575680547208794e-02
2.467077727295367146e-02
2.283038428152235969e-02
2.111684787641835911e-02
1.952269050324254365e-02
1.804070897164505860e-02
1.666398995305485783e-02
1.538592004418299318e-02
1.420019129022397422e-02
1.310080294075441874e-02
1.208206010532378478e-02
1.113856988290279695e-02
1.026523545815255338e-02
9.457248586531132387e-03
8.710080828346077747e-03
8.019473837914037687e-03
7.381428967048258953e-03
6.792196401315038837e-03
6.248264012135016851e-03
5.746346077192293622e-03
5.283371995170120169e-03
4.856475098040105402e-03
4.462981644536333573e-03
4.100400061645429785e-03
3.766410486583040337e-03
3.458854649494752173e-03
3.175726126740072673e-03
2.915160985849534359e-03
2.675428835875186002e-03
2.454924290696373478e-03
2.252158847732291247e-03
2.065753180306585234e-03
1.894429838481267048e-03
1.737006350417690664e-03
1.592388714134851217e-03
1.459565267836047302e-03
1.337600925690960287e-03
1.225631765027563030e-03
1.122859950252026295e-03
1.028548978426744578e-03
9.420192312554135760e-04
8.626438182138184904e-04
7.898446956948599511e-04
7.230890472796053627e-04
6.618859105802168833e-04
6.057830365058961084e-04
5.543639672629102752e-04
5.072453199003469073e-04
4.640742627424483788e-04
4.245261725963434072e-04
3.883024611822936717e-04
3.551285597952724389e-04
3.247520517661533590e-04
2.969409428432499658e-04
2.714820601567774277e-04
2.481795709569431388e-04
2.268536128285848395e-04
