0.000000000000000000e+00
2.848991776347075539e-02
5.155748725831139911e-02
6.997671547684856941e-02
8.442340073961149272e-02
9.548681493380646590e-02
1.036800516974195618e-01
1.094491886596825614e-01
1.131813957405231885e-01
1.152121071280063080e-01
1.158313617113195526e-01
1.152894052843056599e-01
1.138016376047481237e-01
1.115529782667562808e-01
1.087017172005834975e-01
1.053829083512689696e-01
1.017113586108611967e-01
9.778425830478003344e-02
9.368349438606195234e-02
8.947768290469675090e-02
8.522395323297488057e-02
8.096951288804947466e-02
7.675301855178784383e-02
7.260577600254153330e-02
6.855278910536025117e-02
6.461367572214359034e-02
6.080346637064665272e-02
5.713329965377729469e-02
5.361102687380598503e-02
5.024173681813501324e-02
4.702821043465189865e-02
4.397131398802692909e-02
4.107033828807717807e-02
3.832329069364862756e-02
3.572714580800019635e-02
3.327806008337295951e-02
3.097155493345856922e-02
2.880267240406480037e-02
2.676610696659253996e-02
2.485631656901342301e-02
2.306761569865697567e-02
2.139425287474399848e-02
1.983047469130864646e-02
1.837057826854238129e-02
1.700895373876179506e-02
1.574011818866690587e-02
1.455874229922340425e-02
1.345967076561674705e-02
1.243793743983803018e-02
1.148877601539658767e-02
1.060762696547439855e-02
9.790141350827039762e-03
9.032182030365687106e-03
8.329822734271238177e-03
7.679345395491739799e-03
7.077236079490176364e-03
6.520179803196768722e-03
6.005054491437897442e-03
5.528924281920677940e-03
5.089032357489592893e-03
4.682793456256613418e-03
4.307786185824167766e-03
3.961745246714609703e-03
3.642553651888214613e-03
3.348235013518210609e-03
3.076945954681436536e-03
2.826968692040450568e-03
2.596703825692169704e-03
2.384663363924644734e-03
2.189464003467618027e-03
2.009820679777131556e-03
1.844540396813455991e-03
1.692516341525792702e-03
1.552722284733891933e-03
1.424207267196819608e-03
1.306090567295696732e-03
1.197556944854732009e-03
1.097852154116722278e-03
1.006278717717699932e-03
9.221919526201714876e-04
8.449962383213936376e-04
7.741415172144886859e-04
7.091200167126591840e-04
6.494631826218492552e-04
5.947388132401153693e-04
5.445483837515040487e-04
4.985245506499467278e-04
4.563288261590020350e-04
4.176494128926905498e-04
3.821991893197618033e-04
3.497138369388508284e-04
3.199501004368340319e-04
2.926841724804853302e-04
2.677101951764429295e-04
2.448388706217571311e-04
2.238961733529995838e-04
2.047221578828053903e-04
1.871698548862759423e-04
1.711042499637876178e-04
1.564013392598886780e-04
