0.000000000000000000e+00
3.254218685707249703e-02
5.889077666599443206e-02
7.992986745688611394e-02
9.643137985819373592e-02
1.090684009606660565e-01
1.184270043774718340e-01
1.250167156777523547e-01
1.292797739716492755e-01
1.315993239953770211e-01
1.323066583769496041e-01
1.316876166702413420e-01
1.299882360602294673e-01
1.274197382161024183e-01
1.241629274676818301e-01
1.203720671846178897e-01
1.161782938399794074e-01
1.116926216443643732e-01
1.070085847577866012e-01
1.022045588476909600e-01
9.734579909394630581e-02
9.248622758425430190e-02
8.766999934128102967e-02
8.293287292695986079e-02
7.830340863603620083e-02
7.380401468088090833e-02
6.945185944791777699e-02
6.525966584144453353e-02
6.123640189526447647e-02
5.738788020146356333e-02
5.371727725660269126e-02
5.022558253867901584e-02
4.691198598570353595e-02
4.377421153281319671e-02
4.080880346536244763e-02
3.801137154781594751e-02
3.537680018125506642e-02
3.289942621589148075e-02
3.057318949021536891e-02
2.839175967733088835e-02
2.634864258454723204e-02
2.443726866807788972e-02
2.265106618512038178e-02
2.098352110562753600e-02
1.942822564127533180e-02
1.797891701550504914e-02
1.662950789253441267e-02
1.537410970174792231e-02
1.420704993409141643e-02
1.312288434652688317e-02
1.211640488703663067e-02
1.118264404414179118e-02
1.031687622967168878e-02
9.514616720042166562e-03
8.771618608198023317e-03
8.083868154427673036e-03
7.447578868388094776e-03
6.859184605925234407e-03
6.315331921791729301e-03
5.812871882398140504e-03
5.348851510619962064e-03
4.920505006832557454e-03
4.525244866238588119e-03
4.160652991727606213e-03
3.824471883559008804e-03
3.514595971728011123e-03
3.229063143644079602e-03
2.966046508442261344e-03
2.723846429614862168e-03
2.500882849477108726e-03
2.295687922075212873e-03
2.106898965341541356e-03
1.933251738451884907e-03
1.773574046315365589e-03
1.626779669815141141e-03
1.491862617718504001e-03
1.367891694001854884e-03
1.254005372613387938e-03
1.149406970358182864e-03
1.053360107579271810e-03
9.651844455737816544e-04
8.842516891822180909e-04
8.099818426833703313e-04
7.418397069846252448e-04
6.793316060893951755e-04
6.220023309256279094e-04
5.694322888109420999e-04
5.212348470929990211e-04
4.770538598228941051e-04
4.365613666815343352e-04
3.994554537731826067e-04
3.654582663170927105e-04
3.343141636996872128e-04
3.057880077893857071e-04
2.796635758585346672e-04
2.557420898974609950e-04
2.338408545407378919e-04
2.137919962524425350e-04
1.954412968330901726e-04
1.786471147142983215e-04
