0.000000000000000000e+00
2.866972560744825496e-02
5.188288098888582667e-02
7.041835811137564516e-02
8.495622044777161042e-02
9.608945894506930319e-02
1.043344055187946234e-01
1.101399531189333758e-01
1.138957152031283421e-01
1.159392429784773526e-01
1.165624058507657851e-01
1.160170289850731840e-01
1.145198715873345791e-01
1.122570203309679326e-01
1.093877641582742533e-01
1.060480093775350297e-01
1.023532874592234798e-01
9.840140212410214415e-02
9.427475713668435897e-02
9.004240160205377597e-02
8.576182545195715212e-02
8.148053414339952172e-02
7.723742833138562414e-02
7.306401137379518740e-02
6.898544494206763911e-02
6.502147071191910488e-02
6.118721406290859172e-02
5.749388389678405931e-02
5.394938106758181973e-02
5.055882647946555175e-02
4.732501863166315575e-02
4.424882925608369239e-02
4.132954468664650632e-02
3.856515970608162536e-02
3.595262982352245146e-02
3.348808723350454181e-02
3.116702508410800973e-02
2.898445413010422925e-02
2.693503535821832953e-02
2.501319173898064116e-02
2.321320187685911585e-02
2.152927799186980101e-02
1.995563036669168941e-02
1.848652012904581157e-02
1.711630200580386771e-02
1.583945847946563804e-02
1.465062659617296856e-02
1.354461851453989812e-02
1.251643674380765493e-02
1.156128489599144750e-02
1.067457466782351094e-02
9.851929672686792275e-03
9.089186658837261623e-03
8.382394576668217995e-03
7.727811893366028084e-03
7.121902496969433755e-03
6.561330482622794794e-03
6.042954070862352131e-03
5.563818870346681766e-03
5.121150664875694959e-03
4.712347876250097198e-03
4.334973829987262724e-03
3.986748929670592273e-03
3.665542827362710393e-03
3.369366661700172027e-03
3.096365421692181402e-03
2.844810482589928222e-03
2.613092350229944457e-03
2.399713641768170223e-03
2.203282323520286932e-03
2.022505220540371951e-03
1.856181807456826812e-03
1.703198285811944376e-03
1.562521949605925886e-03
1.433195837827939360e-03
1.314333670378496849e-03
1.205115061872910967e-03
1.104781006297927450e-03
1.012629624314743699e-03
9.280121641108005559e-04
8.503292460556763051e-04
7.790273409750010083e-04
7.135954715870806118e-04
6.535621265212146220e-04
5.984923763295657648e-04
5.479851809945389830e-04
5.016708786023969585e-04
4.592088450856146717e-04
4.202853152176523328e-04
3.846113553629242347e-04
3.519209788320330919e-04
3.219693950594985899e-04
2.945313842013815952e-04
2.693997891375455927e-04
2.463841172529997810e-04
2.253092447609147768e-04
2.060142167131936649e-04
1.883511362203987979e-04
1.721841367692463225e-04
1.573884318812500329e-04
