0.000000000000000000e+00
2.119611194316869257e-02
3.835807040611585034e-02
5.206172608066713531e-02
6.280986374043497078e-02
7.104089366760700519e-02
7.713655056139762101e-02
8.142871012053780333e-02
8.420542150796117564e-02
8.571624320462992164e-02
8.617696020557744085e-02
8.577375198326256389e-02
8.466687303250042262e-02
8.299390102023161686e-02
8.087260150509976986e-02
7.840345278827735853e-02
7.567186963845240477e-02
7.275016033796169457e-02
6.969924766789764581e-02
6.657018103769546391e-02
6.340546392456290758e-02
6.024021808021735869e-02
5.710320355103781081e-02
5.401771141100756429e-02
5.100234419618887571e-02
4.807169732943839674e-02
4.523695331186217833e-02
4.250639911276933580e-02
3.988587599443399467e-02
3.737916994558133227e-02
3.498834995367636896e-02
3.271406050787054737e-02
3.055577398029805589e-02
2.851200787299896719e-02
2.658051133188064560e-02
2.475842480960311828e-02
2.304241629876897790e-02
2.142879714878471661e-02
1.991362011841790389e-02
1.849276199621656749e-02
1.716199283795909539e-02
1.591703362004679573e-02
1.475360388656823951e-02
1.366746077238693846e-02
1.265443061212445479e-02
1.171043419273967365e-02
1.083150657323943451e-02
1.001381227684709600e-02
9.253656556880799147e-03
8.547493346034544526e-03
7.891930418270860781e-03
7.283732221847405257e-03
6.719820779973530687e-03
6.197275001219781573e-03
5.713328694188214013e-03
5.265367539300025608e-03
4.850925234166416147e-03
4.467678997253777921e-03
4.113444586883128855e-03
3.786170968526383386e-03
3.483934742444869202e-03
3.204934425575583015e-03
2.947484665868313394e-03
2.710010453712686888e-03
2.491041383403527938e-03
2.289206007541754340e-03
2.103226318650587394e-03
1.931912384920848273e-03
1.774157160724718421e-03
1.628931487213401263e-03
1.495279293816456591e-03
1.372313007680365246e-03
1.259209174925067553e-03
1.155204294975921897e-03
1.059590867071024366e-03
9.717136462855030044e-04
8.909661049989521129e-04
8.167870946101342053e-04
7.486577014315047964e-04
6.860982900375067100e-04
6.286657268622023028e-04
5.759507765154661717e-04
5.275756630879123400e-04
4.831917886217965575e-04
4.424776009198649602e-04
4.051366029307320931e-04
3.708954960741470846e-04
3.395024500408611750e-04
3.107254918096926657e-04
2.843510068602978814e-04
2.601823458169187447e-04
2.380385300298257885e-04
2.177530498822434100e-04
1.991727498969145401e-04
1.821567950045756485e-04
1.665757126235782809e-04
1.523105054832690763e-04
1.392518304016626197e-04
1.272992384988385055e-04
1.163604725902250549e-04
