0.000000000000000000e+00
2.818119875557982545e-02
5.099880623831409138e-02
6.921844223938847240e-02
8.350858207514595677e-02
9.445211223589884686e-02
1.025565664362880630e-01
1.082631885729849336e-01
1.119549531619655758e-01
1.139636595998359536e-01
1.145762038913828440e-01
1.140401201471845649e-01
1.125684740361699160e-01
1.103441813490639439e-01
1.075238167738847422e-01
1.042409708004144453e-01
1.006092062641161106e-01
9.672466032833698657e-02
9.266833261259753429e-02
8.850809563792914891e-02
8.430045971821431561e-02
8.009212082620711937e-02
7.592131675690504122e-02
7.181901405676309469e-02
6.780994564696675442e-02
6.391351680870850649e-02
6.014459518786129111e-02
5.651419868854865719e-02
5.303009353570711792e-02
4.969731337423517747e-02
4.651860901744854504e-02
4.349483734310485850e-02
4.062529684586223266e-02
3.790801647698421178e-02
3.534000362316867122e-02
3.291745638564497894e-02
3.063594470842112213e-02
2.849056436208963206e-02
2.647606730917998266e-02
2.458697155177902091e-02
2.281765318588238264e-02
2.116242305421263750e-02
1.961559009516717841e-02
1.817151322579526468e-02
1.682464336738451888e-02
1.556955701991822802e-02
1.440098261328570661e-02
1.331382070596415050e-02
1.230315896351825630e-02
1.136428272753241611e-02
1.049268187858273978e-02
9.684054602875294057e-03
8.934308589710129866e-03
8.239560114639223401e-03
7.596131399880010071e-03
7.000546588168740994e-03
6.449526617855029856e-03
5.939983244819393299e-03
5.469012420005542156e-03
5.033887199347246086e-03
4.632050335059285408e-03
4.261106673144104441e-03
3.918815461088813804e-03
3.603082651693111874e-03
3.311953273425427124e-03
3.043603924341102551e-03
2.796335435139145689e-03
2.568565737140642014e-03
2.358822962629819175e-03
2.165738797920338694e-03
1.988042103529535833e-03
1.824552810817362805e-03
1.674176100246999596e-03
1.535896862938964779e-03
1.408774444322062006e-03
1.291937666346708227e-03
1.184580122844298500e-03
1.085955741124459972e-03
9.953746017432449009e-04
9.121990074996721466e-04
8.358397920819935325e-04
7.657528583511742865e-04
7.014359359844295379e-04
6.424255480781025044e-04
5.882941763021619450e-04
5.386476142871595048e-04
4.931224990903855824e-04
4.513840108157836394e-04
4.131237307385713731e-04
3.780576485991774070e-04
3.459243100724756202e-04
3.164830957792035232e-04
2.895126235801438633e-04
2.648092662743901427e-04
2.421857772060786692e-04
2.214700166655015582e-04
2.025037723472772344e-04
1.851416674977651722e-04
1.692501507440814909e-04
1.547065619463846404e-04
