0.000000000000000000e+00
3.252519522566475751e-02
5.886002733821204397e-02
7.988813274335068715e-02
9.638102901760990660e-02
1.090114518049287856e-01
1.183651687050278623e-01
1.249514392425228604e-01
1.292122716160930829e-01
1.315306105061251341e-01
1.322375755589507984e-01
1.316188570797057755e-01
1.299203637871035877e-01
1.273532070627000079e-01
1.240980968308441068e-01
1.203092159138544615e-01
1.161176323129843591e-01
1.116343022736877716e-01
1.069527111178971285e-01
1.021511935898563456e-01
9.729497079698640194e-02
9.243793667202071518e-02
8.762422318244861286e-02
8.288957021916862344e-02
7.826252316440651668e-02
7.376547853027196067e-02
6.941559573885901224e-02
6.522559105130704138e-02
6.120442781883531080e-02
5.735791559853330168e-02
5.368922922838073597e-02
5.019935766972708630e-02
4.688749128355045731e-02
4.375135519341607354e-02
4.078749548905097333e-02
3.799152422724465933e-02
3.535832848014582724e-02
3.288224805493254743e-02
3.055722595435780148e-02
2.837693515685311280e-02
2.633488486061622696e-02
2.442450895209311371e-02
2.263923911986197995e-02
2.097256473512210118e-02
1.941808135532267776e-02
1.796952947396152772e-02
1.662082493370798178e-02
1.536608223861455833e-02
1.419963184148038265e-02
1.311603234193352632e-02
1.211007840729722007e-02
1.117680511983727351e-02
1.031148935880945271e-02
9.509648742290613410e-03
8.767038580712644205e-03
8.079647230104668523e-03
7.443690177208012355e-03
6.855603139901043051e-03
6.312034423909859693e-03
5.809836739834431212e-03
5.346058652422621890e-03
4.917935806188998386e-03
4.522882047380267882e-03
4.158480541475217951e-03
3.822474967467902416e-03
3.512760854759351594e-03
3.227377115259752287e-03
2.964497811999978506e-03
2.722424195923360199e-03
2.499577034359063126e-03
2.294489247776819278e-03
2.105798865622070856e-03
1.932242307183408298e-03
1.772647989421842225e-03
1.625930260380781429e-03
1.491083654097448332e-03
1.367177460764480192e-03
1.253350604168711668e-03
1.148806817096707615e-03
1.052810104385995234e-03
9.646804825668793461e-04
8.837899845389425102e-04
8.095589174209015526e-04
7.414523615698851182e-04
6.789768987581087066e-04
6.216775575971402856e-04
5.691349644914169654e-04
5.209626886656145827e-04
4.768047701294647546e-04
4.363334198056194237e-04
3.992468814401634990e-04
3.652674453319068332e-04
3.341396043478858159e-04
3.056283431319340078e-04
2.795175518552914587e-04
2.556085562985646641e-04
2.337187564891878618e-04
2.136803665450046086e-04
1.953392487902765962e-04
1.785538356135847517e-04
