0.000000000000000000e+00
2.095276025526373806e-02
3.791768298019863176e-02
5.146400754856347154e-02
6.208874628270040497e-02
7.022527609441051033e-02
7.625094900255456609e-02
8.049383045464027220e-02
8.323866253302970863e-02
8.473213854804732825e-02
8.518756607608926612e-02
8.478898707076194807e-02
8.369481615162828458e-02
8.204105146210313726e-02
7.994410649930350221e-02
7.750330597716595382e-02
7.480308402093843734e-02
7.191491874454744582e-02
6.889903347714580739e-02
6.580589153200229469e-02
6.267750840565407267e-02
5.954860261843414326e-02
5.644760402381396314e-02
5.339753629191606316e-02
5.041678838385264122e-02
4.751978815303186526e-02
4.471758971472533650e-02
4.201838489588897302e-02
3.942794789550538304e-02
3.695002123551920092e-02
3.458665014943559934e-02
3.233847172705261314e-02
3.020496439817824119e-02
2.818466268535053942e-02
2.627534157643997628e-02
2.447417435445176093e-02
2.277786726662814343e-02
2.118277401162109788e-02
1.968499266631214620e-02
1.828044735767012097e-02
1.696495670528872998e-02
1.573429081286292081e-02
1.458421836821922023e-02
1.351054521838095795e-02
1.250914561564994525e-02
1.157598718026191936e-02
1.070715049254790385e-02
9.898844110682099295e-03
9.147415707217073852e-03
8.449359927099461473e-03
7.801323490299165615e-03
7.200107992310085525e-03
6.642670794466288588e-03
6.126124342268668421e-03
5.647734202848748823e-03
5.204916071523097744e-03
4.795231961419024747e-03
4.416385758762007320e-03
4.066218299061784801e-03
3.742702095633183759e-03
3.443935831210683581e-03
3.168138705484103024e-03
2.913644715860680585e-03
2.678896935350485488e-03
2.462441839915661436e-03
2.262923727688208320e-03
2.079079263942532931e-03
1.909732178427529835e-03
1.753788135460621718e-03
1.610229791923352329e-03
1.478112053852108495e-03
1.356557538580732952e-03
1.244752246269235484e-03
1.141941442061614360e-03
1.047425747983062906e-03
9.605574419486946668e-04
8.807369598567235279e-04
8.074095956298827986e-04
7.400623932072945138e-04
6.782212238379605471e-04
6.214480415541560887e-04
5.693383093804085153e-04
5.215185886369823678e-04
4.776442836049236127e-04
4.373975338145066091e-04
4.004852462847766558e-04
3.666372601652223800e-04
3.356046363999996276e-04
3.071580652406253231e-04
2.810863846662624917e-04
2.571952030245339724e-04
2.353056194741310876e-04
2.152530360883280662e-04
1.968860557615919162e-04
1.800654603462867299e-04
1.646632637301394578e-04
1.505618348452582289e-04
1.376530858742248638e-04
1.258377211865707029e-04
1.150245427986589409e-04
