0.000000000000000000e+00
3.064497956808432538e-02
5.545744837630031676e-02
7.526996159951115928e-02
9.080943694582332970e-02
1.027097205741975550e-01
1.115227180458621542e-01
1.177282496237985893e-01
1.217427719079895304e-01
1.239270923224867621e-01
1.245931891575365602e-01
1.240102375403884238e-01
1.224099307048048119e-01
1.199911761109710151e-01
1.169242372085298187e-01
1.133543838231323569e-01
1.094051071803522346e-01
1.051809493698309117e-01
1.007699915163905030e-01
9.624603999137390509e-02
9.167054560208472147e-02
8.709428678216492303e-02
8.255884431945072210e-02
7.809789205413746049e-02
7.373832521772190340e-02
6.950124562531186101e-02
6.540282074756581521e-02
6.145503174432291604e-02
5.766632381362334081e-02
5.404217067382823675e-02
5.058556363196421712e-02
4.729743447952823587e-02
4.417702038109037888e-02
4.122217796621489155e-02
3.842965298818593750e-02
3.579531116190242529e-02
3.331433512751611620e-02
3.098139189648763808e-02
2.879077461431261628e-02
2.673652201172434587e-02
2.481251850702590606e-02
2.301257756038844332e-02
2.133051056116961469e-02
1.976018324683266603e-02
1.829556140267872902e-02
1.693074737159814408e-02
1.566000870907232126e-02
1.447780014775368156e-02
1.337877988548160160e-02
1.235782107821832912e-02
1.141001930302595196e-02
1.053069665400826506e-02
9.715403044464776539e-03
8.959915209892439086e-03
8.260233837629638032e-03
7.612579188718032915e-03
7.013385524945064432e-03
6.459294608119245905e-03
5.947148498623935735e-03
5.473981845484615638e-03
5.037013829943069038e-03
4.633639898305388569e-03
4.261423397128614142e-03
3.918087204200008250e-03
3.601505431860894339e-03
3.309695264695113135e-03
3.040808981143221668e-03
2.793126197953920559e-03
2.565046367312761449e-03
2.355081548790941264e-03
2.161849471754329587e-03
1.984066898407512488e-03
1.820543293080677987e-03
1.670174799577328357e-03
1.531938525281540536e-03
1.404887128181316102e-03
1.288143700918142594e-03
1.180896944350663929e-03
1.082396621860247550e-03
9.919492846740365129e-04
9.089142577894406515e-04
8.326998756121965772e-04
7.627599561323445288e-04
6.985905023281103327e-04
6.397266194800598806e-04
5.857396371742009311e-04
5.362344249531065740e-04
4.908468908218747854e-04
4.492416521162926777e-04
4.111098685816505570e-04
3.761672278818776528e-04
3.441520741511203238e-04
3.148236706062525940e-04
2.879605876528342455e-04
2.633592083335846608e-04
2.408323433833270768e-04
2.202079485640612972e-04
2.013279373556350654e-04
1.840470824691451280e-04
1.682320000300492710e-04
