0.000000000000000000e+00
4.643787802794399622e-02
8.403745930774733641e-02
1.140603565474861830e-01
1.376081046915844652e-01
1.556412026874441079e-01
1.689959807756620802e-01
1.783995347207555093e-01
1.844829421434799055e-01
1.877929526708816688e-01
1.888023226889663508e-01
1.879189467991840279e-01
1.854939214056114671e-01
1.818286609815202570e-01
1.771811742911049425e-01
1.717715960037243805e-01
1.657870585812542819e-01
1.593859799073409078e-01
1.527018337381655655e-01
1.458464625783869040e-01
1.389129859253745436e-01
1.319783508922005577e-01
1.251055669368922596e-01
1.183456617222435198e-01
1.117393909445341810e-01
1.053187312449614665e-01
9.910818200453463955e-02
9.312589887703726088e-02
8.738467929559019798e-02
8.189281786078370096e-02
7.665484745052482396e-02
7.167218005530899549e-02
6.694365971226240442e-02
6.246603846441892843e-02
5.823438498814277609e-02
5.424243439339444112e-02
5.048288669263264333e-02
4.694766054024038932e-02
4.362810805271007814e-02
4.051519581905561884e-02
3.759965659090830359e-02
3.487211559347511147e-02
3.232319491395525130e-02
2.994359899596434754e-02
2.772418389063606436e-02
2.565601258168358906e-02
2.373039840776441228e-02
2.193893834651242797e-02
2.027353769658729946e-02
1.872642749349797894e-02
1.729017581862685865e-02
1.595769400601638327e-02
1.472223861558847983e-02
1.357740992234295757e-02
1.251714756676274888e-02
1.153572392040108641e-02
1.062773564089885062e-02
9.788093821109657144e-03
9.012013076386353114e-03
8.294999861332421134e-03
7.632840261494920446e-03
7.021587465733511793e-03
6.457549090598264929e-03
5.937274498331863819e-03
5.457542224499152030e-03
5.015347609226134679e-03
4.607890707150920188e-03
4.232564535051094867e-03
3.886943702365698063e-03
3.568773458165884482e-03
3.275959178274576687e-03
3.006556307953472690e-03
2.758760768655226566e-03
2.530899831595683457e-03
2.321423456174282352e-03
2.128896087418430914e-03
1.951988903526635658e-03
1.789472502126910215e-03
1.640210011957495559e-03
1.503150615233996533e-03
1.377323464918981310e-03
1.261831980395103359e-03
1.155848504606719158e-03
1.058609305531374575e-03
9.694099048309803932e-04
8.876007166784372982e-04
8.125829800288457893e-04
7.438049679798384647e-04
6.807584583210266960e-04
6.229754498893990680e-04
5.700251099100482307e-04
5.215109380963019051e-04
4.770681338991240817e-04
4.363611539230443596e-04
3.990814471571013547e-04
3.649453562979805771e-04
3.336921740633710465e-04
3.050823440024557839e-04
2.788957959039482489e-04
2.549304064776983431e-04
