0.000000000000000000e+00
2.166939009597652552e-02
3.921454996971478896e-02
5.322418821605828104e-02
6.421231605663749176e-02
7.262713283349606086e-02
7.885889682289828895e-02
8.324689402212799572e-02
8.608560531028050522e-02
8.763016144389403073e-02
8.810116558107485008e-02
8.768895430937215241e-02
8.655736037188965781e-02
8.484703334348445147e-02
8.267836831533939557e-02
8.015408712201191332e-02
7.736151171894466161e-02
7.437456492657404383e-02
7.125552984251552757e-02
6.805659573479078128e-02
6.482121512103705685e-02
6.158529397027629609e-02
5.837823449862417774e-02
5.522384783565254668e-02
5.214115188482354446e-02
4.914506796342141270e-02
4.624702826143294032e-02
4.345550478406146055e-02
4.077646922041721494e-02
3.821379209481169659e-02
3.576958859217143488e-02
3.344451759214720626e-02
3.123803968571531309e-02
2.914863927290645834e-02
2.717401524135092117e-02
2.531124419420242855e-02
2.355691972521579275e-02
2.190727082162919476e-02
2.035826210609146050e-02
1.890567830187445814e-02
1.754519501629389980e-02
1.627243768141777014e-02
1.508303026501987484e-02
1.397263516499593766e-02
1.293698552412903165e-02
1.197191104652199113e-02
1.107335825985316172e-02
1.023740604676385071e-02
9.460277162287167654e-03
8.738346360624904205e-03
8.068145672297719756e-03
7.446367300429062447e-03
6.869864541512098015e-03
6.335651080421644474e-03
5.840898960754997010e-03
5.382935489003999770e-03
4.959239293857685416e-03
4.567435729470890708e-03
4.205291783245236788e-03
3.870710624053930789e-03
3.561725905457610759e-03
3.276495919913487327e-03
3.013297683927088425e-03
2.770521020228940232e-03
2.546662691106852186e-03
2.340320626748846299e-03
2.150188283641934952e-03
1.975049160541463792e-03
1.813771493111239171e-03
1.665303142891854304e-03
1.528666691656527764e-03
1.402954748349150970e-03
1.287325472569895079e-03
1.180998315893899090e-03
1.083249980102886107e-03
9.934105896119600765e-04
9.108600739267864489e-04
8.350247548192721563e-04
7.653741320188163239e-04
7.014178605428991698e-04
6.427029123017153874e-04
5.888109142779169875e-04
5.393556553790499006e-04
4.939807539652514351e-04
4.523574780493914331e-04
4.141827102349395721e-04
3.791770495844026291e-04
3.470830427863556052e-04
3.176635372016162369e-04
2.907001486102904876e-04
2.659918367439152395e-04
2.433535819644291475e-04
2.226151567390509465e-04
2.036199858529054582e-04
1.862240895957870319e-04
1.702951044528210078e-04
1.557113761184886495e-04
1.423611199376074001e-04
1.301416441538054229e-04
1.189586316146256138e-04
