0.000000000000000000e+00
2.341730756353509191e-02
4.237771222628608503e-02
5.751740956965543244e-02
6.939187248949842124e-02
7.848545342009784209e-02
8.521989003122748541e-02
8.996183613802499757e-02
9.302952632331955296e-02
9.469867094943841546e-02
9.520766768147420622e-02
9.476220622234388102e-02
9.353933455158193466e-02
9.169104745715982163e-02
8.934745145646828812e-02
8.661955423281857136e-02
8.360172139034593997e-02
8.037383858408991832e-02
7.700321285160026397e-02
7.354624320251069991e-02
7.004988716379424718e-02
6.655294698674778242e-02
6.308719655770500534e-02
5.967836768278271531e-02
5.634701230611106199e-02
5.310925534281456944e-02
4.997745113733301214e-02
4.696075507201206978e-02
4.406562053017028940e-02
4.129623024412421017e-02
3.865487001590882377e-02
3.614225187236758813e-02
3.375779289414029827e-02
3.149985522845551861e-02
2.936595214837440029e-02
2.735292444716448321e-02
2.545709094771941502e-02
2.367437645616995295e-02
2.200042008962326684e-02
2.043066655459067557e-02
1.896044264000970592e-02
1.758502091228541717e-02
1.629967235541437270e-02
1.509970948340299927e-02
1.398052126163814093e-02
1.293760100574971143e-02
1.196656827828026376e-02
1.106318567288035702e-02
1.022337126076746511e-02
9.443207373032867086e-03
8.718946303462446132e-03
8.047013438443512828e-03
7.424008252003505906e-03
6.846703543955516905e-03
6.312043246520749815e-03
5.817139078781913969e-03
5.359266288117489618e-03
4.935858682684308822e-03
4.544503128445010788e-03
4.182933657636431213e-03
3.849025312465893280e-03
3.540787827781467605e-03
3.256359239114462074e-03
2.993999487506868000e-03
2.752084079620776245e-03
2.529097850522276422e-03
2.323628867011900100e-03
2.134362501235732065e-03
1.960075697379432338e-03
1.799631448365542497e-03
1.651973494505470366e-03
1.516121251881201708e-03
1.391164974741938279e-03
1.276261153304883000e-03
1.170628145965794736e-03
1.073542042982343842e-03
9.843327571295284323e-04
9.023803355867908221e-04
8.271114863535634909e-04
7.579963117623515420e-04
6.945452411299511556e-04
6.363061542268529710e-04
5.828616870249791722e-04
5.338267110812263934e-04
4.888459779084660230e-04
4.475919197592454954e-04
4.097625983852873225e-04
3.750797935251912532e-04
3.432872231024132882e-04
3.141488873762303727e-04
2.874475295720674869e-04
2.629832058174581279e-04
2.405719575204316751e-04
2.200445796434988310e-04
2.012454786447158102e-04
1.840316141743412678e-04
1.682715189286743118e-04
1.538443913697067566e-04
1.406392563185088641e-04
1.285541887205303218e-04
