0.000000000000000000e+00
2.522139733525149627e-02
4.564252808817599594e-02
6.194860090190840163e-02
7.473788278803054907e-02
8.453204111424467149e-02
9.178530458774727951e-02
9.689257435295824117e-02
1.001966020621576775e-01
1.019943390441366837e-01
1.025425493277565409e-01
1.020627691298074818e-01
1.007456863603802544e-01
9.875500561830265200e-02
9.623085694039100468e-02
9.329280013856915132e-02
9.004247082530955626e-02
8.656590911609826633e-02
8.293560744128390672e-02
7.921230983932719960e-02
7.544659148598027720e-02
7.168024399177760908e-02
6.794748913093182074e-02
6.427604111031598455e-02
6.068803521373723059e-02
5.720083863382646044e-02
5.382775750448001717e-02
5.057865254667404109e-02
4.746047431799898381e-02
4.447772779211231486e-02
4.163287487122877689e-02
3.892668243736005507e-02
3.635852266253069426e-02
3.392663151236512825e-02
3.162833068031515454e-02
2.946021757160989518e-02
2.741832740805233426e-02
2.549827103928795427e-02
2.369535161620743222e-02
2.200466290154394836e-02
2.042117165598429998e-02
1.893978624033169564e-02
1.755541331107070280e-02
1.626300425420389162e-02
1.505759279699519539e-02
1.393432505618522575e-02
1.288848312159935477e-02
1.191550313341209651e-02
1.101098868749206608e-02
1.017072029430543187e-02
9.390661521087003208e-03
8.666962362877797532e-03
7.995960314222387566e-03
7.374179548620500395e-03
6.798328556169756266e-03
6.265296540275235200e-03
5.772148831000131937e-03
5.316121534846468370e-03
4.894615607828749736e-03
4.505190510053625266e-03
4.145557575129184096e-03
3.813573206142624461e-03
3.507231991260770492e-03
3.224659815867858027e-03
2.964107034244252946e-03
2.723941751829792989e-03
2.502643258861494448e-03
2.298795647410506893e-03
2.111081636377242464e-03
1.938276622668635247e-03
1.779242971429657741e-03
1.632924553703139986e-03
1.498341536133232683e-03
1.374585424208755362e-03
1.260814357975447754e-03
1.156248657053889290e-03
1.060166610115601893e-03
9.719005026347392112e-04
8.908328756956589286e-04
8.163930078530092600e-04
7.480536114717246422e-04
6.853277345860071552e-04
6.277658590795222185e-04
5.749531858784538057e-04
5.265070978427951239e-04
4.820747911205107146e-04
4.413310658776806368e-04
4.039762675216299124e-04
3.697343697814100085e-04
3.383511912907111630e-04
3.095927376238094444e-04
2.832436610581478089e-04
2.591058306715978928e-04
2.369970057232006892e-04
2.167496056090155129e-04
1.982095700261654288e-04
1.812353033153613752e-04
1.656966972828859792e-04
1.514742271253628628e-04
1.384581153932599919e-04
