0.000000000000000000e+00
3.267524536475173436e-02
5.913156929906682874e-02
8.025668473347308263e-02
9.682566852581571404e-02
1.095143598856309491e-01
1.189112287641302251e-01
1.255278840788220385e-01
1.298083731673126684e-01
1.321374073681794714e-01
1.328476338988769934e-01
1.322260610541708958e-01
1.305197320159867114e-01
1.279407320967650141e-01
1.246706048991493565e-01
1.208642445449223946e-01
1.166533236980206722e-01
1.121493104839944160e-01
1.074461215053713337e-01
1.026224528920591794e-01
9.774382663933445237e-02
9.286438531155431775e-02
8.802846447246059913e-02
8.327196889361013210e-02
7.862357564709383795e-02
7.410578456799099545e-02
6.973583424083122650e-02
6.552649959132882118e-02
6.148678532178760564e-02
5.762252779082254611e-02
5.393691648305504183e-02
5.043094492226032899e-02
4.710379973426759292e-02
4.395319554783876786e-02
4.097566251860079029e-02
3.816679246022135208e-02
3.552144885711876199e-02
3.303394540401537877e-02
3.069819716061040343e-02
2.850784791656463257e-02
2.645637692572939265e-02
2.453718778276468837e-02
2.274368187432323357e-02
2.106931853578898617e-02
1.950766377867026169e-02
1.805242921916483390e-02
1.669750263158925954e-02
1.543697136813795660e-02
1.426513972599929327e-02
1.317654120171197346e-02
1.216594644857296389e-02
1.122836764394031725e-02
1.035905987765640100e-02
9.553520088997334916e-03
8.807484006152511632e-03
8.116921478029680975e-03
7.478030532082471926e-03
6.887230442905069652e-03
6.341154053681737762e-03
5.836639555462017764e-03
5.370721896987258083e-03
4.940623969830124952e-03
4.543747689402544490e-03
4.177665071477560527e-03
3.840109385848654647e-03
3.528966453255497938e-03
3.242266138420748112e-03
2.978174080687295052e-03
2.734983694072957387e-03
2.511108460352417821e-03
2.305074531842718141e-03
2.115513654741198180e-03
1.941156418995220768e-03
1.780825836642113648e-03
1.633431247231840761e-03
1.497962546234307387e-03
1.373484730151211097e-03
1.259132750322652580e-03
1.154106666075120635e-03
1.057667086842187503e-03
9.691308921517978719e-04
8.878672178709379539e-04
8.132936967916415101e-04
7.448729414990145400e-04
6.821092574538407689e-04
6.245455743250181036e-04
5.717605837994236672e-04
5.233660723609632939e-04
4.790044378510224712e-04
4.383463789862137704e-04
4.010887474051328121e-04
3.669525522342858941e-04
3.356811075966442681e-04
3.070383139277336180e-04
2.808070644083180854e-04
2.567877682651128427e-04
2.347969831278019662e-04
2.146661490590764368e-04
1.962404172920108195e-04
1.793775671141166679e-04
