0.000000000000000000e+00
2.507055265558675444e-02
4.536954826723137851e-02
6.157809736736923750e-02
7.429088883927639775e-02
8.402647005115916612e-02
9.123635304932009582e-02
9.631307714485803917e-02
9.959734405354460363e-02
1.013843290912295053e-01
1.019292606269068119e-01
1.014523499087612302e-01
1.001431443764991547e-01
9.816436954093663014e-02
9.565531734612957304e-02
9.273483253808810500e-02
8.950394286481143380e-02
8.604817385119864492e-02
8.243958436330020567e-02
7.873855514031545544e-02
7.499535887688955904e-02
7.125153723538715789e-02
6.754110731569221149e-02
6.389161757094879990e-02
6.032507089777906090e-02
5.685873061873189527e-02
5.350582328608975008e-02
5.027615064561506003e-02
4.717662168485287771e-02
4.421171443401658574e-02
4.138387607112283678e-02
3.869386889159874554e-02
3.614106882239602470e-02
3.372372237951412610e-02
3.143916727487867935e-02
2.928402126403133188e-02
2.725434328140642626e-02
2.534577042737497579e-02
2.355363394384459019e-02
2.187305693687859043e-02
2.029903627007052444e-02
1.882651075640962360e-02
1.745041751475970987e-02
1.616573812598335116e-02
1.496753601973606004e-02
1.385098634296861794e-02
1.281139940248579058e-02
1.184423863409382778e-02
1.094513392777043265e-02
1.010989102999619929e-02
9.334497649190479779e-03
8.615126806587368805e-03
7.948137901523426307e-03
7.330075895796823136e-03
6.757668965438921177e-03
6.227824918974479707e-03
5.737626638204236865e-03
5.284326759984333925e-03
4.865341784747860034e-03
4.478245769035338504e-03
4.120763734560403332e-03
3.790764904881115636e-03
3.486255862174844709e-03
3.205373700571125927e-03
2.946379238669356252e-03
2.707650341979717361e-03
2.487675395833126649e-03
2.285046960593552397e-03
2.098455633584750141e-03
1.926684135846366396e-03
1.768601636514564434e-03
1.623158323151124979e-03
1.489380222608763672e-03
1.366364273919957149e-03
1.253273652144700932e-03
1.149333340032880754e-03
1.053825942682769939e-03
9.660877390500257353e-04
8.855049631306672990e-04
8.115103068625291894e-04
7.435796362238587158e-04
6.812289116217260009e-04
6.240113034274863153e-04
5.715144934066120801e-04
5.233581527839777699e-04
4.791915877644705173e-04
4.386915434763832594e-04
4.015601575077217336e-04
3.675230544514393677e-04
3.363275731546495353e-04
3.077411186705597003e-04
2.815496312329379062e-04
2.575561649053678291e-04
2.355795688962627826e-04
2.154532648713890078e-04
1.970241139350671807e-04
1.801513672863952844e-04
1.647056948855601065e-04
1.505682867857190187e-04
1.376300220966888131e-04
