0.000000000000000000e+00
3.046297015697401259e-02
5.512807052508571226e-02
7.482291149283426535e-02
9.027009339347905059e-02
1.020996977900256175e-01
1.108603523166942773e-01
1.170290274449268531e-01
1.210197063183166416e-01
1.231910534211027169e-01
1.238531941140894876e-01
1.232737048154691623e-01
1.216829026657703372e-01
1.192785137561513387e-01
1.162297902923044024e-01
1.126811393003033096e-01
1.087553185555591717e-01
1.045562492419585959e-01
1.001714893450074001e-01
9.567440687862829862e-02
9.112608767597882298e-02
8.657700858287370460e-02
8.206850342680477306e-02
7.763404604927555408e-02
7.330037194321177563e-02
6.908845759392838459e-02
6.501437444879212824e-02
6.109003250806305241e-02
5.732382681130374080e-02
5.372119856687631451e-02
5.028512131556841375e-02
4.701652131469737789e-02
4.391464025953387140e-02
4.097734750974008078e-02
3.820140814651411948e-02
3.558271243947176699e-02
3.311647164046044312e-02
3.079738443510461957e-02
2.861977786356201953e-02
2.657772606227101417e-02
2.466514977174598736e-02
2.287589919581028974e-02
2.120382247977294077e-02
1.964282179425941646e-02
1.818689876351997636e-02
1.683019075833900452e-02
1.556699938084652943e-02
1.439181229864413755e-02
1.329931943608169201e-02
1.228442439893335895e-02
1.134225189304980362e-02
1.046815179597306716e-02
9.657700451356703714e-03
8.906699677888976416e-03
8.211173915984715591e-03
7.567365875650197693e-03
6.971730996625055687e-03
6.420930986267259742e-03
5.911826660878367022e-03
5.441470281562319801e-03
5.007097545649074818e-03
4.606119368643617901e-03
4.236113569093653830e-03
3.894816549274918681e-03
3.580115047791384598e-03
3.290038025742043817e-03
3.022748735721056575e-03
2.776537012331625667e-03
2.549811813876430577e-03
2.341094037235912431e-03
2.149009621481662476e-03
1.972282950339271368e-03
1.809730559075152772e-03
1.660255147614533465e-03
1.522839898597054629e-03
1.396543096549360177e-03
1.280493042319768085e-03
1.173883255307546286e-03
1.075967954766674081e-03
9.860578105174392250e-04
9.035159527116876695e-04
8.277542298285181857e-04
7.582297037911498372e-04
6.944413709621224170e-04
6.359270977664144286e-04
5.822607597878026861e-04
5.330495733631110703e-04
4.879316089452681126e-04
4.465734758048596183e-04
4.086681679789158227e-04
3.739330617446913496e-04
3.421080552863182056e-04
3.129538416261638182e-04
2.862503063042946372e-04
2.617950417035244193e-04
2.394019703299487764e-04
2.189000697661358833e-04
2.001321924135722994e-04
1.829539735302940803e-04
1.672328214472294794e-04
