0.000000000000000000e+00
3.264465094635449205e-02
5.907620334996908223e-02
8.018153895983000379e-02
9.673500891541637892e-02
1.094118196258885845e-01
1.187998900474862007e-01
1.254103500691104989e-01
1.296868312588797256e-01
1.320136847432436811e-01
1.327232462760997156e-01
1.321022554211985500e-01
1.303975240495026944e-01
1.278209388941701219e-01
1.245538735753125015e-01
1.207510771845676095e-01
1.165440990983946795e-01
1.120443030727383549e-01
1.073455177743265904e-01
1.025263656484690367e-01
9.765230734102256505e-02
9.277743472169006078e-02
8.794604184202971242e-02
8.319399985531665542e-02
7.854995898278474553e-02
7.403639799251406084e-02
6.967053932823828732e-02
6.546514595427958827e-02
6.142921414167749894e-02
5.756857478435971343e-02
5.388641438057596711e-02
5.038372552384735858e-02
4.705969560157989562e-02
4.391204138236961402e-02
4.093729627072096450e-02
3.813105620776559290e-02
3.548818948733348244e-02
3.300301512833665046e-02
3.066945388791303059e-02
2.848115550715719924e-02
2.643160534541207779e-02
2.451421317367032462e-02
2.272238655698470208e-02
2.104959095488077858e-02
1.948939840312571836e-02
1.803552640584385122e-02
1.668186846033829426e-02
1.542251745492166821e-02
1.425178301977106377e-02
1.316420376981043520e-02
1.215455525466787971e-02
1.121785432188926630e-02
1.034936050406146113e-02
9.544574956757118089e-03
8.799237400879827281e-03
8.109321458840100527e-03
7.471028717946665010e-03
6.880781805491140678e-03
6.335216717387119612e-03
5.831174605142583345e-03
5.365693193729564880e-03
4.935997974977168572e-03
4.539493296930528256e-03
4.173753448727874835e-03
3.836513822542845197e-03
3.525662218659077977e-03
3.239230346472233343e-03
2.975385562869991597e-03
2.732422879777241052e-03
2.508757264454138623e-03
2.302916249207751127e-03
2.113532861355999978e-03
1.939338879417651200e-03
1.779158417464976518e-03
1.631901836252884702e-03
1.496559977030272395e-03
1.372198711759386059e-03
1.257953801740904808e-03
1.153026055300119656e-03
1.056676774175255035e-03
9.682234775122074448e-04
8.870358918673683628e-04
8.125321953136350897e-04
7.441755036015905737e-04
6.814705863197079464e-04
6.239608011000354927e-04
5.712252341079817729e-04
5.228760353187317982e-04
4.785559374029872931e-04
4.379359474080599091e-04
4.007132008157941391e-04
3.666089679768558805e-04
3.353668033538079294e-04
3.067508284464333639e-04
2.805441397165060811e-04
2.565473332711626017e-04
2.345771385004691777e-04
2.144651532928098158e-04
1.960566738689374655e-04
1.792096126801680722e-04
