0.000000000000000000e+00
3.153518081483942803e-02
5.706842317159287886e-02
7.745646701095144915e-02
9.344734616050237586e-02
1.056933192777268771e-01
1.147623241426904556e-01
1.211481192425908626e-01
1.252792587604325270e-01
1.275270311590297467e-01
1.282124773374753723e-01
1.276125916494386947e-01
1.259657977494058612e-01
1.234767811294466416e-01
1.203207511956797676e-01
1.166471976943349864e-01
1.125831991283970102e-01
1.082363344144149780e-01
1.036972433321109999e-01
9.904187624263359468e-02
9.433346902823330771e-02
8.962427517737586724e-02
8.495708335173830783e-02
8.036654557766417795e-02
7.588033836204825799e-02
7.152017650334452359e-02
6.730269711855285664e-02
6.324022940636170320e-02
5.934146388805609795e-02
5.561203328719076244e-02
5.205501580480503820e-02
4.867137029986221691e-02
4.546031177744456336e-02
4.241963460468179542e-02
3.954599000275121207e-02
3.683512359034662315e-02
3.428207806888255299e-02
3.188136553266473355e-02
2.962711334965961729e-02
2.751318708261641516e-02
2.553329349925636746e-02
2.368106634791700832e-02
2.195013724596766788e-02
2.033419373763291696e-02
1.882702632124931552e-02
1.742256601958279069e-02
1.611491386722522720e-02
1.489836351322004759e-02
1.376741798222621410e-02
1.271680150131065078e-02
1.174146717971606690e-02
1.083660122378520690e-02
9.997624276940916474e-03
9.220190393726242217e-03
8.500184086067877690e-03
7.833715817958161048e-03
7.217116270609600683e-03
6.646929652891628987e-03
6.119906290690681205e-03
5.632994693012836028e-03
5.183333261528133389e-03
4.768241783267373156e-03
4.385212822820582813e-03
4.031903110205916317e-03
3.706125003184637667e-03
3.405838087843851992e-03
3.129140968447823978e-03
2.874263286599672979e-03
2.639558000420344497e-03
2.423493946530865494e-03
2.224648700932372550e-03
2.041701749254251456e-03
1.873427972141123886e-03
1.718691447649469198e-03
1.576439569314804726e-03
1.445697475934319643e-03
1.325562787003986033e-03
1.215200636079833167e-03
1.113838993036341115e-03
1.020764265215068183e-03
9.353171667448871747e-04
8.568888448296799404e-04
7.849172515032002036e-04
7.188837492125504198e-04
6.583099385838741841e-04
6.027546968229730712e-04
5.518114153891977899e-04
5.051054258358962179e-04
4.622916030199879841e-04
4.230521352342234923e-04
3.870944511976865711e-04
3.541492942439589510e-04
3.239689344645316866e-04
2.963255099911039328e-04
2.710094890290613932e-04
2.478282446813677366e-04
2.266047350237027785e-04
2.071762813051697470e-04
1.893934375519302018e-04
1.731189452420090326e-04
