0.000000000000000000e+00
1.885749976760342029e-03
3.412594280066397288e-03
4.631764495769345735e-03
5.587991769736749652e-03
6.320280056168490167e-03
6.862591064745200871e-03
7.244450710070808944e-03
7.491485800673421645e-03
7.625898752776192821e-03
7.666887264072949106e-03
7.631015124036204592e-03
7.532539660174119786e-03
7.383700715479199310e-03
7.194975513324809030e-03
6.975303285330828815e-03
6.732283109030926145e-03
6.472348019979060237e-03
6.200918122264951343e-03
5.922535117824975943e-03
5.640980404463209752e-03
5.359378651584229859e-03
5.080288548108732524e-03
4.805782226055101483e-03
4.537514693287100775e-03
4.276784457681385467e-03
4.024586390432136410e-03
3.781657756572863720e-03
3.548518234440199096e-03
3.325504651286690771e-03
3.112801078279473291e-03
2.910464853547613858e-03
2.718449035735154371e-03
2.536621731761844883e-03
2.364782690371027875e-03
2.202677506823553285e-03
2.050009743126969021e-03
1.906451231889555063e-03
1.771650799741295587e-03
1.645241617807131820e-03
1.526847361540420878e-03
1.416087339960032249e-03
1.312580734656574113e-03
1.215950071551121729e-03
1.125824033044885934e-03
1.041839704660055916e-03
9.636443383357723132e-04
8.908967040265528383e-04
8.232680919912838862e-04
7.604430200152174262e-04
7.021196926469765219e-04
6.480102532438293062e-04
5.978408641002097698e-04
5.513516450970670736e-04
5.082964970734620220e-04
4.684428324162422303e-04
4.315712321260726549e-04
3.974750457929740119e-04
3.659599484527066289e-04
3.368434661532531782e-04
3.099544801997214925e-04
2.851327184321370304e-04
2.622282404936060788e-04
2.411009228395784960e-04
2.216199481988585351e-04
2.036633033027920392e-04
1.871172879323908386e-04
1.718760376778272539e-04
1.578410622465170046e-04
1.449208006823562338e-04
1.330301944585348241e-04
1.220902790700348134e-04
1.120277944708936033e-04
1.027748144681024065e-04
9.426839499206508333e-05
8.645024100710897805e-05
7.926639169961165285e-05
7.266692348148396285e-05
6.660567026920780217e-05
6.103996044003350322e-05
5.593036982438182687e-05
5.124049006446112944e-05
4.693671165140226941e-05
4.298802094494529773e-05
3.936581047924343779e-05
3.604370186427598806e-05
3.299738060346268269e-05
3.020444216331707638e-05
2.764424864947083696e-05
2.529779546438957070e-05
2.314758734494389787e-05
2.117752320214935074e-05
1.937278921039457661e-05
1.771975961895450703e-05
1.620590478421795737e-05
1.481970594658932734e-05
1.355057630123522594e-05
1.238878793657258341e-05
1.132540423849579161e-05
1.035221738171459682e-05
