0.000000000000000000e+00
1.063171159882641062e-02
1.923994094477010641e-02
2.611352773144519010e-02
3.150466267777505408e-02
3.563324704181479452e-02
3.869075429946383649e-02
4.084364925922231992e-02
4.223641387300691719e-02
4.299422363544348757e-02
4.322531367195034391e-02
4.302306933839421255e-02
4.246787233760147134e-02
4.162872995172240548e-02
4.056471195068138413e-02
3.932621702660033663e-02
3.795608818716889044e-02
3.649059438614952328e-02
3.496029374854696392e-02
3.339079203639248178e-02
3.180340847619479716e-02
3.021575971086020232e-02
2.864227142937780107e-02
2.709462615079076195e-02
2.558215468062376152e-02
2.411217790522098350e-02
2.269030483094322190e-02
2.132069210066719900e-02
2.000626962040765941e-02
1.874893639599881090e-02
1.754973020635448161e-02
1.640897431938365472e-02
1.532640408337494417e-02
1.430127589540729216e-02
1.333246075448145905e-02
1.241852434647873135e-02
1.155779537706978950e-02
1.074842366404177123e-02
9.988429319266764125e-03
9.275744190097910333e-03
8.608246588031023133e-03
7.983790206944117382e-03
7.400228022284586517e-03
6.855431864574708205e-03
6.347308274092597867e-03
5.873811167258417669e-03
5.432951777959843347e-03
5.022806277758780705e-03
4.641521426718701188e-03
4.287318560667208872e-03
3.958496180338535488e-03
3.653431372385180804e-03
3.370580261136278590e-03
3.108477662707394285e-03
2.865736089183342373e-03
2.641044229703738179e-03
2.433165017027969900e-03
2.240933372228421337e-03
2.063253706281250200e-03
1.899097245247145056e-03
1.747499235242675180e-03
1.607556074304075048e-03
1.478422410369213723e-03
1.359308237799897439e-03
1.249476019002788291e-03
1.148237852665650411e-03
1.054952705803251191e-03
9.690237231125341071e-04
8.898956239895246863e-04
8.170521948900069881e-04
7.500138824600311588e-04
6.883354909662064806e-04
6.316039859713118692e-04
5.794364048859396762e-04
5.314778739447179523e-04
4.873997302736959663e-04
4.468977470055041936e-04
4.096904588361079320e-04
3.755175849797927584e-04
3.441385461486790877e-04
3.153310719431086633e-04
2.888898948755578427e-04
2.646255271508901000e-04
2.423631162791480909e-04
2.219413755944406352e-04
2.032115857868921544e-04
1.860366636172092181e-04
1.702902940693664844e-04
1.558561223011870067e-04
1.426270018709221879e-04
1.305042958467255451e-04
1.193972275420694239e-04
1.092222777611345872e-04
9.990262558184136795e-05
9.136762984870684884e-05
8.355234869164973458e-05
7.639709452900287810e-05
6.984702215239578678e-05
6.385174762704826459e-05
5.836499587279861959e-05
