0.000000000000000000e+00
1.679004021138971042e-02
3.038451326718760725e-02
4.123956679944209419e-02
4.975347085830488653e-02
5.627350263719492485e-02
6.110204499609506873e-02
6.450198606948095992e-02
6.670149775234351930e-02
6.789826238103212341e-02
6.826320935775691268e-02
6.794381671233301612e-02
6.706702656599550227e-02
6.574181808276818861e-02
6.406147669492492924e-02
6.210559410879286368e-02
5.994182978025539704e-02
5.762746114638710865e-02
5.521074686646829793e-02
5.273212462263056344e-02
5.022526262220157467e-02
4.771798179881339697e-02
4.523306379923595216e-02
4.278895814240905177e-02
4.040040042367946949e-02
3.807895209060523783e-02
3.583347111882537184e-02
3.367052185128654312e-02
3.159473131716893091e-02
2.960909850530154055e-02
2.771526231921666444e-02
2.591373327701296941e-02
2.420409342972381153e-02
2.258516844875406090e-02
2.105517536886807733e-02
1.961184906168036979e-02
1.825255014982130400e-02
1.697435674875106756e-02
1.577414213696553755e-02
1.464864020196897376e-02
1.359450028521781012e-02
1.260833285100473530e-02
1.168674722904697663e-02
1.082638252577857937e-02
1.002393266272058429e-02
9.276166379763835582e-03
8.579942934922757392e-03
7.932224138482065964e-03
7.330083277017827338e-03
6.770711410247990530e-03
6.251421459913677516e-03
5.769650453899735805e-03
5.322960239670300811e-03
4.909036938024640036e-03
4.525689370461319881e-03
4.170846660445472372e-03
3.842555180047954946e-03
3.538974988271281069e-03
3.258375885458089215e-03
2.999133189105575564e-03
2.759723319840247120e-03
2.538719271938172546e-03
2.334786030337662657e-03
2.146675985346788770e-03
1.973224386987670626e-03
1.813344872957630598e-03
1.666025097361199846e-03
1.530322481532135105e-03
1.405360103294484974e-03
1.290322736794492168e-03
1.184453051472398851e-03
1.087047975748799957e-03
9.974552284980108333e-04
9.150700193045052926e-04
8.393319167894620729e-04
7.697218829016385299e-04
7.057594699455686012e-04
6.470001762312913929e-04
5.930329555394119826e-04
5.434778750735991953e-04
4.979839161936865837e-04
4.562269119640327791e-04
4.179076153941286903e-04
3.827498921748223462e-04
3.504990317093577886e-04
3.209201702911897700e-04
2.937968203793753035e-04
2.689295000580767064e-04
2.461344569313809820e-04
2.252424808915133873e-04
2.060978004019122585e-04
1.885570571516519589e-04
1.724883541603457909e-04
1.577703726394990397e-04
1.442915531445094763e-04
1.319493367788219455e-04
1.206494624362169671e-04
1.103053162873611379e-04
1.008373299313338779e-04
9.217242384096046800e-05
