5.765711279424004942e+02 -2.297227884534036946e+02 -1.874082107804285897e+02 -4.267676014076921120e+01 -1.946949318085462437e+02 -4.326509720490747668e+01 -1.754283541258213006e+02 -8.097750745433894792e+01 -1.873977330224641662e+02 -2.311659598964890847e+02 -4.695698620508434118e+01 -1.244507456061926263e+02 -9.855282396419046620e+01 -7.045602881226452041e+01 -6.333738826405875244e+01 -8.894705790214945864e+02 -2.889943205993710151e+01
-2.297227884534035525e+02 2.512168578161466485e+03 1.142580250622942515e+02 -1.194591012090599236e+02 -1.923319248571434628e+02 -2.232120304772323038e+01 -1.446746370494804808e+02 -8.520588406478699994e+01 6.887095743617945232e+01 4.378801574823160081e+01 -1.167239398875953924e+02 -1.557338899990673440e+02 3.080625888066705897e+01 -8.705843229017366980e+01 -3.246503457553444605e-01 1.524718104803732217e+02 1.621066941321909667e+02
-1.874082107804286181e+02 1.142580250622941094e+02 2.902134547920622367e+02 -5.639613300369915549e+01 4.860547227284437355e+01 1.562318953874305549e+01 1.044565828461588382e+02 3.409446134916329640e-01 1.730500996318849900e+02 2.344943155291982464e+02 2.349698663797068576e+01 -3.056721406309540612e+01 -2.183976034505051587e+02 4.369227974800951841e+01 1.563257766912563795e+01 8.604772833590172354e+01 -7.321345541292006942e+01
-4.267676014076919699e+01 -1.194591012090599662e+02 -5.639613300369914839e+01 8.211508460188451863e+01 -4.662044006986564426e+01 8.626536972930662728e+01 4.227407171167681099e+01 3.275065864699323726e+01 2.943878513971913691e-01 -9.888071877719899305e+01 4.329772504779560904e+01 1.574054282856563987e+02 2.726779398104758201e+01 9.349314566304695262e+00 -9.932906025233846492e+01 2.350994061153014059e+02 3.109203849657847130e+01
-1.946949318085461584e+02 -1.923319248571430649e+02 4.860547227284443750e+01 -4.662044006986563005e+01 6.896752321750766441e+02 -2.483538397347360416e+01 -1.485917370302052802e+02 -5.722585154351028436e+00 -5.574336322448687753e+01 3.704301103683878438e+01 5.231430932429522329e+01 -4.076363795517453354e+02 1.643974623448453798e+01 4.875542755600289269e+01 7.243929897484397316e+02 3.753796533396063069e+02 1.349722043962561315e+02
-4.326509720490749089e+01 -2.232120304772323038e+01 1.562318953874306970e+01 8.626536972930662728e+01 -2.483538397347358639e+01 3.543886423924692508e+02 -1.398515604423994674e+01 7.148009819376069629e+01 5.937158631352393456e+01 -1.897890627067624223e+02 -1.293957918779591765e+00 1.537820659147141100e+02 -5.395132210355092184e+01 -2.808485402953202765e+02 -4.242055886059971925e+01 2.462090901377229102e+02 4.933066757648854406e+01
-1.754283541258213859e+02 -1.446746370494805092e+02 1.044565828461589803e+02 4.227407171167680389e+01 -1.485917370302053371e+02 -1.398515604423996095e+01 2.036103213105964187e+02 2.452640150980699119e+01 1.428578139978866091e+02 1.120271926824336504e+02 5.719124033348690972e+01 2.264273800783105912e+02 1.523193787421408452e+01 1.250365302133338901e+02 -2.597689203680297396e+02 2.302701896027216151e+02 -8.567515484588345487e+01
-8.097750745433889108e+01 -8.520588406478702836e+01 3.409446134916205295e-01 3.275065864699322304e+01 -5.722585154350957382e+00 7.148009819376068208e+01 2.452640150980701961e+01 9.003450380601705660e+01 6.777249483405638486e+00 1.060023094863151840e+02 -5.877220592850143532e+01 9.804820342088260077e+01 7.235709147850342049e+01 -1.329047364889940468e+02 -4.301255970512684002e+01 2.089458125625265836e+02 1.139156717002656549e+01
-1.873977330224641094e+02 6.887095743617943810e+01 1.730500996318849616e+02 2.943878513972251199e-01 -5.574336322448686332e+01 5.937158631352390614e+01 1.428578139978866659e+02 6.777249483405634933e+00 1.759602806527409200e+02 8.959383523440264696e+01 3.923041549543736295e+01 1.035150108758688390e+02 -3.468537221338851140e+01 2.627917296550999637e+01 -1.152643873844548921e+02 1.758032845250784817e+02 -6.961471752118650613e+01
-2.311659598964890847e+02 4.378801574823171450e+01 2.344943155291982748e+02 -9.888071877719896463e+01 3.704301103683881990e+01 -1.897890627067623655e+02 1.120271926824336219e+02 1.060023094863152124e+02 8.959383523440273223e+01 6.206834226009116264e+02 -1.420001642398316903e+02 -3.374922117866850613e+01 1.057865837892135374e+01 -2.806845719783311921e+01 -1.299164929831243853e+01 1.141071228176673884e+02 -9.528989700048099110e+01
-4.695698620508429855e+01 -1.167239398875953924e+02 2.349698663797073195e+01 4.329772504779558062e+01 5.231430932429518066e+01 -1.293957918779545579e+00 5.719124033348698077e+01 -5.877220592850144953e+01 3.923041549543738427e+01 -1.420001642398316619e+02 1.431574654363340642e+02 3.449283481729128198e+01 -1.009233749302075580e+02 2.178146946735721770e+02 1.027156585305797876e+01 1.389326182096734499e+02 1.085673205037740097e+01
-1.244507456061924699e+02 -1.557338899990673440e+02 -3.056721406309532085e+01 1.574054282856563987e+02 -4.076363795517453923e+02 1.537820659147141384e+02 2.264273800783104207e+02 9.804820342088260077e+01 1.035150108758689100e+02 -3.374922117866856297e+01 3.449283481729123935e+01 5.235141317065169915e+02 6.258857618022907587e+01 -1.345995943411055684e+01 -5.627796947522390383e+02 3.861684728887969413e+02 -4.981422106141793904e+01
-9.855282396419035251e+01 3.080625888066700213e+01 -2.183976034505050734e+02 2.726779398104761043e+01 1.643974623448455219e+01 -5.395132210355089342e+01 1.523193787421411471e+01 7.235709147850343470e+01 -3.468537221338845455e+01 1.057865837892131822e+01 -1.009233749302075580e+02 6.258857618022913982e+01 5.954876617286884084e+02 -1.379334510835740275e+02 1.902496119490365345e+00 2.426738858497310218e+02 2.621326057441793012e+01
-7.045602881226439251e+01 -8.705843229017359874e+01 4.369227974800948289e+01 9.349314566304734342e+00 4.875542755600280032e+01 -2.808485402953205607e+02 1.250365302133338048e+02 -1.329047364889938763e+02 2.627917296550994664e+01 -2.806845719783318316e+01 2.178146946735722338e+02 -1.345995943411059237e+01 -1.379334510835741696e+02 5.706610648084856621e+02 -1.819021369519515474e+01 8.230818937676890812e+01 -2.287433382826713313e+01
-6.333738826405881639e+01 -3.246503457553444605e-01 1.563257766912558111e+01 -9.932906025233847913e+01 7.243929897484397316e+02 -4.242055886059969794e+01 -2.597689203680297396e+02 -4.301255970512688265e+01 -1.152643873844549773e+02 -1.299164929831229642e+01 1.027156585305791481e+01 -5.627796947522390383e+02 1.902496119490422188e+00 -1.819021369519516895e+01 8.443768502201239698e+02 1.152448535072719125e+02 1.569426505934475813e+02
-8.894705790214942454e+02 1.524718104803733070e+02 8.604772833590170933e+01 2.350994061153014059e+02 3.753796533396060227e+02 2.462090901377231376e+02 2.302701896027215298e+02 2.089458125625265268e+02 1.758032845250785954e+02 1.141071228176675305e+02 1.389326182096734499e+02 3.861684728887971687e+02 2.426738858497309366e+02 8.230818937676893654e+01 1.152448535072719977e+02 1.882549331810271951e+03 2.047408803624532538e+02
-2.889943205993703756e+01 1.621066941321909098e+02 -7.321345541292008363e+01 3.109203849657848195e+01 1.349722043962561884e+02 4.933066757648857248e+01 -8.567515484588338381e+01 1.139156717002656194e+01 -6.961471752118650613e+01 -9.528989700048096267e+01 1.085673205037743649e+01 -4.981422106141792483e+01 2.621326057441795143e+01 -2.287433382826714734e+01 1.569426505934475244e+02 2.047408803624533107e+02 1.052846789301310935e+02
