0.000000000000000000e+00
5.943805446232024343e-03
1.075635514655332026e-02
1.459912892742766879e-02
1.761311749902365331e-02
1.992125970172567082e-02
2.163060143103992181e-02
2.283420714099827428e-02
2.361285146555331185e-02
2.403651549662762232e-02
2.416570957838874018e-02
2.405264208590773833e-02
2.374225152213361306e-02
2.327311736278502019e-02
2.267826337989719762e-02
2.198586565950604033e-02
2.121987617774177479e-02
2.040057159494254591e-02
1.954503585362706020e-02
1.866758420928372672e-02
1.778013547041804379e-02
1.689253846495177361e-02
1.601285807387628837e-02
1.514762557107623801e-02
1.430205747246062614e-02
1.348024662081581150e-02
1.268532880874162494e-02
1.191962786494044427e-02
1.118478179390152913e-02
1.048185226110694666e-02
9.811419451214893617e-03
9.173664091621909489e-03
8.568438225127603461e-03
7.995326130232113804e-03
7.453696623308442293e-03
6.942747831206521128e-03
6.461545393711200756e-03
6.009054940861340011e-03
5.584169588809665026e-03
5.185733108208553759e-03
4.812559339748738799e-03
4.463448361301166137e-03
4.137199849088207121e-03
3.832624020522682699e-03
3.548550497986581367e-03
3.283835390149497917e-03
3.037366849804155541e-03
2.808069334048392089e-03
2.594906763458351348e-03
2.396884751222781197e-03
2.213052050638964451e-03
2.042501349548932286e-03
1.884369522901227631e-03
1.737837439376206531e-03
1.602129404660662063e-03
1.476512312277691906e-03
1.360294562673098825e-03
1.252824802354936869e-03
1.153490527123274137e-03
1.061716586675492133e-03
9.769636220068520210e-04
8.987264619392677355e-04
8.265325007079781655e-04
7.599400747321761410e-04
6.985368534173629637e-04
6.419382560186480055e-04
5.897859041777188133e-04
5.417461176806283307e-04
4.975084592240870554e-04
4.567843324850093148e-04
4.193056365268270943e-04
3.848234785160422862e-04
3.531069458366930961e-04
3.239419379553455072e-04
2.971300577842179991e-04
2.724875617969737098e-04
2.498443677547980109e-04
2.290431185857372135e-04
2.099383007158669295e-04
1.923954149661737177e-04
1.762901979948857940e-04
1.615078921734748520e-04
1.479425617287347084e-04
1.354964529572814155e-04
1.240793963173419565e-04
1.136082482213781448e-04
1.040063703880816351e-04
9.520314466032758381e-05
8.713352125396806979e-05
7.973759846850168355e-05
7.296023196265668978e-05
6.675067177404383199e-05
6.106222534085299820e-05
5.585194486387072224e-05
5.108033742788910915e-05
4.671109638204676013e-05
4.271085255810693252e-05
3.904894398361279762e-05
3.569720282282450827e-05
3.262975835201775406e-05
