4.206587888643512088e+02 -1.060755255292452688e+02 -2.894717132087669142e+02 -9.092853851213124017e+01 -1.170677972719606714e+02 -1.447625304517181348e+02 3.454029421390263366e+01 -1.602709030760137807e+02 -8.597182611827723520e+01 -9.647417416091607834e+01 -1.886618108280827073e+02 -1.018331759114288673e+02 -2.443501392425102381e+02 -8.352556996874467643e+01 -9.515947507848827058e+01 -1.206120264791164800e+02 -1.047025783157914134e+02
-1.060755255292451551e+02 2.357050828476724291e+02 -1.392431917317992429e+01 4.342821390213592281e+01 3.078176210313145589e+00 -7.120380288805267810e+01 1.559115375525725433e+00 1.000230495320030286e+02 7.844222178686237612e-01 -4.582382225109045493e+01 1.280348399387854101e+02 6.402123563040971987e+01 6.677772566865596104e+01 -2.698731976669051491e+01 -9.767502922025488488e+01 1.180739549583704218e+02 8.836182876659577801e+01
-2.894717132087668574e+02 -1.392431917318006640e+01 1.944080622861096799e+03 4.142217221991982257e+01 4.982398058370745275e+01 1.382462738948919423e+01 1.392033172354132660e+02 1.100257448434854552e+02 7.429743129478569585e+01 1.413211848608638377e+01 -7.167293900521501371e+01 3.103397918372352393e+01 -4.738515472415076601e+01 3.734838030465778758e+01 5.831097769086654381e+01 8.429808730242226034e+01 6.704641889760763718e+01
-9.092853851213124017e+01 4.342821390213590149e+01 4.142217221991985809e+01 5.336618077032673568e+01 -2.070906960466360403e+01 7.374505955210467789e+01 -4.158313944882863211e+01 6.336418993418932644e+01 -4.557915850109729661e+01 3.811256902051839290e+01 -2.800844610856501049e+00 6.492367473781226295e+01 1.193661065827598122e+01 2.409074400026802287e+00 6.156741387536829535e+00 7.216794428246916482e+01 7.237180333316111103e+01
-1.170677972719606998e+02 3.078176210313209538e+00 4.982398058370756644e+01 -2.070906960466371771e+01 3.036978346614187103e+02 1.846069996902627963e+01 -1.231971859152017856e+01 1.053597153367078221e+01 3.555788813337462670e+02 -2.699003179537342589e-01 -1.389446524508754344e+01 -8.189837874116836502e+00 3.660828830302219785e+02 1.167857789721310269e+00 -1.286677171529817088e+01 -4.201725475185032366e+01 -6.456071496821344624e+01
-1.447625304517181064e+02 -7.120380288805262126e+01 1.382462738948919423e+01 7.374505955210469210e+01 1.846069996902630805e+01 3.144834561367915740e+02 -5.542645065892624956e+01 1.232657076609498148e+01 -3.458192235565327621e+01 1.688654384922907070e+02 1.650829075259929368e+01 1.069507381397055923e+02 7.267950187440034426e+01 -8.296144467397286348e+01 1.028053092622317308e+02 1.085834855422210055e+01 4.286745268241557483e+01
3.454029421390262655e+01 1.559115375525757630e+00 1.392033172354132660e+02 -4.158313944882861790e+01 -1.231971859152019810e+01 -5.542645065892619272e+01 1.111661204950041224e+02 -7.110405357341834076e+01 2.175596125400730774e+00 -2.951352374061907824e+01 9.041947564142414251e+01 -4.328595118164993494e+01 -4.057735078226581038e+01 -6.419140904115617730e+01 -8.624577986449004641e+00 -6.572499183031190739e+01 -6.200276127431138207e+01
-1.602709030760138091e+02 1.000230495320029007e+02 1.100257448434853842e+02 6.336418993418936907e+01 1.053597153367074313e+01 1.232657076609490332e+01 -7.110405357341834076e+01 1.369571401442252920e+02 -4.770485446114431483e+00 1.441627943730638783e+01 1.111643837597155304e+01 6.253277126323669677e+01 6.119259089347930569e+01 6.377650364492726709e+01 2.547648348778094984e+00 1.262822523585625873e+02 1.061984002043980126e+02
-8.597182611827730625e+01 7.844222178688298186e-01 7.429743129478566743e+01 -4.557915850109732503e+01 3.555788813337462670e+02 -3.458192235565309147e+01 2.175596125400798275e+00 -4.770485446114481221e+00 4.326249285844428414e+02 -3.179287209774835787e+01 -3.459606340248593170e+01 -3.724437717244521906e+01 4.090947256994506915e+02 -1.846692652783282540e+00 -3.566125419403880414e+01 -6.670244033319715982e+01 -9.729343065491450204e+01
-9.647417416091602149e+01 -4.582382225109046203e+01 1.413211848608645482e+01 3.811256902051842843e+01 -2.699003179537413644e-01 1.688654384922906218e+02 -2.951352374061914574e+01 1.441627943730626171e+01 -3.179287209774835787e+01 1.029648029570389554e+02 4.578570295842005322e+01 4.648177020412457949e+01 2.924381809618499517e+01 -3.199410347179842873e+01 8.664495982739114766e+01 3.571265776908612466e+00 2.075590648318267029e+01
-1.886618108280826220e+02 1.280348399387853249e+02 -7.167293900521505634e+01 -2.800844610856486838e+00 -1.389446524508746705e+01 1.650829075259925460e+01 9.041947564142414251e+01 1.111643837597159745e+01 -3.459606340248598855e+01 4.578570295842006033e+01 4.279412409682193470e+02 -8.525454080299653015e+00 5.914302256804045044e+01 -1.190333724674657034e+01 8.784702086769297580e+01 -1.452300257592303723e+01 -1.862849440567919501e+01
-1.018331759114289667e+02 6.402123563040973409e+01 3.103397918372347419e+01 6.492367473781227716e+01 -8.189837874116747685e+00 1.069507381397055781e+02 -4.328595118164991362e+01 6.253277126323668966e+01 -3.724437717244516932e+01 4.648177020412462923e+01 -8.525454080299709858e+00 9.330096692343123266e+01 3.768737076599595071e+01 -2.394529461614080290e+01 -1.506893512863731743e+01 8.151079230267666276e+01 8.370238492093128002e+01
-2.443501392425102949e+02 6.677772566865597526e+01 -4.738515472415076601e+01 1.193661065827599188e+01 3.660828830302217511e+02 7.267950187440035847e+01 -4.057735078226581749e+01 6.119259089347934832e+01 4.090947256994508052e+02 2.924381809618498806e+01 5.914302256804039359e+01 3.768737076599595071e+01 4.964451299741821799e+02 1.443336711940384021e+01 -5.265836437168573525e+00 -3.305528891754612175e-01 -2.987317403812681604e+01
-8.352556996874463380e+01 -2.698731976669051846e+01 3.734838030465778047e+01 2.409074400026823604e+00 1.167857789721288952e+00 -8.296144467397283506e+01 -6.419140904115617730e+01 6.377650364492729551e+01 -1.846692652783275435e+00 -3.199410347179843228e+01 -1.190333724674665206e+01 -2.394529461614080290e+01 1.443336711940381178e+01 3.072501178730244646e+02 4.840414391380625148e+01 4.500930245773287197e+01 3.463401496647182398e+01
-9.515947507848825637e+01 -9.767502922025494172e+01 5.831097769086656513e+01 6.156741387536870391e+00 -1.286677171529818509e+01 1.028053092622317450e+02 -8.624577986449008193e+00 2.547648348778060789e+00 -3.566125419403877572e+01 8.664495982739111923e+01 8.784702086769303264e+01 -1.506893512863728368e+01 -5.265836437168523787e+00 4.840414391380626569e+01 1.444233817751106699e+02 -3.105905190841916408e+01 -1.539766323765061173e+01
-1.206120264791164800e+02 1.180739549583704502e+02 8.429808730242240244e+01 7.216794428246919324e+01 -4.201725475185032366e+01 1.085834855422214318e+01 -6.572499183031193581e+01 1.262822523585625447e+02 -6.670244033319721666e+01 3.571265776908628453e+00 -1.452300257592304433e+01 8.151079230267663434e+01 -3.305528891754718757e-01 4.500930245773290039e+01 -3.105905190841914632e+01 1.417823948149300008e+02 1.255781945627503831e+02
-1.047025783157914134e+02 8.836182876659580643e+01 6.704641889760762297e+01 7.237180333316111103e+01 -6.456071496821337519e+01 4.286745268241557483e+01 -6.200276127431139628e+01 1.061984002043980695e+02 -9.729343065491461573e+01 2.075590648318267739e+01 -1.862849440567915948e+01 8.370238492093130844e+01 -2.987317403812679117e+01 3.463401496647183109e+01 -1.539766323765057798e+01 1.255781945627504257e+02 1.202976450793647842e+02
