0.000000000000000000e+00
3.234246071995672961e-02
5.852933730155018138e-02
7.943930166493567979e-02
9.583953681210680142e-02
1.083989987935362470e-01
1.177001642232317485e-01
1.242494314811836559e-01
1.284863254558515355e-01
1.307916393507007891e-01
1.314946325008649886e-01
1.308793901334370791e-01
1.291904393917747973e-01
1.266377055820333553e-01
1.234008833559870066e-01
1.196332892991299052e-01
1.154652550406119194e-01
1.110071134465490383e-01
1.063518246154591396e-01
1.015772831878244270e-01
9.674834384292478606e-02
9.191859772419165575e-02
8.713192885492186679e-02
8.242387633056133533e-02
7.782282515839342163e-02
7.335104602144233710e-02
6.902560193596987692e-02
6.485913772004862909e-02
6.086056636659742392e-02
5.703566479319239352e-02
5.338759000079658368e-02
4.991732539453262729e-02
4.662406588412876945e-02
4.350554937396270555e-02
4.055834135867456003e-02
3.777807854759253348e-02
3.515967673854510783e-02
3.269750753905870111e-02
3.038554798157895934e-02
2.821750659129281663e-02
2.618692903331083441e-02
2.428728608411167070e-02
2.251204633465435714e-02
2.085473573444393894e-02
1.930898582265502816e-02
1.786857226022467784e-02
1.652744507210689856e-02
1.527975182851062409e-02
1.411985483513849594e-02
1.304234326273739225e-02
1.204204102346326244e-02
1.111401109370466905e-02
1.025355688836546847e-02
9.456221208640999340e-03
8.717783212667824105e-03
8.034253794872544402e-03
7.401869704318045015e-03
6.817086683891834635e-03
6.276571869958605041e-03
5.777195655360316089e-03
5.316023186730298340e-03
4.890305639408672883e-03
4.497471389286766298e-03
4.135117180211107107e-03
3.800999367739283253e-03
3.493025304703115032e-03
3.209244920885557031e-03
2.947842537878182963e-03
2.707128950612208360e-03
2.485533798932382764e-03
2.281598245720233790e-03
2.093967972305054142e-03
1.921386497081069853e-03
1.762688819249491265e-03
1.616795386312078978e-03
1.482706381259872282e-03
1.359496323240951335e-03
1.246308973779022052e-03
1.142352539284701221e-03
1.046895159596437355e-03
9.592606715580603285e-04
8.788246361419866899e-04
8.050106173233911823e-04
7.372867007688512333e-04
6.751622403949259551e-04
6.181848209537749335e-04
5.659374249933163360e-04
5.180357928008813909e-04
4.741259642565306791e-04
4.338819918821627234e-04
3.970038147643369379e-04
3.632152834429201336e-04
3.322623262865443848e-04
3.039112483128225315e-04
2.779471538508948201e-04
2.541724848817479175e-04
2.324056673241443026e-04
2.124798579580707003e-04
1.942417850909687160e-04
1.775506764729018437e-04
