0.000000000000000000e+00
5.813069637265184768e-03
1.051976584289252351e-02
1.427801664543862890e-02
1.722571162151085439e-02
1.948308553429987586e-02
2.115482977227558722e-02
2.233196180849210052e-02
2.309347961425560133e-02
2.350782502608274663e-02
2.363417744471314058e-02
2.352359690612574467e-02
2.322003347722637057e-02
2.276121806642888989e-02
2.217944807785640973e-02
2.150227985596095057e-02
2.075313854587128651e-02
1.995185481661301830e-02
1.911513684419200582e-02
1.825698501569732873e-02
1.738905598181555295e-02
1.652098194250217755e-02
1.566065038923773398e-02
1.481444893855088374e-02
1.398747936749628919e-02
1.318374449553812687e-02
1.240631114256405404e-02
1.165745202395719778e-02
1.093876911579978045e-02
1.025130073191861738e-02
9.595614295633847837e-03
8.971886559187947779e-03
8.379972819744159127e-03
7.819466499723473282e-03
7.289750298574785778e-03
6.790039980591903133e-03
6.319421737096849248e-03
5.876883949410448976e-03
5.461344079932374876e-03
5.071671330931245766e-03
4.706705633032643929e-03
4.365273456759776079e-03
4.046200879821655431e-03
3.748324289261052104e-03
3.470499050271708390e-03
3.211606431761014624e-03
2.970559041939256541e-03
2.746304994797598223e-03
2.537830999794298166e-03
2.344164541958522474e-03
2.164375297548161090e-03
1.997575911012174684e-03
1.842922241997186272e-03
1.699613176226116807e-03
1.566890081018154027e-03
1.444035974796374459e-03
1.330374469949169042e-03
1.225268539702796186e-03
1.128119152073532713e-03
1.038363807364634179e-03
9.554750099367499997e-04
8.789587000055354123e-04
8.083526669137976531e-04
7.432249616055488887e-04
6.831723228231520104e-04
6.278186287921945670e-04
5.768133837953780957e-04
5.298302470165707325e-04
4.865656093154078631e-04
4.467372221327243803e-04
4.100828814936115382e-04
3.763591690381603606e-04
3.453402511436433949e-04
3.168167364829915463e-04
2.905945917727237901e-04
2.664941149812620198e-04
2.443489648803754397e-04
2.240052455147778000e-04
2.053206439258702456e-04
1.881636192849979645e-04
1.724126414603938508e-04
1.579554769524797232e-04
1.446885200776080083e-04
1.325161672548385086e-04
1.213502322489002147e-04
1.111094002407560612e-04
1.017187186314094161e-04
9.310912253158425014e-05
8.521699294692392109e-05
7.798374573305236516e-05
7.135544946525968564e-05
6.528247044201810766e-05
5.971914311861898842e-05
5.462346434575781018e-05
4.995680986691087297e-05
4.568367160704739680e-05
4.177141436293731712e-05
3.819005058153573039e-05
3.491203198721887728e-05
3.191205689070093998e-05
