0.000000000000000000e+00
-4.667123371487073326e-03
-8.445975722223292986e-03
-1.146335229793638694e-02
-1.382996012706845697e-02
-1.564233176614611420e-02
-1.698452050480982883e-02
-1.792960129350942497e-02
-1.854099901809516324e-02
-1.887366338925805520e-02
-1.897510761112897182e-02
-1.888632611558926575e-02
-1.864260497303444133e-02
-1.827423709503689375e-02
-1.780715301039245343e-02
-1.726347680624440092e-02
-1.666201576499824408e-02
-1.601869128183018229e-02
-1.534691780445849967e-02
-1.465793578549611995e-02
-1.396110396830021680e-02
-1.326415573098877441e-02
-1.257342368234307985e-02
-1.189403623063092948e-02
-1.123008942568721504e-02
-1.058479700026224331e-02
-9.960621203678139690e-03
-9.359386724738450597e-03
-8.782379737612833540e-03
-8.230433870492671541e-03
-7.704004688992033972e-03
-7.203234101701958686e-03
-6.728005931450401628e-03
-6.277993750404956864e-03
-5.852701948155108330e-03
-5.451500887517486335e-03
-5.073656901410122932e-03
-4.718357794302048026e-03
-4.384734432181409958e-03
-4.071878934556512168e-03
-3.778859919691414035e-03
-3.504735199174480002e-03
-3.248562269216410860e-03
-3.009406903054597307e-03
-2.786350110862758148e-03
-2.578493700058570419e-03
-2.384964639360383047e-03
-2.204918403916042262e-03
-2.037541455910835044e-03
-1.882052994901499019e-03
-1.737706094401548747e-03
-1.603788325678920986e-03
-1.479621956069481587e-03
-1.364563797137671687e-03
-1.258004767531309192e-03
-1.159369226206438284e-03
-1.068114123685363166e-03
-9.837280120189772960e-04
-9.057299480316512033e-04
-8.336683191254034859e-04
-7.671196163143816082e-04
-7.056871751664847052e-04
-6.489999018714983107e-04
-5.967109986684650605e-04
-5.484967002908779001e-04
-5.040550308751359961e-04
-4.631045888802491324e-04
-4.253833659448730807e-04
-3.906476042262135395e-04
-3.586706955930685030e-04
-3.292421250549502714e-04
-3.021664599768706457e-04
-2.772623859338411620e-04
-2.543617894819618871e-04
-2.333088876479176761e-04
-2.139594035515375396e-04
-1.961797872644081711e-04
-1.798464807604758619e-04
-1.648452256226584124e-04
-1.510704120244737861e-04
-1.384244674003579751e-04
-1.268172831464870940e-04
-1.161656776500913650e-04
-1.063928939247856285e-04
-9.742813012828012973e-05
-8.920610125350335675e-05
-8.166663031164231735e-05
-7.475426736333571774e-05
-6.841793480002901614e-05
-6.261059732944511478e-05
-5.728895517566050824e-05
-5.241315906404608161e-05
-4.794654562321965847e-05
-4.385539189921239500e-05
-4.010868774049051614e-05
-3.667792487565979005e-05
-3.353690156807631731e-05
-3.066154179278205561e-05
-2.802972794083190286e-05
-2.562114611392898771e-05
