0.000000000000000000e+00
6.105497926685037394e-03
1.104896595961118652e-02
1.499627674629269367e-02
1.809225644169091055e-02
2.046318825643007183e-02
2.221903011207834733e-02
2.345537814418890976e-02
2.425520434176567722e-02
2.469039352935508899e-02
2.482310214599268983e-02
2.470695881876520256e-02
2.438812453646431108e-02
2.390622827267328485e-02
2.329519216254886949e-02
2.258395878108454546e-02
2.179713168267421314e-02
2.095553912436204369e-02
2.007672979218277573e-02
1.917540836708452739e-02
1.826381789121884341e-02
1.735207511537788932e-02
1.644846431377239293e-02
1.555969443398181294e-02
1.469112389955401325e-02
1.384695689304045116e-02
1.303041451166411270e-02
1.224388380046754869e-02
1.148904732344171488e-02
1.076699562711580863e-02
1.007832467921786559e-02
9.423220123567301737e-03
8.801529978005817600e-03
8.212827211941903932e-03
7.656463471326828765e-03
7.131615069231481661e-03
6.637322227546033418e-03
6.172522437796697931e-03
5.736078704989991221e-03
5.326803346260356939e-03
4.943477934580032228e-03
4.584869905704210512e-03
4.249746282813250675e-03
3.936884917035532450e-03
3.645083592352238791e-03
3.373167299552632531e-03
3.119993945262322568e-03
2.884458728017227132e-03
2.665497383377424170e-03
2.462088473701769947e-03
2.273254875020822886e-03
2.098064593084528282e-03
1.935631022794551343e-03
1.785112749569103775e-03
1.645712977472674763e-03
1.516678656945473535e-03
1.397299374485166685e-03
1.286906057486570179e-03
1.184869539474334632e-03
1.090599024028231267e-03
1.003540479675500740e-03
9.231749927995503823e-04
8.490171010912604503e-04
7.806131261620457510e-04
7.175395205703562467e-04
6.594012416180735281e-04
6.058301617910249320e-04
5.564835235960760877e-04
5.110424447399310437e-04
4.692104780612237069e-04
4.307122293319350938e-04
3.952920349552946225e-04
3.627127006774267842e-04
3.327543016749488487e-04
3.052130437592609513e-04
2.799001849317832389e-04
2.566410161166816635e-04
2.352738995744216082e-04
2.156493632484331993e-04
1.976292491074624965e-04
1.810859134083867331e-04
1.659014767102671365e-04
1.519671214130791114e-04
1.391824345677892887e-04
1.274547937029313306e-04
1.166987934320194671e-04
1.068357106420808015e-04
9.779300611294526385e-05
8.950386047681237547e-05
8.190674249556799760e-05
7.494500770728470217e-05
6.856652557152843040e-05
6.272333332405630635e-05
5.737131483397785446e-05
5.246990283944343313e-05
4.798180302058266020e-05
4.387273845004190147e-05
4.011121304152479277e-05
3.666829269477107786e-05
3.351740291108802914e-05
