0.000000000000000000e+00
1.222145474829199616e-03
2.211685911817569926e-03
3.001824254933275603e-03
3.621550544308723817e-03
4.096143054748786240e-03
4.447612206677785222e-03
4.695093603101466347e-03
4.855195855162836027e-03
4.942308241849988244e-03
4.968872698548206304e-03
4.945624137414102693e-03
4.881802663717195977e-03
4.785340860732182483e-03
4.663028966450490434e-03
4.520660453817804646e-03
4.363160248373089065e-03
4.194697569465982018e-03
4.018785160444216485e-03
3.838366476451883762e-03
3.655892223187901750e-03
3.473387483839438655e-03
3.292510532368824166e-03
3.114604307554118875e-03
2.940741412018379238e-03
2.771763402460554904e-03
2.608315050108533581e-03
2.450874172878560880e-03
2.299777571796916050e-03
2.155243542983220281e-03
2.017391382074080596e-03
1.886258249634703565e-03
1.761813723198445451e-03
1.643972323495426682e-03
1.532604268650972473e-03
1.427544680179302196e-03
1.328601438045678290e-03
1.235561858544562087e-03
1.148198347906718205e-03
1.066273166105518406e-03
9.895424190153284498e-04
9.177593826453592793e-04
8.506772504191790867e-04
7.880513832048200969e-04
7.296411318554299518e-04
6.752112932463776983e-04
6.245332530588793311e-04
5.773858617444254130e-04
5.335560841034484069e-04
4.928394576324905121e-04
4.550403901534953743e-04
4.199723231631355305e-04
3.874577837637207135e-04
3.573283449021365460e-04
3.294245108978274979e-04
3.035955428392629976e-04
2.796992363300842524e-04
2.576016622351778168e-04
2.371768794814329325e-04
2.183066275796645395e-04
2.008800053281235636e-04
1.847931411120848442e-04
1.699488593086237215e-04
1.562563465236001140e-04
1.436308207137996877e-04
1.319932056676394216e-04
1.212698128209746106e-04
1.113920319598262447e-04
1.022960320000740157e-04
9.392247272718664598e-05
8.621622811973085783e-05
7.912612166243734131e-05
7.260467387246773976e-05
6.660786211138584130e-05
6.109489263093641936e-05
5.602798469935206424e-05
5.137216657329486636e-05
4.709508301584460095e-05
4.316681401069074139e-05
3.955970428471128483e-05
3.624820322353849105e-05
3.320871474589469021e-05
3.041945669100465572e-05
2.786032926803249109e-05
2.551279211618709826e-05
2.335974952798105381e-05
2.138544339532234625e-05
1.957535344799828426e-05
1.791610436609738109e-05
1.639537936151736663e-05
1.500183983851224061e-05
1.372505075888251133e-05
1.255541135361906090e-05
1.148409083932269943e-05
1.050296881433395525e-05
9.604580026053655814e-06
8.782063217274066862e-06
8.029113775365036914e-06
7.339939923779271898e-06
6.709222210489571448e-06
