0.000000000000000000e+00
5.035689753640646728e-03
9.112961029428680998e-03
1.236862219279585319e-02
1.492212289278889090e-02
1.687761893740797811e-02
1.832580137030286049e-02
1.934551592790213770e-02
2.000519620888742758e-02
2.036413134557153032e-02
2.047358669696899142e-02
2.037779405730287194e-02
2.011482606554012773e-02
1.971736788816789293e-02
1.921339780811766665e-02
1.862678706899459705e-02
1.797782817900231075e-02
1.728369985834397882e-02
1.655887590416376884e-02
1.581548443640704363e-02
1.506362326571205820e-02
1.431163648111397069e-02
1.356635678246138378e-02
1.283331757243321054e-02
1.211693836912275737e-02
1.142068669626863410e-02
1.074721924894731818e-02
1.009850481306400274e-02
9.475931132968266543e-03
8.880397669121626106e-03
8.312395963510932698e-03
7.772079131359622278e-03
7.259321820893527635e-03
6.773771826019066994e-03
6.314894397584056539e-03
5.882010175464402572e-03
5.474327554314979520e-03
5.090970198888627139e-03
4.731000338980951778e-03
4.393438398067899334e-03
4.077279442469538932e-03
3.781506878418613906e-03
3.505103771864582531e-03
3.247062119426863576e-03
3.006390357933981343e-03
2.782119363833034011e-03
2.573307161879383968e-03
2.379042534432915940e-03
2.198447697961535864e-03
2.030680191600420410e-03
1.874934103494380142e-03
1.730440743857289106e-03
1.596468858946566193e-03
1.472324467232948410e-03
1.357350387733593936e-03
1.250925520581177295e-03
1.152463931256105488e-03
1.061413782364798797e-03
9.772561502729699805e-04
8.995037581826312171e-04
8.276996522721501289e-04
7.614158432090467350e-04
7.002519316147332073e-04
6.438337328378870676e-04
5.918119136157335520e-04
5.438606508145897881e-04
4.996763203937288050e-04
4.589762229866307789e-04
4.214973510030467843e-04
3.869952008904552080e-04
3.552426331249549946e-04
3.260287816035523502e-04
2.991580133593366923e-04
2.744489388982851810e-04
2.517334729438638376e-04
2.308559449578556958e-04
2.116722584695698460e-04
1.940490979790175977e-04
1.778631819925741424e-04
1.630005605931774879e-04
1.493559558334630472e-04
1.368321431627015901e-04
1.253393720511181858e-04
1.147948239530918708e-04
1.051221057494830101e-04
9.625077682516134812e-05
8.811590796745127126e-05
8.065767031192045528e-05
7.382095261132614694e-05
6.755500515958033625e-05
6.181310876359612401e-05
5.655226722036637551e-05
5.173292182340154602e-05
4.731868649068784636e-05
4.327610217477615090e-05
3.957440928378787531e-05
3.618533690944762617e-05
3.308290772427993013e-05
3.024325747446616404e-05
2.764446805727630198e-05
