0.000000000000000000e+00
3.765314454343893311e-03
6.813994817924013542e-03
9.248336216341159627e-03
1.115765421749678743e-02
1.261982879187228263e-02
1.370267196011229656e-02
1.446513870267870927e-02
1.495839857744437999e-02
1.522678359011348827e-02
1.530862616518956394e-02
1.523699955028664371e-02
1.504037163457793737e-02
1.474318195581051857e-02
1.436635059410916286e-02
1.392772669089976066e-02
1.344248347531120692e-02
1.292346591727862315e-02
1.238149644635235837e-02
1.182564356904659136e-02
1.126345767750491431e-02
1.070117786122439310e-02
1.014391310522213055e-02
9.595800876678975758e-03
9.060145762686679788e-03
8.539540519727975912e-03
8.035971626887482289e-03
7.550911195909371619e-03
7.085396878856027765e-03
6.640101225396424431e-03
6.215391774088048667e-03
5.811383013112696519e-03
5.427981213732054749e-03
5.064923022411661757e-03
4.721808593487730396e-03
4.398129951961781726e-03
4.093295194203138213e-03
3.806649061859040516e-03
3.537490360082664979e-03
3.285086634369144883e-03
3.048686470017453881e-03
2.827529733780049809e-03
2.620856037970846486e-03
2.427911672594865265e-03
2.247955220423362988e-03
2.080262042906249557e-03
1.924127800980200437e-03
1.778871153832093342e-03
1.643835760189357167e-03
1.518391690444186428e-03
1.401936343621197796e-03
1.293894950641237464e-03
1.193720734315590649e-03
1.100894786845917897e-03
1.014925717146812709e-03
9.353491129088503794e-04
8.617268558555176913e-04
7.936463230064192027e-04
7.307195018436133315e-04
6.725820430007789551e-04
6.188922703791616695e-04
5.693301653718316245e-04
5.235963390883953622e-04
4.814110040627568609e-04
4.425129548497715648e-04
4.066585651311326001e-04
3.736208074200075531e-04
3.431883001454367381e-04
3.151643857829071861e-04
2.893662427517639424e-04
2.656240330011463611e-04
2.437800865346136494e-04
2.236881235624860794e-04
2.052125145052772495e-04
1.882275776883291516e-04
1.726169142554096348e-04
1.582727795775886728e-04
1.450954902343910109e-04
1.329928654893915705e-04
1.218797020654276473e-04
1.116772809396188398e-04
1.023129048204147388e-04
9.371946493353027570e-05
8.583503572712047468e-05
7.860249610560931545e-05
7.196917581342137239e-05
6.588652561202979722e-05
6.030980992417408202e-05
5.519782065602952148e-05
5.051261095001842715e-05
4.621924766656478663e-05
4.228558144131437245e-05
3.868203321427196318e-05
3.538139617817855293e-05
3.235865214463250314e-05
2.959080137743553068e-05
2.705670499298389565e-05
2.473693907689567057e-05
2.261365971418773319e-05
2.067047817698788791e-05
