0.000000000000000000e+00
2.880477470319924016e-02
5.212727593910064516e-02
7.075006465497575558e-02
8.535640777104727683e-02
9.654208952547366218e-02
1.048258740216312657e-01
1.106587687252781893e-01
1.144322223730503962e-01
1.164853762111661695e-01
1.171114744998433127e-01
1.165635286297045797e-01
1.150593188535954936e-01
1.127858084085021778e-01
1.099030365692511835e-01
1.065475498324638115e-01
1.028354238810285648e-01
9.886492314133980830e-02
9.471883954185901511e-02
9.046654744433016426e-02
8.616580758753195068e-02
8.186434920350998956e-02
7.760125618928376268e-02
7.340818029968847191e-02
6.931040173052692432e-02
6.532775515092198448e-02
6.147543718871942980e-02
5.776470954533702989e-02
5.420351029188138353e-02
5.079698445459834150e-02
4.754794371508091338e-02
4.445726391154204010e-02
4.152422801616820897e-02
3.874682136608877808e-02
3.612198512932542072e-02
3.364583328106839077e-02
3.131383773981628871e-02
2.912098575843936540e-02
2.706191317417493136e-02
2.513101668688728224e-02
2.332254795034021180e-02
2.163069192114083078e-02
2.004963160943335279e-02
1.857360110991021843e-02
1.719692855731449685e-02
1.591407044381179872e-02
1.471963855328372803e-02
1.360842060695355640e-02
1.257539557332070998e-02
1.161574447095569187e-02
1.072485738333165718e-02
9.898337308808463283e-03
9.132001384593444598e-03
8.421879949612035010e-03
7.764213846514183247e-03
7.155450306439662539e-03
6.592237710711904182e-03
6.071419480476271391e-03
5.590027307694521788e-03
5.145273908186971494e-03
4.734545448988160612e-03
4.355393777630287358e-03
4.005528559629741372e-03
3.682809412018938494e-03
3.385238104878474010e-03
3.110950889165421326e-03
2.858210997422790112e-03
2.625401353945023327e-03
2.411017522447721911e-03
2.213660912054745637e-03
2.032032256303653237e-03
1.864925374733290321e-03
1.711221222324590127e-03
1.569882228503416367e-03
1.439946924482303752e-03
1.320524855328435035e-03
1.210791771221658491e-03
1.109985090841542153e-03
1.017399628638009264e-03
9.323835768450933464e-04
8.543347324472378400e-04
7.826969588640761812e-04
7.169568718491325324e-04
6.566407389715845548e-04
6.013115820430717153e-04
5.505664719420541760e-04
5.040340054577951241e-04
4.613719540089018497e-04
4.222650743738688359e-04
3.864230718916596683e-04
3.535787069392989923e-04
3.234860358623313872e-04
2.959187779159676941e-04
2.706688001639043239e-04
2.475447126733402504e-04
2.263705667346902536e-04
2.069846492195911547e-04
1.892383665684850861e-04
1.729952122672032784e-04
1.581298120290149014e-04
