2.380762231605276611e+02 -3.077841456307800740e+02 -5.831268533133079757e+01 -4.756276818233124004e+01 -9.169411630121783219e+01 -2.445862268123151040e+01 -4.622386323534484376e+01 -2.095288770745951723e+01 -4.552551875825037797e+01 -3.035417522448523187e+01 -4.414662357769500289e+01 -4.433158239694947156e+01 -5.279614187572627770e+01 -6.334207433567706858e+01 -2.942059232241290800e+01 -1.918786026591602081e+02 -6.034191249032753035e+01
-3.077841456307801309e+02 6.644349333934524111e+02 1.555410308483574511e+01 8.017542910227692232e+01 2.012101288591576917e+02 7.006940166632300304e+01 5.321585951979473350e+01 7.560160433266281643e+01 9.002137397001921215e+01 6.864113051428199697e+01 5.456830496636641215e+01 4.479313287628896489e+01 9.717994324020651220e+01 6.185252922271313025e+01 4.784176577850494994e+01 -1.422262871383351523e+01 -1.320320667156701688e+01
-5.831268533133081178e+01 1.555410308483578774e+01 2.600372580792296731e+02 -1.403338735517508695e+01 1.893338181422119071e+00 -1.618333908697940515e+01 -1.119296467346740265e+01 -2.544243674049890203e+01 -9.335722764767254489e+00 -4.063020575055496408e+01 -2.490357433359929118e+01 -9.995103581662220904e+00 1.958437290108999207e+01 6.203343039385899260e+00 -9.413988390034376152e+00 2.885426713092782336e+01 -3.234626006074664417e+01
-4.756276818233124004e+01 8.017542910227696495e+01 -1.403338735517511182e+01 1.676855593766204322e+01 2.378619795164283346e+01 2.630278351349804478e+00 1.367614576560266215e+01 1.869803291538233658e+00 1.199084931670496701e+01 1.354282463042286544e+01 2.066974422567138348e+01 1.491784451534553213e+01 9.889649137700603276e+00 2.632361923956392502e+01 1.003776364356787809e+01 4.087280722028542357e+01 1.177384104031330025e+01
-9.169411630121787482e+01 2.012101288591577202e+02 1.893338181422057787e+00 2.378619795164281925e+01 8.478198847611875522e+01 1.994140834586204747e+01 2.196213111640248172e+01 2.129747798022725647e+01 3.471729155786069754e+01 2.452750037246635273e+01 2.477772686776037148e+01 -4.558517325739263271e+01 3.624620125202022791e+01 2.306296056299375863e+01 -2.176109933058398127e+01 -6.219670259240338339e+01 6.185027713844806385e+01
-2.445862268123149619e+01 7.006940166632291778e+01 -1.618333908697939449e+01 2.630278351349797372e+00 1.994140834586203681e+01 7.149941123982497970e+01 -1.424685195005268801e+00 7.602736318793692760e+01 2.387056738189428629e+01 -9.912477006103026511e+00 -4.403136485789231358e+01 1.570343956195507040e+01 3.673420641740595727e+01 -9.131180449187385761e+01 1.820034704064818243e+01 -3.668555578132337569e+00 -4.817046529854386527e+00
-4.622386323534487929e+01 5.321585951979471218e+01 -1.119296467346741508e+01 1.367614576560266215e+01 2.196213111640248172e+01 -1.424685195005269689e+00 2.321614532866473013e+01 -2.478537250262833780e+00 9.351144346512116456e+00 3.113274977481839123e-01 2.405031358541123154e+01 -5.803246513571069798e-01 7.105336847650813858e+00 1.424173244067823774e+01 3.286640717095123954e-01 6.140193666817128104e+01 7.704407384389244839e+01
-2.095288770745949947e+01 7.560160433266284485e+01 -2.544243674049890558e+01 1.869803291538237655e+00 2.129747798022722804e+01 7.602736318793692760e+01 -2.478537250262833780e+00 8.715206439231300806e+01 2.504465022853884193e+01 2.686292867572999121e+00 -4.965593983790704868e+01 1.692563880387368158e+01 3.215154285101453979e+01 -9.774647654875913361e+01 1.955443327231522233e+01 -1.278734980188011150e+01 -9.448851921651785446e+00
-4.552551875825039218e+01 9.002137397001916952e+01 -9.335722764767290016e+00 1.199084931670496346e+01 3.471729155786073306e+01 2.387056738189428273e+01 9.351144346512120009e+00 2.504465022853884193e+01 2.085279829703988241e+01 1.160137908678349916e+01 2.815351067824562570e+00 -7.089869439541041984e+00 2.257228765338767928e+01 -4.175667108638673852e+00 -1.054889333766250381e+00 -2.770140207586161196e+00 1.798923998148568160e+01
-3.035417522448524608e+01 6.864113051428195433e+01 -4.063020575055494987e+01 1.354282463042285656e+01 2.452750037246633497e+01 -9.912477006103030064e+00 3.113274977481723660e-01 2.686292867573000009e+00 1.160137908678348850e+01 9.775926312814617347e+01 2.281366511291783539e+01 2.532783812506838927e+00 -1.987199215325939861e+01 8.459734113029399794e+01 -3.441302375308412209e+00 -8.737746206059519238e+00 -6.694106555268967895e+01
-4.414662357769504553e+01 5.456830496636642636e+01 -2.490357433359929473e+01 2.066974422567138703e+01 2.477772686776039990e+01 -4.403136485789230647e+01 2.405031358541123154e+01 -4.965593983790702737e+01 2.815351067824567455e+00 2.281366511291782118e+01 6.476393776528867363e+01 -9.067200376798250971e+00 -8.981863466041364319e+00 9.656440441386264695e+01 -9.985219611514587257e+00 4.719806142673418492e+01 5.357556927769005028e+01
-4.433158239694946445e+01 4.479313287628897200e+01 -9.995103581662256431e+00 1.491784451534554456e+01 -4.558517325739261850e+01 1.570343956195507751e+01 -5.803246513570989862e-01 1.692563880387369224e+01 -7.089869439541040208e+00 2.532783812506878007e+00 -9.067200376798250971e+00 1.744691068966963030e+02 -7.617135304954944175e+00 -1.279005372047549827e+00 1.064097551933613772e+02 2.262725078708875515e+02 -1.459053610212160947e+02
-5.279614187572624218e+01 9.717994324020654062e+01 1.958437290109001339e+01 9.889649137700596171e+00 3.624620125202024212e+01 3.673420641740595727e+01 7.105336847650807641e+00 3.215154285101456111e+01 2.257228765338768284e+01 -1.987199215325941282e+01 -8.981863466041380306e+00 -7.617135304954951280e+00 4.244042224757514248e+01 -3.245771526657667039e+01 9.508045635457125222e-01 -5.363535532190926602e+00 2.026150052359001918e+01
-6.334207433567708989e+01 6.185252922271324394e+01 6.203343039385863733e+00 2.632361923956394989e+01 2.306296056299381547e+01 -9.131180449187385761e+01 1.424173244067822530e+01 -9.774647654875917624e+01 -4.175667108638649871e+00 8.459734113029404057e+01 9.656440441386266116e+01 -1.279005372047571143e+00 -3.245771526657664197e+01 2.181982662523248848e+02 -1.530514537809844455e+01 5.500672690123756325e+01 -5.345176160914651575e+01
-2.942059232241294353e+01 4.784176577850494994e+01 -9.413988390034397469e+00 1.003776364356788164e+01 -2.176109933058395995e+01 1.820034704064818953e+01 3.286640717095119513e-01 1.955443327231521522e+01 -1.054889333766241943e+00 -3.441302375308392669e+00 -9.985219611514581928e+00 1.064097551933613488e+02 9.508045635457107458e-01 -1.530514537809843389e+01 6.849360707326458453e+01 1.250519510107132248e+02 -8.558696350557119104e+01
-1.918786026591602081e+02 -1.422262871383352945e+01 2.885426713092775941e+01 4.087280722028543778e+01 -6.219670259240335497e+01 -3.668555578132326023e+00 6.140193666817126683e+01 -1.278734980188011150e+01 -2.770140207586150982e+00 -8.737746206059515686e+00 4.719806142673422755e+01 2.262725078708876083e+02 -5.363535532190966570e+00 5.500672690123751352e+01 1.250519510107132675e+02 6.806235036419059270e+02 7.801964401823408934e+01
-6.034191249032758719e+01 -1.320320667156713057e+01 -3.234626006074661575e+01 1.177384104031332512e+01 6.185027713844807806e+01 -4.817046529854370540e+00 7.704407384389241997e+01 -9.448851921651780117e+00 1.798923998148569581e+01 -6.694106555268967895e+01 5.357556927769002186e+01 -1.459053610212160379e+02 2.026150052359002629e+01 -5.345176160914650154e+01 -8.558696350557120525e+01 7.801964401823408934e+01 4.873257523716061996e+02
