0.000000000000000000e+00
1.840311508330522497e-03
3.330365427159304517e-03
4.520158881340576723e-03
5.453345188406025223e-03
6.167988474920163208e-03
6.697232119346779866e-03
7.069890588666776464e-03
7.310973195481115794e-03
7.442147373220397814e-03
7.482148237586492244e-03
7.447140461926074310e-03
7.351037833440339682e-03
7.205785267519379186e-03
7.021607531490236392e-03
6.807228459916579016e-03
6.570064025228606122e-03
6.316392254476220144e-03
6.051502650539220853e-03
5.779827479860100842e-03
5.505057024810421779e-03
5.230240663693692602e-03
4.957875432026298025e-03
4.689983532352164086e-03
4.428180093959688431e-03
4.173732336267415265e-03
3.927611158350257509e-03
3.690536060323596716e-03
3.463014198510020424e-03
3.245374284073163085e-03
3.037795952856271135e-03
2.840335161385974284e-03
2.652946099391211184e-03
2.475500051848016601e-03
2.307801592694226113e-03
2.149602447251328877e-03
2.000613320408234710e-03
1.860513952196716277e-03
1.728961631015435430e-03
1.605598366988385825e-03
1.490056903372845515e-03
1.381965722203905809e-03
1.280953181158870063e-03
1.186650901661520652e-03
1.098696513271068360e-03
1.016735846188607630e-03
9.404246520652371263e-04
8.694299230327724075e-04
8.034308698418822763e-04
7.421196120430749270e-04
6.852016261580653675e-04
6.323959916518424613e-04
5.834354691304366328e-04
5.380664404685555312e-04
4.960487364371666923e-04
4.571553737848025852e-04
4.211722205668265613e-04
3.878976057598404578e-04
3.571418867959253222e-04
3.287269865609319572e-04
3.024859095849511564e-04
2.782622455781241745e-04
2.559096671016308452e-04
2.352914269860150614e-04
2.162798600939910582e-04
1.987558931521977393e-04
1.826085656281773903e-04
1.677345639893145369e-04
1.540377711357097739e-04
1.414288323367210594e-04
1.298247386104051332e-04
1.191484281568813057e-04
1.093284061823819532e-04
1.002983832231649333e-04
9.199693189114253173e-05
8.436716181041702166e-05
7.735641239102049815e-05
7.091596298873718124e-05
6.500075992421407167e-05
5.956915977738320338e-05
5.458268833168503976e-05
5.000581451424719365e-05
4.580573866089175639e-05
4.195219442677503463e-05
3.841726366300625851e-05
3.517520358537510824e-05
3.220228557215157968e-05
2.947664494279900592e-05
2.697814108749010148e-05
2.468822733779863917e-05
2.258982999123221002e-05
2.066723592583937478e-05
1.890598826552789043e-05
1.729278958159404629e-05
1.581541214097825678e-05
1.446261473667709983e-05
1.322406566034564248e-05
1.209027140125395489e-05
1.105251067928179764e-05
1.010277344244658126e-05
