0.000000000000000000e+00
1.790836607675330705e-03
3.240831944426446343e-03
4.398639013324926426e-03
5.306737556918889216e-03
6.002168386496179245e-03
6.517183854545118005e-03
6.879823780447620780e-03
7.114425126905850154e-03
7.242072820469599818e-03
7.280998302335680260e-03
7.246931675070584361e-03
7.153412667876958217e-03
7.012065069259804974e-03
6.832838764089889383e-03
6.624223055523336193e-03
6.393434545124276371e-03
6.146582481579170032e-03
5.888814164869931971e-03
5.624442704469744155e-03
5.357059173266940678e-03
5.089630970134945837e-03
4.824588000333368196e-03
4.563898101550232025e-03
4.309132981967926483e-03
4.061525793101514875e-03
3.822021332393084943e-03
3.591319756930182530e-03
3.369914588654170876e-03
3.158125701663822005e-03
2.956127902475685996e-03
2.763975643282161592e-03
2.581624345374670514e-03
2.408948754101577789e-03
2.245758697231371205e-03
2.091812574697417878e-03
1.946828868793060770e-03
1.810495929413152632e-03
1.682480258408725711e-03
1.562433490096999666e-03
1.449998241058750954e-03
1.344812981211189690e-03
1.246516059456969326e-03
1.154749000702722222e-03
1.069159176467907642e-03
9.894019384479627813e-04
9.151422930602504113e-04
8.460561850139739545e-04
7.818314491520659930e-04
7.221684820773613487e-04
6.667806782753346161e-04
6.153946694734576924e-04
5.677504007367006628e-04
5.236010722047749859e-04
4.827129713537726941e-04
4.448652171457734392e-04
4.098494343553913885e-04
3.774693736793029012e-04
3.475404908968878328e-04
3.198894963158501934e-04
2.943538839694144504e-04
2.707814484990702882e-04
2.490297963301644655e-04
2.289658566016230222e-04
2.104653963233568757e-04
1.934125433856902958e-04
1.776993203170740472e-04
1.632251910639984679e-04
1.498966225369054649e-04
1.376266622160838757e-04
1.263345327315303849e-04
1.159452440113712914e-04
1.063892233265562504e-04
9.760196333806403968e-05
8.952368807057557655e-05
8.209903658800973630e-05
7.527676402672825223e-05
6.900945954741606050e-05
6.325328069300507948e-05
5.796770358436462747e-05
5.311528834506364848e-05
4.866145911893768582e-05
4.457429802737577178e-05
4.082435240539090065e-05
3.738445465509227455e-05
3.422955406080558407e-05
3.133655992062988699e-05
2.868419536369687091e-05
2.625286123996246272e-05
2.402450948929241539e-05
2.198252541829729046e-05
2.011161833630644750e-05
1.839772002561792171e-05
1.682789054535607928e-05
1.539023089261143019e-05
1.407380206878234432e-05
1.286855012298052622e-05
1.176523676784344967e-05
1.075537518598481011e-05
9.831170667511816692e-06
