0.000000000000000000e+00
1.795763861187217158e-03
3.249748671117854218e-03
4.410741295260105568e-03
5.321338353636983522e-03
6.018682570500763843e-03
6.535115036483933257e-03
6.898752718876779468e-03
7.133999540362309828e-03
7.261998439917549848e-03
7.301031020173513394e-03
7.266870663023674952e-03
7.173094350470840368e-03
7.031357852359060301e-03
6.851638429370475111e-03
6.642448741872363470e-03
6.411025246967462857e-03
6.163494002143725566e-03
5.905016469508079895e-03
5.639917625492258182e-03
5.371798423353595781e-03
5.103634426376750868e-03
4.837862225388944552e-03
4.576455072327116624e-03
4.320988999723866623e-03
4.072700551949925279e-03
3.832537125934397469e-03
3.601200805155800252e-03
3.379186469416792932e-03
3.166814872908038387e-03
2.964261303103433130e-03
2.771580362013486513e-03
2.588727348277113181e-03
2.415576662620830609e-03
2.251937609579017768e-03
2.097567924353948253e-03
1.952185314679687200e-03
1.815477272986443149e-03
1.687109383548559237e-03
1.566732322200483892e-03
1.453987722229096525e-03
1.348513058848705174e-03
1.249945685926105981e-03
1.157926142070435154e-03
1.072100828589848303e-03
9.921241489248935116e-04
9.176601878017534705e-04
8.483839983337356384e-04
7.839825564820297439e-04
7.241554345297732554e-04
6.686152384047229459e-04
6.170878476971792658e-04
5.693124919648537155e-04
5.250416923098092693e-04
4.840410931785903820e-04
4.460892058078898726e-04
4.109770816550485867e-04
3.785079314623634441e-04
3.484967032598444616e-04
3.207696305711935049e-04
2.951637603156482019e-04
2.715264683614924002e-04
2.497149693567115463e-04
2.295958263131015744e-04
2.110444644296934817e-04
1.939446927898043230e-04
1.781882368359454633e-04
1.636742839027596915e-04
1.503090435565838771e-04
1.380053240391821150e-04
1.266821257321458906e-04
1.162642522381928132e-04
1.066819394079765015e-04
9.787050241894018805e-05
8.977000082995978804e-05
8.232492138655417768e-05
7.548387823152195213e-05
6.919933008080311667e-05
6.342731385052330297e-05
5.812719416538017936e-05
5.326142813800254606e-05
4.879534478126426486e-05
4.469693839867148571e-05
4.093667529006828494e-05
3.748731310945924031e-05
3.432373221739093026e-05
3.142277838090572217e-05
2.876311618859829898e-05
2.632509256591775997e-05
2.409060979584474115e-05
2.204300747182647398e-05
2.016695283284989274e-05
1.844833895434565350e-05
1.687419029287736698e-05
1.543257510697992942e-05
1.411252430082283114e-05
1.290395626138231603e-05
1.179760728335227823e-05
1.078496719897453331e-05
9.858219852227966557e-06
