0.000000000000000000e+00
2.756650959930840097e-02
4.988641874020342121e-02
6.770864749191955745e-02
8.168709036706059412e-02
9.239191991825150552e-02
1.003195995194590129e-01
1.059017486421869048e-01
1.095129883507309498e-01
1.114778808232622098e-01
1.120770642802677575e-01
1.115526736108485295e-01
1.101131270891436004e-01
1.079373507411400257e-01
1.051785040430437274e-01
1.019672636048490344e-01
9.841471522603056910e-02
9.461489912323235718e-02
9.064704814983354231e-02
8.657755438939206127e-02
8.246169555112145555e-02
7.834514907381130711e-02
7.426531870852261241e-02
7.025249555846620197e-02
6.633087306960550045e-02
6.251943325455502909e-02
5.883271946564799793e-02
5.528150928415128534e-02
5.187339953786913177e-02
4.861331407768585550e-02
4.550394371609425143e-02
4.254612664060848648e-02
3.973917664714234077e-02
3.708116567953376880e-02
3.456916639945215031e-02
3.219945983525738381e-02
2.996771255947221560e-02
2.786912731388876269e-02
2.589857053138791207e-02
2.405067978756015093e-02
2.231995384716468911e-02
2.070082764499402844e-02
1.918773425305268787e-02
1.777515563186120653e-02
1.645766373937925311e-02
1.522995337313587036e-02
1.408686794666644954e-02
1.302341924762030756e-02
1.203480208954883952e-02
1.111640465030783696e-02
1.026381518533416373e-02
9.472825712125954381e-03
8.739433181587539720e-03
8.059838581185561207e-03
7.430444352937246727e-03
6.847850455082201901e-03
6.308849348961547213e-03
5.810420151329572305e-03
5.349722156335495228e-03
4.924087900099211046e-03
4.531015913601234811e-03
4.168163286015163713e-03
3.833338140189427277e-03
3.524492104344343658e-03
3.239712848846285857e-03
2.977216743848746898e-03
2.735341682382718548e-03
2.512540103898974232e-03
2.307372245104699800e-03
2.118499638012907079e-03
1.944678869273623600e-03
1.784755609939528854e-03
1.637658920710524050e-03
1.502395834292589343e-03
1.378046213700374412e-03
1.263757883046159750e-03
1.158742025516984291e-03
1.062268841782474564e-03
9.736634609423799056e-04
8.923020952662782468e-04
8.176084293557634494e-04
7.490502339349892381e-04
6.861361942165831963e-04
6.284129426690743779e-04
5.754622860051260497e-04
5.268986162964962947e-04
4.823664962839291771e-04
4.415384091730278166e-04
4.041126634775268618e-04
3.698114437781928505e-04
3.383789985995163015e-04
3.095799569593842243e-04
2.831977655124696090e-04
2.590332385805068434e-04
2.369032137373310075e-04
2.166393059897684867e-04
1.980867539640091327e-04
1.811033518685426077e-04
1.655584613570538544e-04
1.513320977563669192e-04
