0.000000000000000000e+00
2.673147298383946394e-02
4.837527398999062062e-02
6.565763702082784425e-02
7.921264900835746359e-02
8.959321100563859275e-02
9.728074766387154182e-02
1.026938039642494166e-01
1.061956530597742004e-01
1.081010255864047337e-01
1.086820587540462957e-01
1.081735527728280716e-01
1.067776125717189439e-01
1.046677442020580440e-01
1.019924676781645001e-01
9.887850119252832026e-02
9.543356556620039011e-02
9.174885237719160314e-02
8.790119438054874723e-02
8.395497253032675744e-02
7.996379007960081886e-02
7.597194081959525447e-02
7.201569547792535664e-02
6.812442758859671432e-02
6.432159773681064840e-02
6.062561293762851883e-02
5.705057600042450633e-02
5.360693803513794098e-02
5.030206574869559161e-02
4.714073384013638818e-02
4.412555161265110937e-02
4.125733186362381955e-02
3.853540917526101367e-02
3.595791389551183936e-02
3.352200736011896193e-02
3.122408325143932045e-02
2.905993940890855276e-02
2.702492389145597085e-02
2.511405863647045433e-02
2.332214365652834215e-02
2.164384435819163149e-02
2.007376425157423455e-02
1.860650504042910686e-02
1.723671583610863339e-02
1.595913302122834582e-02
1.476861209695297210e-02
1.366015267862114892e-02
1.262891765534622686e-02
1.167024739797673481e-02
1.077966978433085934e-02
9.952906709116516454e-03
9.185877656802359306e-03
8.474700837480657681e-03
7.815692317190354663e-03
7.205363514118876163e-03
6.640417379572608608e-03
6.117743536712018718e-03
5.634412609999766945e-03
5.187669943412693239e-03
4.774928875103404136e-03
4.393763709817539997e-03
4.041902507495589818e-03
3.717219786685141848e-03
3.417729224283078213e-03
3.141576418383587848e-03
2.887031768331814810e-03
2.652483515215074347e-03
2.436430976733944872e-03
2.237478002482575119e-03
2.054326668953275134e-03
1.885771227908212980e-03
1.730692316993638841e-03
1.588051437488312333e-03
1.456885700771957167e-03
1.336302842378637914e-03
1.225476500282433618e-03
1.123641752277690972e-03
1.030090905901089168e-03
9.441695332435502469e-04
8.652727421694434611e-04
7.928416748572091445e-04
7.263602241639669074e-04
6.653519580656369224e-04
6.093772423069065578e-04
5.580305513887205389e-04
5.109379581049879699e-04
4.677547919975566970e-04
4.281634573146092635e-04
3.918714013198078597e-04
3.586092240970341371e-04
3.281289213193880360e-04
3.002022517934436899e-04
2.746192219442323418e-04
2.511866797675749424e-04
2.297270111397450420e-04
2.100769317363456151e-04
1.920863681696652499e-04
1.756174223042795274e-04
1.605434130523055727e-04
1.467479902810606813e-04
