0.000000000000000000e+00
2.742087189643905784e-02
4.962286185413745249e-02
6.735093329347927038e-02
8.125552611144523651e-02
9.190380055979198437e-02
9.978959712745676114e-02
1.053422549802660035e-01
1.089344160073481005e-01
1.108889276797619672e-01
1.114849455672578399e-01
1.109633253266527897e-01
1.095313841293665963e-01
1.073671027103143549e-01
1.046228313828950207e-01
1.014285563744038859e-01
9.789477660259239544e-02
9.411503545656531300e-02
9.016814719152144164e-02
8.612015313241054570e-02
8.202603894862296741e-02
7.793124075868849976e-02
7.387296470445094132e-02
6.988134185701136425e-02
6.598043784499449393e-02
6.218913439640306323e-02
5.852189802901793664e-02
5.498944938464569304e-02
5.159934515599307048e-02
4.835648318055560391e-02
4.526354005488956306e-02
4.232134953824795431e-02
3.952922905185613650e-02
3.688526072574083853e-02
3.438653268710684108e-02
3.202934561215826925e-02
2.980938896751772829e-02
2.772189083955942449e-02
2.576174478251306438e-02
2.392361670240285287e-02
2.220203442777862399e-02
2.059146229444610079e-02
1.908636278526439425e-02
1.768124701332379756e-02
1.637071561368475328e-02
1.514949141199856478e-02
1.401244506476384544e-02
1.295461471304929293e-02
1.197122055687438631e-02
1.105767513899250098e-02
1.020959002270040508e-02
9.422779456852842933e-03
8.693261541019070560e-03
8.017257333377133047e-03
7.391188282343259808e-03
6.811672309050395904e-03
6.275518820712349538e-03
5.779722893829601638e-03
5.321458830395330020e-03
4.898073259111975983e-03
4.507077926568669839e-03
4.146142299862647096e-03
3.813086081834072757e-03
3.505871722536168297e-03
3.222596995438638517e-03
2.961487693859438282e-03
2.720890491971765090e-03
2.499266005203935360e-03
2.295182076732786569e-03
2.107307309883796678e-03
1.934404860432596077e-03
1.775326497912183520e-03
1.629006940943678559e-03
1.494458468217330733e-03
1.370765803959412849e-03
1.257081274445900638e-03
1.152620230292727846e-03
1.056656727800849536e-03
9.685194615068103488e-04
8.875879392374952988e-04
8.132888903488747151e-04
7.450928974063642136e-04
6.825112413069219387e-04
6.250929497227789879e-04
5.724220387398781156e-04
5.241149376502747016e-04
4.798180870191708601e-04
4.392057003689303521e-04
4.019776800913546825e-04
3.678576785046958129e-04
3.365912953040472370e-04
3.079444030049189240e-04
2.817015923434151815e-04
2.576647299669020878e-04
2.356516211217778416e-04
2.154947704161987935e-04
1.970402341022096200e-04
1.801465576812678166e-04
1.646837929876049649e-04
1.505325892437553393e-04
