0.000000000000000000e+00
2.724601319653628673e-02
4.930642446505514864e-02
6.692144670831837172e-02
8.073737206771447461e-02
9.131774410094918581e-02
9.915325415180561985e-02
1.046705035560135943e-01
1.082397579224537859e-01
1.101818059733141869e-01
1.107740231460363073e-01
1.102557291978066289e-01
1.088329192701985165e-01
1.066824391422426521e-01
1.039556676127256357e-01
1.007817620066818881e-01
9.727051660718996628e-02
9.351487829149079944e-02
8.959315872835012240e-02
8.557097810730433796e-02
8.150297146255250369e-02
7.743428517345622708e-02
7.340188812399175977e-02
6.943571924403510454e-02
6.555969069938349936e-02
6.179256381215238181e-02
5.814871284935464041e-02
5.463879008890618755e-02
5.127030403564186017e-02
4.804812129429769652e-02
4.497490139318374019e-02
4.205147277479792667e-02
3.927715721306591912e-02
3.665004906797748874e-02
3.416725503530421842e-02
3.182509938127142668e-02
2.961929906011281227e-02
2.754511258796482620e-02
2.559746608207968260e-02
2.377105946318181645e-02
2.206045545502020866e-02
2.046015369348322052e-02
1.896465197332856262e-02
1.756849640943759783e-02
1.626632206779394380e-02
1.505288542578139127e-02
1.392308984893637913e-02
1.287200511934197787e-02
1.189488191707000278e-02
1.098716203838600441e-02
1.014448503097541317e-02
9.362691835586875108e-03
8.637825943758765598e-03
7.966132511402294544e-03
7.344055806808994120e-03
6.768235318110696688e-03
6.235500798442691894e-03
5.742866486242337309e-03
5.287524702546175792e-03
4.866838996198983615e-03
4.478336981000756618e-03
4.119702985500070698e-03
3.788770615958115574e-03
3.483515315572020300e-03
3.202046988018700767e-03
2.942602740460360886e-03
2.703539790075747476e-03
2.483328568712796398e-03
2.280546052193035966e-03
2.093869333954601758e-03
1.922069456939289349e-03
1.764005512769906527e-03
1.618619013203751421e-03
1.484928535478572450e-03
1.362024640394054065e-03
1.249065059711668276e-03
1.145270147636282638e-03
1.049918589700625082e-03
9.623433612533532390e-04
8.819279269048967097e-04
8.081026716703124634e-04
7.403415541289030738e-04
6.781589716644874713e-04
6.211068277307532550e-04
5.687717910793451846e-04
5.207727369739696644e-04
4.767583605741885404e-04
4.364049528928309299e-04
3.994143299981785852e-04
3.655119064353205783e-04
3.344449041711271145e-04
3.059806887162142886e-04
2.799052244385672296e-04
2.560216414515925740e-04
2.341489068297247778e-04
2.141205932735778508e-04
1.957837387108969695e-04
1.789977906768095285e-04
1.636336296650955327e-04
1.495726659799155806e-04
