0.000000000000000000e+00
2.719831188926823129e-02
4.922010060964441408e-02
6.680428312665122326e-02
8.059602007741642482e-02
9.115786838852978080e-02
9.897966031960693523e-02
1.044872503286143617e-01
1.080502557771661487e-01
1.099889037624780658e-01
1.105800841033847542e-01
1.100626975649365152e-01
1.086423786400689262e-01
1.064956634927954754e-01
1.037736658935280165e-01
1.006053170434566685e-01
9.710021900190979327e-02
9.335115591819016789e-02
8.943630235590441235e-02
8.542116361919994960e-02
8.136027908928855634e-02
7.729871610492876355e-02
7.327337882634879507e-02
6.931415376745891921e-02
6.544491122952522666e-02
6.168437968803770072e-02
5.804690824407677391e-02
5.454313052594609440e-02
5.118054189286929540e-02
4.796400042931171781e-02
4.489616100738008653e-02
4.197785061916600030e-02
3.920839222600813051e-02
3.658588352421995177e-02
3.410743627506254705e-02
3.176938118009932366e-02
2.956744269216131718e-02
2.749688762859870891e-02
2.555265098982904479e-02
2.372944197575857159e-02
2.202183282951744592e-02
2.042433281682708851e-02
1.893144936550165275e-02
1.753773813888185804e-02
1.623784359567841118e-02
1.502653139343961344e-02
1.389871382070009820e-02
1.284946929118522749e-02
1.187405679989963006e-02
1.096792612344254549e-02
1.012672444361725071e-02
9.346299982698752853e-03
8.622703159133396356e-03
7.952185702673862308e-03
7.331198106854606468e-03
6.756385743266743460e-03
6.224583915395944488e-03
5.732812089039942410e-03
5.278267500815257869e-03
4.858318315367361924e-03
4.470496475058119597e-03
4.112490362627619668e-03
3.782137377178690276e-03
3.477416506427267844e-03
3.196440963160662382e-03
2.937450940948336912e-03
2.698806533092145722e-03
2.478980849351096818e-03
2.276553356924561258e-03
2.090203465346315848e-03
1.918704369170497583e-03
1.760917157479897476e-03
1.615785195193688911e-03
1.482328777788116236e-03
1.359640058275215450e-03
1.246878243028386570e-03
1.143265051227378539e-03
1.048080431255479740e-03
9.606585262633167551e-04
8.803838802685647362e-04
8.066878755470256648e-04
7.390453916517703914e-04
6.769716761416302679e-04
6.200194169810720407e-04
5.677760065667278267e-04
5.198609874213276725e-04
4.759236697558909962e-04
4.356409113209106583e-04
3.987150502340136788e-04
3.648719817742982082e-04
3.338593704630200593e-04
3.054449890986130566e-04
2.794151767746919242e-04
2.555734082771439052e-04
2.337389676261210922e-04
2.137457188969678009e-04
1.954409678177402416e-04
1.786844079975974842e-04
1.633471459879521075e-04
1.493107997153966793e-04
