0.000000000000000000e+00
1.458397887380060440e-03
2.639225957772143964e-03
3.582105601866044341e-03
4.321630911899491598e-03
4.887966695034405562e-03
5.307378196536833431e-03
5.602700114543858294e-03
5.793751663627015949e-03
5.897703708065042162e-03
5.929403328385197264e-03
5.901660597964875944e-03
5.825501822822285423e-03
5.710393030470150948e-03
5.564437076865853295e-03
5.394547368701637334e-03
5.206600866739912944e-03
5.005572740317527566e-03
4.795654779677747601e-03
4.580359438004056628e-03
4.362611165852872848e-03
4.144826514365419073e-03
3.928984317725647823e-03
3.716687117625317241e-03
3.509214861036109249e-03
3.307571785618054587e-03
3.112527303045918136e-03
2.924651598010439245e-03
2.744346578398453636e-03
2.571872739057943537e-03
2.407372436613373998e-03
2.250890015122720966e-03
2.102389171165486813e-03
1.961767901511144059e-03
1.828871336207019615e-03
1.703502724178639332e-03
1.585432806750538453e-03
1.474407786422152070e-03
1.370156073371262603e-03
1.272393970149635024e-03
1.180830435563815168e-03
1.095171051515185599e-03
1.015121301354891901e-03
9.403892548662940018e-04
8.706877431201624990e-04
8.057360959776867747e-04
7.452615057851088827e-04
6.890000726704545572e-04
6.366975796919717044e-04
5.881100397881915999e-04
5.430040509418090737e-04
5.011569911059979418e-04
4.623570801740613375e-04
4.264033325321761147e-04
3.931054204588400923e-04
3.622834657688045750e-04
3.337677745954251325e-04
3.073985280204707309e-04
2.830254393565200324e-04
2.605073872304302751e-04
2.397120321771625167e-04
2.205154232051254157e-04
2.028015997138037216e-04
1.864621932111583402e-04
1.713960324739116452e-04
1.575087551022595796e-04
1.447124278276296528e-04
1.329251774252868026e-04
1.220708336518782440e-04
1.120785852616959521e-04
1.028826498459728997e-04
9.442195797943248492e-05
8.663985194096746078e-05
7.948379909496726403e-05
7.290511987136516091e-05
6.685873016149479974e-05
6.130289784945638031e-05
5.619901312149042083e-05
5.151137213588875667e-05
4.720697359065689416e-05
4.325532769322707117e-05
3.962827701406691853e-05
3.629982869233341550e-05
3.324599745532738377e-05
3.044465891314115678e-05
2.787541259447535289e-05
2.551945419818594604e-05
2.335945654691269944e-05
2.137945874344354455e-05
1.956476304670132577e-05
1.790183900190598875e-05
1.637823437814205858e-05
1.498249248590040181e-05
1.370407546686665060e-05
1.253329316805267330e-05
1.146123723211180074e-05
1.047972005517638892e-05
9.581218282678651999e-06
8.758820532254771676e-06
8.006179050909491168e-06
