0.000000000000000000e+00
2.760532124582740568e-02
4.995665520025537737e-02
6.780397635766766129e-02
8.180209986672433431e-02
9.252200104165818340e-02
1.004608422408652391e-01
1.060508506247660743e-01
1.096671746969492128e-01
1.116348335955968107e-01
1.122348606594597981e-01
1.117097316860044265e-01
1.102681583871862464e-01
1.080893187038620001e-01
1.053265877496736974e-01
1.021108261178064469e-01
9.855327600848512448e-02
9.474811004015940008e-02
9.077467262032039297e-02
8.669944930776522785e-02
8.257779563871353590e-02
7.845545336247640444e-02
7.436987889188396983e-02
7.035140597782379990e-02
6.642426212887686532e-02
6.260745608295492648e-02
5.891555166837669083e-02
5.535934164046190514e-02
5.194643352279747217e-02
4.868175809869269843e-02
4.556800996910925078e-02
4.260602850166853028e-02
3.979512652615872087e-02
3.713337327185451536e-02
3.461783727894521268e-02
3.224479433974830611e-02
3.000990492563490597e-02
2.790836502420544762e-02
2.593503384065057316e-02
2.408454140065606486e-02
2.235137872364082942e-02
2.072997290918911564e-02
1.921474919147451652e-02
1.780018176201812047e-02
1.648083493649002071e-02
1.525139604307888981e-02
1.410670123522031125e-02
1.304175527752233360e-02
1.205174621818228334e-02
1.113205574194479908e-02
1.027826589283031833e-02
9.486162763802759995e-03
8.751737669763609909e-03
8.071186249445349084e-03
7.440905879764442982e-03
6.857491731948254891e-03
6.317731751356070284e-03
5.818600801557628592e-03
5.357254177194304898e-03
4.931020658790283978e-03
4.537395255439095713e-03
4.174031757665791140e-03
3.838735202314716433e-03
3.529454333647260873e-03
3.244274129608346741e-03
2.981408449129984567e-03
2.739192845117082321e-03
2.516077578167380969e-03
2.310620857905756626e-03
2.121482331879353481e-03
1.947416836102369838e-03
1.787268416416033876e-03
1.639964625715371709e-03
1.504511098680419347e-03
1.379986402839674525e-03
1.265537162503564163e-03
1.160373450262255782e-03
1.063764439280840681e-03
9.750343084897789177e-04
8.935583919107584292e-04
8.187595627350835329e-04
7.501048423466827753e-04
6.871022242225907802e-04
6.292977025227284834e-04
5.762724951739359950e-04
5.276404513399710495e-04
4.830456333316913249e-04
4.421600632348034426e-04
4.046816248033065829e-04
3.703321114740030606e-04
3.388554116918516645e-04
3.100158230894646603e-04
2.835964874301083200e-04
2.593979385965259374e-04
2.372367562831388329e-04
2.169443184229133642e-04
1.983656457492477369e-04
1.813583322551891894e-04
1.657915556651044092e-04
1.515451623760983527e-04
