5.062348459419927735e+02 -1.786137028785365146e+02 -5.568479832467239703e+02 -3.288185997844920507e+02 2.829046016802307122e+02 -1.515853424537346825e+02 3.981276219129209437e+01 -2.746198771082698613e+02 -1.182932811766972350e+02 -1.289081097590499780e+02 -1.386429212875357848e+02 -3.056242647795345491e+01 5.868858173450721551e+02 -2.024269428500458901e+02 -1.877845084272412350e+02 -2.108162375618887268e+02 -3.792106130499735173e+02
-1.786137028785365146e+02 1.660523695275708747e+02 3.029881830166383452e+02 2.254387928933116427e+02 -1.833029459287223801e+02 1.733397117048222356e+02 -1.116299371476577278e+02 1.641328389722414158e+02 2.464811572620855173e+01 1.356669396792756288e+02 7.717842120265103745e+01 8.831707117446640609e+00 -1.422793396381254354e+02 -7.750139938566843512e+01 -7.443644547536868572e+01 1.224746789894959562e+02 1.985321656922232023e+02
-5.568479832467239703e+02 3.029881830166382883e+02 3.377423477239835847e+03 -7.499671451724714188e+01 7.527100954032802065e+02 2.211832826784614099e+02 -5.228014297795048151e+02 2.532471868874982874e+02 6.050979057555914551e+02 2.938487922505526058e+02 2.377105066139743030e+02 2.980650579633795019e+02 -5.881568427287643317e+02 -8.149383819218337521e+01 5.990466088508514986e+01 2.469931528527061459e+02 2.688893481317103351e+01
-3.288185997844921644e+02 2.254387928933116712e+02 -7.499671451724702820e+01 6.900726249881498688e+02 -4.130587686388710154e+02 1.475559021573291432e+02 3.887309964442980004e+01 3.534200328508887878e+02 3.103955929335862152e+01 1.058312870048114007e+02 -8.063595780313967509e+00 -1.698740834676032989e+02 -3.771786930512991489e+02 5.520394051045732198e+01 -6.173965039892315332e+01 1.750963172415520717e+02 1.503790112917393174e+02
2.829046016802307122e+02 -1.833029459287223801e+02 7.527100954032796380e+02 -4.130587686388707880e+02 1.128610297021166843e+03 -2.548329500675560553e+02 1.435220337334088754e+02 -2.266698755900766855e+02 3.633143581463711485e+02 -1.235853184952781305e+02 -1.436471007236213211e+02 3.655307351963465834e+01 -2.404923310184399270e+02 -3.331032344313218800e+02 4.993013109953849238e+01 -1.870303441273095473e+02 -6.795437491430191130e+02
-1.515853424537345973e+02 1.733397117048223492e+02 2.211832826784615804e+02 1.475559021573292000e+02 -2.548329500675562258e+02 2.482049139183493480e+02 -6.464785429555261942e+01 1.247344599742290256e+02 -3.983395522509533748e+01 1.734813625463766300e+02 1.261457555183975785e+02 5.212110461487293378e+01 -9.124242934131521565e+01 -1.871990785217737425e+02 -1.072014117703632508e+02 1.296618499336187824e+02 3.398567278702148542e+02
3.981276219129208727e+01 -1.116299371476577420e+02 -5.228014297795049288e+02 3.887309964442974319e+01 1.435220337334088470e+02 -6.464785429555253415e+01 6.771086517374450295e+02 -6.688003156980471431e+01 1.443529809652455498e+01 -9.388887395184775642e+01 -5.636155066595922847e+01 -7.401361040266530722e+01 -3.956804650363687301e+02 -1.950325529733959229e+02 1.156293582466179544e+02 -5.307651263771691674e+01 -1.623761639802457779e+01
-2.746198771082699750e+02 1.641328389722413590e+02 2.532471868874982306e+02 3.534200328508889015e+02 -2.266698755900766287e+02 1.247344599742290825e+02 -6.688003156980474273e+01 2.306786701870633465e+02 6.376547516474215627e+01 1.039596231822172427e+02 5.354918417635809647e+01 -3.685098501269295923e+01 -3.020028887306158936e+02 7.032149360138573968e+01 1.065612878944276432e+01 1.432363903127435378e+02 1.753561812143905740e+02
-1.182932811766973487e+02 2.464811572620858726e+01 6.050979057555914551e+02 3.103955929335851138e+01 3.633143581463710916e+02 -3.983395522509525222e+01 1.443529809652455498e+01 6.376547516474212784e+01 2.385863224155587545e+02 1.368688247419096626e+01 -6.248319378130680946e+00 1.575821356737232293e+01 -4.079368594695283718e+02 -3.225916605471248033e+01 9.988024835951422631e+01 2.926825290249211164e+01 -1.490909030282709580e+02
-1.289081097590499780e+02 1.356669396792756288e+02 2.938487922505527195e+02 1.058312870048113723e+02 -1.235853184952782158e+02 1.734813625463766016e+02 -9.388887395184775642e+01 1.039596231822171859e+02 1.368688247419091653e+01 1.342182019043426635e+02 9.228458310397655850e+01 4.535572969898481688e+01 -1.111300511438131053e+02 -1.318056220594786794e+02 -6.785654370055439699e+01 1.005083758186510039e+02 2.141416022317528132e+02
-1.386429212875357848e+02 7.717842120265099481e+01 2.377105066139742746e+02 -8.063595780313949746e+00 -1.436471007236213779e+02 1.261457555183976069e+02 -5.636155066595921426e+01 5.354918417635806804e+01 -6.248319378130744894e+00 9.228458310397654429e+01 1.119283905469850282e+02 8.185699440312154707e+01 -1.093506886856759479e+02 2.748636346655075613e-02 3.278419611029983116e+01 8.489722055363178299e+01 2.635317073787399522e+02
-3.056242647795347267e+01 8.831707117446647715e+00 2.980650579633795587e+02 -1.698740834676031852e+02 3.655307351963469387e+01 5.212110461487291957e+01 -7.401361040266530722e+01 -3.685098501269298765e+01 1.575821356737226964e+01 4.535572969898480267e+01 8.185699440312160391e+01 1.057301300415999492e+02 -5.454014383920430475e+00 -9.088566552035764801e+00 3.979727729942619163e+01 2.345003914726710548e+01 1.293144835774535863e+02
5.868858173450720415e+02 -1.422793396381253501e+02 -5.881568427287642180e+02 -3.771786930512993763e+02 -2.404923310184402396e+02 -9.124242934131517302e+01 -3.956804650363688438e+02 -3.020028887306159504e+02 -4.079368594695284855e+02 -1.111300511438129632e+02 -1.093506886856760616e+02 -5.454014383920437581e+00 1.483498228402336281e+03 3.430610809367323100e+01 -4.051094363092623212e+02 -2.169896548703714529e+02 -2.481150825668176196e+02
-2.024269428500461458e+02 -7.750139938566834985e+01 -8.149383819218365943e+01 5.520394051045735040e+01 -3.331032344313219937e+02 -1.871990785217736288e+02 -1.950325529733960934e+02 7.032149360138581073e+01 -3.225916605471246612e+01 -1.318056220594787931e+02 2.748636346652233442e-02 -9.088566552035800328e+00 3.430610809367342995e+01 8.598694730677958660e+02 3.121955464145071346e+02 3.114659108681605915e+01 6.712436358781759793e+01
-1.877845084272411498e+02 -7.443644547536882783e+01 5.990466088508506459e+01 -6.173965039892314621e+01 4.993013109953840001e+01 -1.072014117703633360e+02 1.156293582466180254e+02 1.065612878944277142e+01 9.988024835951429736e+01 -6.785654370055438278e+01 3.278419611029984537e+01 3.979727729942616321e+01 -4.051094363092622643e+02 3.121955464145070209e+02 3.116296138364934905e+02 2.345758938792777926e+01 7.644956394094035090e+01
-2.108162375618887836e+02 1.224746789894959704e+02 2.469931528527062312e+02 1.750963172415520432e+02 -1.870303441273094904e+02 1.296618499336188108e+02 -5.307651263771698069e+01 1.432363903127435094e+02 2.926825290249207256e+01 1.005083758186510607e+02 8.489722055363179720e+01 2.345003914726712679e+01 -2.169896548703714814e+02 3.114659108681603072e+01 2.345758938792776505e+01 1.174862287235690417e+02 2.279386144823604639e+02
-3.792106130499735741e+02 1.985321656922232023e+02 2.688893481317086298e+01 1.503790112917392037e+02 -6.795437491430192267e+02 3.398567278702150816e+02 -1.623761639802453516e+01 1.753561812143906025e+02 -1.490909030282710148e+02 2.141416022317528132e+02 2.635317073787399522e+02 1.293144835774536716e+02 -2.481150825668177049e+02 6.712436358781742740e+01 7.644956394094026564e+01 2.279386144823604923e+02 7.932049045988708258e+02
