0.000000000000000000e+00
2.763908286235490508e-02
5.001775274811030847e-02
6.788690137884173526e-02
8.190214474945729795e-02
9.263515648338294106e-02
1.005837069741375711e-01
1.061805520007915310e-01
1.098012988777476023e-01
1.117713642452278361e-01
1.123721251488985773e-01
1.118463539368374227e-01
1.104030175777571399e-01
1.082215131491394700e-01
1.054554033441052335e-01
1.022357087998080893e-01
9.867380776692753763e-02
9.486398803807853664e-02
9.088569105984969920e-02
8.680548370361985955e-02
8.267878920604837534e-02
7.855140525911717686e-02
7.446083408526807390e-02
7.043744653390510146e-02
6.650549974412310605e-02
6.268402570173284283e-02
5.898760604677790592e-02
5.542704673423844153e-02
5.200996459178777037e-02
4.874129643313830640e-02
4.562374015477883155e-02
4.265813615088671906e-02
3.984379641083331258e-02
3.717878780253911636e-02
3.466017528098529893e-02
3.228423008374172593e-02
3.004660737488748165e-02
2.794249726666211270e-02
2.596675267700673806e-02
2.411399706406851251e-02
2.237871470972150473e-02
2.075532589783044002e-02
1.923824904456797671e-02
1.782195158332965101e-02
1.650099118188284864e-02
1.527004867095922355e-02
1.412395388855226634e-02
1.305770549004129678e-02
1.206648563855278536e-02
1.114567037058017927e-02
1.029083632693435571e-02
9.497764446923814483e-03
8.762441142783345197e-03
8.081057400469066759e-03
7.450006190849132841e-03
6.865878521007249234e-03
6.325458407923963654e-03
5.825717015393339603e-03
5.363806158950290039e-03
4.937051352187717818e-03
4.542944540567266445e-03
4.179136645173565576e-03
3.843430018386482117e-03
3.533770895758702769e-03
3.248241913141765563e-03
2.985054744997184175e-03
2.742542908592460107e-03
2.519154769176718423e-03
2.313446773049085935e-03
2.124076928490671850e-03
1.949798548666197527e-03
1.789454265672031034e-03
1.641970320788398207e-03
1.506351132575431276e-03
1.381674141639413359e-03
1.267084928602761444e-03
1.161792599965589395e-03
1.065065435083598078e-03
9.762267863505233933e-04
8.946512238145776534e-04
8.197609148345257318e-04
7.510222289554895026e-04
6.879425579250251707e-04
6.300673406488350916e-04
5.769772828786017297e-04
5.282857615112928002e-04
4.836364035419924812e-04
4.427008299357511724e-04
4.051765549550214829e-04
3.707850317868682712e-04
3.392698356489550968e-04
3.103949759072637156e-04
2.839433291050121651e-04
2.597151851756521993e-04
2.375268994885206431e-04
2.172096437499106646e-04
1.986082491518445482e-04
1.815801355232309359e-04
1.659943205913307009e-04
1.517305038040490559e-04
