0.000000000000000000e+00
-5.851931949918409877e-03
-1.059009399217262538e-02
-1.437346995695341044e-02
-1.734087125875621166e-02
-1.961333647033368724e-02
-2.129625687706470510e-02
-2.248125843421940398e-02
-2.324786724093511059e-02
-2.366498269027180953e-02
-2.379217981703468654e-02
-2.368086001060222892e-02
-2.337526715876108233e-02
-2.291338441365365144e-02
-2.232772509834005797e-02
-2.164602978064147573e-02
-2.089188021060812625e-02
-2.008523963191341868e-02
-1.924292792030195265e-02
-1.837903906012798919e-02
-1.750530763068237905e-02
-1.663143022639541543e-02
-1.576534706926335794e-02
-1.491348847916544769e-02
-1.408099034024044502e-02
-1.327188223213797424e-02
-1.248925147746125439e-02
-1.173538598545505879e-02
-1.101189844194692957e-02
-1.031983410223851795e-02
-9.659764183064427703e-03
-9.031866618314931747e-03
-8.435995737766458988e-03
-7.871742245733052978e-03
-7.338484714803186412e-03
-6.835433666392957443e-03
-6.361669182708078185e-03
-5.916172882060524371e-03
-5.497854989724439492e-03
-5.105577148207808905e-03
-4.738171532684873864e-03
-4.394456768242216080e-03
-4.073251084526129107e-03
-3.773383089438005558e-03
-3.493700495905487438e-03
-3.233077093744848255e-03
-2.990418221588964521e-03
-2.764664961219598718e-03
-2.554797247909201992e-03
-2.359836065099445504e-03
-2.178844869523184884e-03
-2.010930373361060133e-03
-1.855242792899406724e-03
-1.710975658144553825e-03
-1.577365264702761073e-03
-1.453689837735722351e-03
-1.339268467754665525e-03
-1.233459869249037884e-03
-1.135661005506171089e-03
-1.045305616330917571e-03
-9.618626795993440995e-04
-8.848348325723832475e-04
-8.137567745601757699e-04
-7.481936687829817637e-04
-6.877395580469285825e-04
-6.320158060778807534e-04
-5.806695739775701373e-04
-5.333723392324797282e-04
-4.898184629737065100e-04
-4.497238097161690234e-04
-4.128244225637849106e-04
-3.788752558235837595e-04
-3.476489660996199974e-04
-3.189347622138460686e-04
-2.925373137054548909e-04
-2.682757171747494397e-04
-2.459825193468140390e-04
-2.255027954204853475e-04
-2.066932810274898884e-04
-1.894215559447859224e-04
-1.735652775710726356e-04
-1.590114620883303540e-04
-1.456558111743019510e-04
-1.334020821061678063e-04
-1.221614990942113783e-04
-1.118522037026633382e-04
-1.023987422493613032e-04
-9.373158812317009263e-05
-8.578669701550086716e-05
-7.850509312739965308e-05
-7.183248448456403890e-05
-6.571890556758907902e-05
-6.011838554234304888e-05
-5.498864045443519562e-05
-5.029078783128272277e-05
-4.598908221451013907e-05
-4.205067022365046252e-05
-3.844536382884793086e-05
-3.514543058505246618e-05
-3.212539965273215404e-05
