0.000000000000000000e+00
2.595588542243097447e-03
4.697171269693929500e-03
6.375264485613818533e-03
7.691437141945542746e-03
8.699375155629855000e-03
9.445824185215551463e-03
9.971424361467404185e-03
1.031144899813832283e-02
1.049645799864558360e-02
1.055287550446373790e-02
1.050350028674528272e-02
1.036795645068934110e-02
1.016309119058026594e-02
9.903325591544703127e-03
9.600963812381520246e-03
9.266465393762109495e-03
8.908684910036983318e-03
8.535082713981649236e-03
8.151910105955978425e-03
7.764371886667845862e-03
7.376768921133701126e-03
6.992623046143982626e-03
6.614786390661288144e-03
6.245536944610815232e-03
5.886662003343590133e-03
5.539530929874035385e-03
5.205158512322081987e-03
4.884260047600275795e-03
4.577299152289927148e-03
4.284529186071936099e-03
4.006029070432542971e-03
3.741734194237086950e-03
3.491463016893169794e-03
3.254939908081950009e-03
3.031814699417284369e-03
2.821679367000895933e-03
2.624082213878054393e-03
2.438539877149760362e-03
2.264547445328912636e-03
2.101586936873170962e-03
1.949134360181881001e-03
1.806665548259271366e-03
1.673660937320999020e-03
1.549609437499994101e-03
1.434011525173279223e-03
1.326381670002077648e-03
1.226250195302185141e-03
1.133164657617007597e-03
1.046690820153770929e-03
9.664132848876318821e-04
8.919358394824421698e-04
8.228815675814417233e-04
7.588927643628468316e-04
6.996306934245570541e-04
6.447752159617432723e-04
5.940243187448454761e-04
5.470935635169354950e-04
5.037154770409096611e-04
4.636388980785597562e-04
4.266282950221438898e-04
3.924630656777354531e-04
3.609368287767837614e-04
3.318567151313184227e-04
3.050426649166397032e-04
2.803267363345116601e-04
2.575524298546184561e-04
2.365740313300336486e-04
2.172559765141157098e-04
1.994722388542946503e-04
1.831057418874501032e-04
1.680477970986705418e-04
1.541975677183692647e-04
1.414615586117380359e-04
1.297531321503217212e-04
1.189920497401781782e-04
1.091040385077586859e-04
1.000203825072438910e-04
9.167753770634078038e-05
8.401676992689588257e-05
7.698381485809999993e-05
7.052855922009609250e-05
6.460474213142778342e-05
5.916967572238596596e-05
5.418398403566474696e-05
4.961135926389604060e-05
4.541833438891100847e-05
4.157407130856015674e-05
3.805016356238022981e-05
3.482045279628497242e-05
3.186085813789906135e-05
2.914921768739443513e-05
2.666514136310732595e-05
2.438987437628136343e-05
2.230617064456396958e-05
2.039817548902334775e-05
1.865131699415470556e-05
1.705220544437742415e-05
1.558854028369796238e-05
1.424902407738602368e-05
