0.000000000000000000e+00
1.503104780571935329e-03
2.720130897380435009e-03
3.691914326858326562e-03
4.454109636165940606e-03
5.037806328546845687e-03
5.470074805065054668e-03
5.774449756925054827e-03
5.971357952725075101e-03
6.078496626126281971e-03
6.111167991915996203e-03
6.082574813688196996e-03
6.004081406648929461e-03
5.885443977475757205e-03
5.735013773541717402e-03
5.559916130627307398e-03
5.366208166542181870e-03
5.159017563436102578e-03
4.942664610037084474e-03
4.720769433072760472e-03
4.496346131541724585e-03
4.271885335473197404e-03
4.049426539814068512e-03
3.830621411848544183e-03
3.616789135064659572e-03
3.408964731825436193e-03
3.207941199965398150e-03
3.014306203072017118e-03
2.828473969437366939e-03
2.650712979326472294e-03
2.481169953277418891e-03
2.319890594706339963e-03
2.166837487318701034e-03
2.021905500995509891e-03
1.884935018276918950e-03
1.755723256723935996e-03
1.634033929782623086e-03
1.519605459841207257e-03
1.412157931546228866e-03
1.311398950761377474e-03
1.217028554484093830e-03
1.128743299288308740e-03
1.046239640176678184e-03
9.692166978706310328e-04
8.973785003353117011e-04
8.304357735453938910e-04
7.681073469834977848e-04
7.101212309802818574e-04
6.562154156249006302e-04
6.061384344817091719e-04
5.596497306416209436e-04
5.165198576238499810e-04
4.765305432452281186e-04
4.394746407184637184e-04
4.051559878641263087e-04
3.733891923674658819e-04
3.439993584305701068e-04
3.168217679184927456e-04
2.917015271357105205e-04
2.684931886618404555e-04
2.470603561922253013e-04
2.272752790426177969e-04
2.090184418636741731e-04
1.921781541490814274e-04
1.766501432921107728e-04
1.623371542326176181e-04
1.491485581254108398e-04
1.369999719385585064e-04
1.258128904452555561e-04
1.155143316953338435e-04
1.060364967335488784e-04
9.731644406370510661e-05
8.929577913367826099e-05
8.192035893050486715e-05
7.514001162171268192e-05
6.890827105437418863e-05
6.318212582299077200e-05
5.792178253774677690e-05
5.309044286286516940e-05
4.865409384809262590e-05
4.458131104241763764e-05
4.084307385598268532e-05
3.741259262203635764e-05
3.426514680418085669e-05
3.137793379379666240e-05
2.872992774724990602e-05
2.630174792133635909e-05
2.407553597756735759e-05
2.203484174064487046e-05
2.016451691320241934e-05
1.845061626709670812e-05
1.688030585078419731e-05
1.544177777224877649e-05
1.412417113725412347e-05
1.291749874312600355e-05
1.181257914861941185e-05
1.080097376052094740e-05
9.874928597345424664e-06
9.027320409696154118e-06
8.251606855489653544e-06
