0.000000000000000000e+00
1.030389686943143906e-03
1.864670287809030210e-03
2.530835173064239097e-03
3.053325817960049048e-03
3.453454311931880832e-03
3.749777619496313767e-03
3.958428949339749120e-03
4.093411005713571034e-03
4.166855376041079910e-03
4.189251844206964490e-03
4.169651004436072950e-03
4.115843180689070582e-03
4.034516326376910884e-03
3.931395284689178336e-03
3.811364527153824743e-03
3.678576253806626131e-03
3.536545529514204065e-03
3.388233944850616193e-03
3.236123124047115499e-03
3.082279254746584773e-03
2.928409682657236168e-03
2.775912496978842799e-03
2.625919928117365944e-03
2.479336286323711221e-03
2.336871087250012684e-03
2.199067936904994421e-03
2.066329683119194020e-03
1.938940282517398256e-03
1.817083780350347644e-03
1.700860754655754772e-03
1.590302535470786887e-03
1.485383473642763307e-03
1.386031501680583819e-03
1.292137200609198367e-03
1.203561561534129652e-03
1.120142608236894414e-03
1.041701027287723859e-03
9.680449345963342868e-04
8.989738917724873031e-04
8.342822719109288781e-04
7.737620622497854003e-04
7.172051803993066601e-04
6.644053713401072833e-04
6.151597440054566322e-04
5.692699988647766584e-04
5.265433914034299339e-04
4.867934706474942434e-04
4.498406268229196490e-04
4.155124777875893747e-04
3.836441199622923123e-04
3.540782660503855191e-04
3.266652888206938326e-04
3.012631875849968712e-04
2.777374916867801180e-04
2.559611132931619861e-04
2.358141600128815145e-04
2.171837163195596281e-04
1.999636014142909773e-04
1.840541099911698823e-04
1.693617413525254638e-04
1.557989214388179485e-04
1.432837215748232387e-04
1.317395770743518934e-04
1.210950082774409260e-04
1.112833461053466106e-04
1.022424637997540697e-04
9.391451615454099238e-05
8.624568724342156613e-05
7.918594738798735017e-05
7.268881989202099451e-05
6.671115788419395122e-05
6.121293145770252296e-05
5.615702516796913346e-05
5.150904584465554336e-05
4.723714058875744807e-05
4.331182475674266377e-05
3.970581967915011641e-05
3.639389981869764322e-05
3.335274904093039796e-05
3.056082564718663194e-05
2.799823580379308567e-05
2.564661499172613855e-05
2.348901709645723017e-05
2.150981075744474506e-05
1.969458259997280332e-05
1.803004697810304337e-05
1.650396186583534720e-05
1.510505054367911573e-05
1.382292873930488908e-05
1.264803689342801312e-05
1.157157723527155452e-05
1.058545536561916869e-05
9.682226059389591113e-06
8.855043013670374900e-06
8.097612281098430479e-06
7.404149142250480918e-06
6.769338184216957486e-06
6.188296365701776062e-06
5.656538861762325640e-06
