0.000000000000000000e+00
1.173057048653467459e-03
2.122851822224973255e-03
2.881253642542465267e-03
3.476088142166437051e-03
3.931618274279117219e-03
4.268970393602054998e-03
4.506511506721976382e-03
4.660183126961890687e-03
4.743796576696809875e-03
4.769294051273516993e-03
4.746979286729449340e-03
4.685721252299406524e-03
4.593133912864052690e-03
4.475734771210030175e-03
4.339084600923696217e-03
4.187910514068682137e-03
4.026214270047775989e-03
3.857367520132481790e-03
3.684195493295360641e-03
3.509050460729571351e-03
3.333876166576661259e-03
3.160264278931936878e-03
2.989503796390049085e-03
2.822624239653152498e-03
2.660433363639034057e-03
2.503550041836341035e-03
2.352432900232052319e-03
2.207405211976548251e-03
2.068676505155550398e-03
1.936361283803380261e-03
1.810495215902161240e-03
1.691049100927348534e-03
1.577940892950605283e-03
1.471046022887472458e-03
1.370206234725143734e-03
1.275237125079914987e-03
1.185934552853157818e-03
1.102080065756883736e-03
1.023445472778052815e-03
9.497966759888054437e-04
8.808968612598684807e-04
8.165091351934424717e-04
7.563986847790948962e-04
7.003345267306443920e-04
6.480909050404011669e-04
5.994483878619966816e-04
5.541947082910170241e-04
5.121253878528361043e-04
4.730441764399128030e-04
4.367633379865690766e-04
4.031038072572648112e-04
3.718952396916606331e-04
3.429759732405907404e-04
3.161929184919032732e-04
2.914013910800141815e-04
2.684648983590527801e-04
2.472548905620718693e-04
2.276504851373865120e-04
2.095381716205938199e-04
1.928115032432073947e-04
1.773707804749193300e-04
1.631227308274892118e-04
1.499801884975800908e-04
1.378617767788667067e-04
1.266915956174777128e-04
1.163989162079186076e-04
1.069178841189655585e-04
9.818723209177525574e-05
9.015000335781385996e-05
8.275328607529301044e-05
7.594795927359292923e-05
6.968845052033379491e-05
6.393250538068644768e-05
5.864096861911030189e-05
5.377757699639545671e-05
4.930876343655042355e-05
4.520347227598046989e-05
4.143298525916548522e-05
3.797075790859739719e-05
3.479226587026205318e-05
3.187486081788941595e-05
2.919763548818021109e-05
2.674129741407375310e-05
2.448805092283016499e-05
2.242148696938659264e-05
2.052648038235264363e-05
1.878909410949341442e-05
1.719649006105338241e-05
1.573684616233054804e-05
1.439927924112028028e-05
1.317377339067089267e-05
1.205111346434838067e-05
1.102282337405611257e-05
1.008110888040055590e-05
9.218804578475506536e-06
8.429324798820226345e-06
7.706618158487968110e-06
7.045125512153600856e-06
6.439741067729355869e-06
