0.000000000000000000e+00
1.162947611981812127e-03
2.104557029073415506e-03
2.856422922444329209e-03
3.446131122617675843e-03
3.897735484003425274e-03
4.232180293839361146e-03
4.467674271363655109e-03
4.620021545515858377e-03
4.702914412329457783e-03
4.728192148995876386e-03
4.706069693682856173e-03
4.645339582613754181e-03
4.553550163318510584e-03
4.437162770572368638e-03
4.301690255067843957e-03
4.151818990491771763e-03
3.991516248978565704e-03
3.824124624819894534e-03
3.652444999090308231e-03
3.478809371047607811e-03
3.305144733594918630e-03
3.133029037789802820e-03
2.963740173602930506e-03
2.798298789299814154e-03
2.637505678544995857e-03
2.481974381359029064e-03
2.332159571278005685e-03
2.188381735475746371e-03
2.050848596319388047e-03
1.919673671044455892e-03
1.794892320245459897e-03
1.676475595048748093e-03
1.564342156599964366e-03
1.458368509354313752e-03
1.358397761153494520e-03
1.264247097807040488e-03
1.175714137509710445e-03
1.092582310601111816e-03
1.014625392624390367e-03
9.416113031138207941e-04
8.733052688105590999e-04
8.094724378703741733e-04
7.498800209075676387e-04
6.942990252560279560e-04
6.425056404793104588e-04
5.942823258005025837e-04
5.494186436369870004e-04
5.077118777150400712e-04
4.689674692157380252e-04
4.329992999877825457e-04
3.996298479845693144e-04
3.686902366796855840e-04
3.400201972317809431e-04
3.134679595573066583e-04
2.888900861843679991e-04
2.661512607643265341e-04
2.451240413755266414e-04
2.256885872353110625e-04
2.077323661154613485e-04
1.911498486085573621e-04
1.758421943974803735e-04
1.617169348187606033e-04
1.486876552662596770e-04
1.366736803402598748e-04
1.255997640955614826e-04
1.153957872693865656e-04
1.059964629657413385e-04
9.734105192863966717e-05
8.937308824448540832e-05
8.204011606714220570e-05
7.529343775181426130e-05
6.908787361054940449e-05
6.338153335835537401e-05
5.813559920054712908e-05
5.331412041546940964e-05
4.888381920907943726e-05
4.481390755631272749e-05
4.107591469633482448e-05
3.764352491264689625e-05
3.449242520276632853e-05
3.160016242429792470e-05
2.894600949329048228e-05
2.651084020567472398e-05
2.427701225228912348e-05
2.222825800165518408e-05
2.034958263150960482e-05
1.862716919950226164e-05
1.704829025487470754e-05
1.560122560587740611e-05
1.427518587177163285e-05
1.306024146315500456e-05
1.194725664977093860e-05
1.092782839067420654e-05
9.994229617432519726e-06
9.139356676788673304e-06
8.356680654755530824e-06
7.640202319364632197e-06
6.984410434152291380e-06
6.384243208881997450e-06
