0.000000000000000000e+00
-6.179926012923220302e-03
-1.118365659437341869e-02
-1.517908643558051746e-02
-1.831280717135377531e-02
-2.071264144739768873e-02
-2.248988760956151245e-02
-2.374130714264698072e-02
-2.455088349228728983e-02
-2.499137778337075927e-02
-2.512570416296271147e-02
-2.500814500926559422e-02
-2.468542402914845196e-02
-2.419765328679564578e-02
-2.357916843967302126e-02
-2.285926488255934919e-02
-2.206284609550408782e-02
-2.121099423905446063e-02
-2.032147192366763611e-02
-1.940916308532953521e-02
-1.848646001301940817e-02
-1.756360278414576676e-02
-1.664897666102591392e-02
-1.574937237558107425e-02
-1.487021367235580663e-02
-1.401575598430984844e-02
-1.318925967493157075e-02
-1.239314088815053096e-02
-1.162910269898222680e-02
-1.089824894808716013e-02
-1.020118286824168996e-02
-9.538092366326224314e-03
-8.908823607468507530e-03
-8.312944355429592938e-03
-7.749798352505441953e-03
-7.218551870744487932e-03
-6.718233432016890681e-03
-6.247767575510944013e-03
-5.806003445879355691e-03
-5.391738882000447590e-03
-5.003740603808592112e-03
-4.640761021683654196e-03
-4.301552128401237712e-03
-3.984876876681322198e-03
-3.689518395084909370e-03
-3.414287350641280559e-03
-3.158027727471249789e-03
-2.919621256206948300e-03
-2.697990698664713260e-03
-2.492102165532831745e-03
-2.300966621369950494e-03
-2.123640710600656432e-03
-1.959227020110379525e-03
-1.806873878188788255e-03
-1.665774775688228133e-03
-1.535167483119891573e-03
-1.414332926800400446e-03
-1.302593877903054182e-03
-1.199313500200216561e-03
-1.103893795263330771e-03
-1.015773977788463024e-03
-9.344288084263989089e-04
-8.593669069181575143e-04
-7.901290643820414565e-04
-7.262865701898311467e-04
-6.674395659392090476e-04
-6.132154365170056640e-04
-5.632672461002329652e-04
-5.172722251125086478e-04
-4.749303126012316108e-04
-4.359627571895315860e-04
-4.001107786548594651e-04
-3.671342912651024489e-04
-3.368106892388434575e-04
-3.089336940673458650e-04
-2.833122629231842288e-04
-2.597695569677566096e-04
-2.381419680427744221e-04
-2.182782019767067622e-04
-2.000384165451368009e-04
-1.832934119845098023e-04
-1.679238718636036365e-04
-1.538196520590181073e-04
-1.408791155538847430e-04
-1.290085107774602941e-04
-1.181213912226907478e-04
-1.081380741152109442e-04
-9.898513595720472469e-05
-9.059494283016195895e-05
-8.290521340934957914e-05
-7.585861271767697434e-05
-6.940237472577769431e-05
-6.348795198707890000e-05
-5.807069058012271354e-05
-5.310952871440684610e-05
-4.856671743967876711e-05
-4.440756198123879033e-05
-4.060018230483820840e-05
-3.711529159374133308e-05
-3.392599139712177721e-05
