0.000000000000000000e+00
-5.985036239791763704e-03
-1.083096947612965585e-02
-1.470039968341117255e-02
-1.773529559151253848e-02
-2.005944883891092045e-02
-2.178064787354950724e-02
-2.299260271589510449e-02
-2.377664831471670501e-02
-2.420325120446698008e-02
-2.433334147547291937e-02
-2.421948966013966892e-02
-2.390694598934115997e-02
-2.343455755563064388e-02
-2.283557720925591394e-02
-2.213837648719706175e-02
-2.136707351486227813e-02
-2.054208560705830106e-02
-1.968061521363276972e-02
-1.879707689166618123e-02
-1.790347212766171814e-02
-1.700971806856580240e-02
-1.612393553957024855e-02
-1.525270112048494019e-02
-1.440126751297438057e-02
-1.357375595092175612e-02
-1.277332397918957453e-02
-1.200231154633849863e-02
-1.126236801931330099e-02
-1.055456242812214708e-02
-9.879478982029028106e-03
-9.237299662094329913e-03
-8.627875484773034342e-03
-8.050787844802089616e-03
-7.505401180180736737e-03
-6.990908055351689049e-03
-6.506367628660677215e-03
-6.050738354963133489e-03
-5.622905672216423241e-03
-5.221705330579323560e-03
-4.845942942631797923e-03
-4.494410262664547129e-03
-4.165898640533556227e-03
-3.859210040407038463e-03
-3.573165966030130130e-03
-3.306614591164775373e-03
-3.058436355978665262e-03
-2.827548256779111903e-03
-2.612907027100686095e-03
-2.413511382302504886e-03
-2.228403477105100981e-03
-2.056669705537455834e-03
-1.897440955250726414e-03
-1.749892412802150389e-03
-1.613243003067795032e-03
-1.486754534181931181e-03
-1.369730609125387275e-03
-1.261515356118799325e-03
-1.161492022163305125e-03
-1.069081467272638706e-03
-9.837405910343081754e-04
-9.049607180154626337e-04
-8.322659640952613080e-04
-7.652116019755381181e-04
-7.033824408205272254e-04
-6.463912321383126535e-04
-5.938771115834072609e-04
-5.455040842799623903e-04
-5.009595594934432598e-04
-4.599529389753095779e-04
-4.222142620352599385e-04
-3.874929093281988626e-04
-3.555563664511467528e-04
-3.261890477051516274e-04
-2.991911797680576199e-04
-2.743777445274952847e-04
-2.515774799237859949e-04
-2.306319373356298440e-04
-2.113945937953427324e-04
-1.937300171344427668e-04
-1.775130820253078439e-04
-1.626282347924774005e-04
-1.489688048109680599e-04
-1.364363602827306575e-04
-1.249401061808891474e-04
-1.143963221702098016e-04
-1.047278383474825012e-04
-9.586354669387940261e-05
-8.773794619005559066e-05
-8.029071961136956248e-05
-7.346634009310197306e-05
-6.721370563219850047e-05
-6.148579977142642453e-05
-5.623937679269538047e-05
-5.143466982764594117e-05
-4.703512037463860110e-05
-4.300712779129110911e-05
-3.931981741018748426e-05
-3.594482600187406338e-05
-3.285610338344354845e-05
