0.000000000000000000e+00
1.207343896164152480e-03
2.184899867373294845e-03
2.965468731991744312e-03
3.577689427629040901e-03
4.046534080288013285e-03
4.393746539042787426e-03
4.638230652873893967e-03
4.796393883659036059e-03
4.882451239770200548e-03
4.908693970533486474e-03
4.885726976048823320e-03
4.822678453349076542e-03
4.727384913058202236e-03
4.606554355624020367e-03
4.465910088412652218e-03
4.310317390485384620e-03
4.143894987179932814e-03
3.970113078506873686e-03
3.791879471004006800e-03
3.611615189522974882e-03
3.431320791178792042e-03
3.252634466340625311e-03
3.076882889262895927e-03
2.905125672124865034e-03
2.738194179411921735e-03
2.576725373435383507e-03
2.421191285190362700e-03
2.271924636657733296e-03
2.129141080141585401e-03
1.992958466472006824e-03
1.863413506157284016e-03
1.740476145181617295e-03
1.624061939526792514e-03
1.514042679124983411e-03
1.410255482357335296e-03
1.312510555982332894e-03
1.220597792137217931e-03
1.134292353473450232e-03
1.053359379267870821e-03
9.775579292314888393e-04
9.066442674830592092e-04
8.403745765559016145e-04
7.785071801775695927e-04
7.208043437374511741e-04
6.670337126896020308e-04
6.169694414959549017e-04
5.703930589818160526e-04
5.270941100473930515e-04
4.868706084638544751e-04
4.495293308979905929e-04
4.148859782831935310e-04
3.827652271214232026e-04
3.530006902036979212e-04
3.254348035244639678e-04
2.999186537927106002e-04
2.763117588698645760e-04
2.544818116557255182e-04
2.343043963675340213e-04
2.156626847858059235e-04
1.984471188491101926e-04
1.825550849467057191e-04
1.678905843635373433e-04
1.543639035594716814e-04
1.418912872987471846e-04
1.303946170730906897e-04
1.198010967710984049e-04
1.100429471269071094e-04
1.010571101237868306e-04
9.278496422503267462e-05
8.517205104834236909e-05
7.816781388454343150e-05
7.172534828160580743e-05
6.580116476556448928e-05
6.035496364708463953e-05
5.534942176224556565e-05
5.074999091549537415e-05
4.652470772881637834e-05
4.264401455149543238e-05
3.908059104737920996e-05
3.580919604924542323e-05
3.280651925133200612e-05
3.005104229972866534e-05
2.752290883504146006e-05
2.520380304144088945e-05
2.307683625999834288e-05
2.112644123132299403e-05
1.933827354227172303e-05
1.769911986334573453e-05
1.619681257682530355e-05
1.482015041031940628e-05
1.355882470586884895e-05
1.240335097075130841e-05
1.134500537244852111e-05
1.037576585664708199e-05
9.488257583489900394e-06
8.675702393436735590e-06
7.931872029922835932e-06
7.251044861435140845e-06
6.627965860590864073e-06
