0.000000000000000000e+00
1.813931857260318034e-03
3.282626836433198171e-03
4.455365386580647895e-03
5.375175083733890746e-03
6.079574430321244699e-03
6.601231716347179430e-03
6.968548372422777269e-03
7.206175219156244795e-03
7.335469101618059297e-03
7.374896579989604663e-03
7.340390617692024722e-03
7.245665556968546028e-03
7.102495090729460739e-03
6.920957421009394164e-03
6.709651331960307837e-03
6.475886492941335462e-03
6.225850939627419062e-03
5.964758353365065199e-03
5.696977466982115074e-03
5.426145665087513982e-03
5.155268615159040203e-03
4.886807559356719753e-03
4.622755713285439487e-03
4.364705054421055309e-03
4.113904637427969607e-03
3.871311444183543789e-03
3.637634661243795663e-03
3.413374175180094658e-03
3.198853985298457606e-03
2.994251152480858092e-03
2.799620831154041485e-03
2.614917867706952753e-03
2.440015392160556872e-03
2.274720779756332027e-03
2.118789314669449180e-03
1.971935848643332871e-03
1.833844712425064744e-03
1.704178106957959619e-03
1.582583173914650729e-03
1.468697920935473425e-03
1.362156155520386066e-03
1.262591562594144639e-03
1.169641044044332761e-03
1.082947423771305493e-03
1.002161608766511704e-03
9.269442852539658143e-04
8.569672188135256038e-04
7.919142184980636169e-04
7.314818171211644312e-04
6.753797130042516004e-04
6.233310124228067873e-04
5.750723066832245369e-04
5.303536131086789614e-04
4.889382051375503521e-04
4.506023531734974254e-04
4.151349947120063942e-04
3.823373495507191079e-04
3.520224935227844461e-04
3.240149021319735259e-04
2.981499736782398089e-04
2.742735399100161174e-04
2.522413708957578992e-04
2.319186796464451999e-04
2.131796310202904363e-04
1.959068585807309840e-04
1.799909923413201896e-04
1.653301997007571966e-04
1.518297413343430062e-04
1.394015433525350731e-04
1.279637866523696086e-04
1.174405140640149349e-04
1.077612556243934521e-04
9.886067208548207413e-05
9.067821658026601142e-05
8.315781421884473491e-05
7.624755926605733753e-05
6.989942945597267174e-05
6.406901692400078789e-05
5.871527518102040221e-05
5.380028151297760179e-05
4.928901416148306398e-05
4.514914362390072024e-05
4.135083740346779172e-05
3.786657753953496066e-05
3.467099025371617638e-05
3.174068705841568512e-05
2.905411668886402588e-05
2.659142723758522827e-05
2.433433789040621086e-05
2.226601968509303987e-05
2.037098473692852511e-05
1.863498339959927233e-05
1.704490885426721030e-05
1.558870864435721152e-05
1.425530269815029410e-05
1.303450740552287425e-05
1.191696533895666341e-05
1.089408023212687017e-05
9.957956851860330158e-06
