0.000000000000000000e+00
-5.987587753756399254e-03
-1.083558688674534330e-02
-1.470666669226044013e-02
-1.774285642365384247e-02
-2.006800049370209907e-02
-2.178993330223892577e-02
-2.300240481976924267e-02
-2.378678466941475805e-02
-2.421356942660692416e-02
-2.434371515711717532e-02
-2.422981480498563600e-02
-2.391713789196291129e-02
-2.344454807172154445e-02
-2.284531237071618301e-02
-2.214781442115407173e-02
-2.137618263037507904e-02
-2.055084301740457003e-02
-1.968900536576189894e-02
-1.880509037767727140e-02
-1.791110465607407415e-02
-1.701696957573261421e-02
-1.613080942387867811e-02
-1.525920358402034840e-02
-1.440740699713046781e-02
-1.357954265403828534e-02
-1.277876944571675055e-02
-1.200742831828296824e-02
-1.126716934183246907e-02
-1.055906200211752764e-02
-9.883690757459623333e-03
-9.241237666500496523e-03
-8.631553682181125967e-03
-8.054220020780534367e-03
-7.508600849348002343e-03
-6.993888388103916380e-03
-6.509141394298587242e-03
-6.053317878760566817e-03
-5.625302804292099494e-03
-5.223931424714160776e-03
-4.848008843420793280e-03
-4.496326299608777166e-03
-4.167674627867753133e-03
-3.860855281624643153e-03
-3.574689262213313380e-03
-3.308024252354282123e-03
-3.059740214929484396e-03
-2.828753684544926643e-03
-2.614020949974472235e-03
-2.414540299714033715e-03
-2.229353480139815383e-03
-2.057546495796373949e-03
-1.898249863818765940e-03
-1.750638419133438784e-03
-1.613930753631995750e-03
-1.487388360746042925e-03
-1.370314546571536158e-03
-1.262053159720779097e-03
-1.161987184263520850e-03
-1.069537233317118625e-03
-9.841599749369344275e-04
-9.053465168338744326e-04
-8.326207720103014510e-04
-7.655378235738905619e-04
-7.036823036865698855e-04
-6.466667987663731994e-04
-5.941302906257343126e-04
-5.457366411489672584e-04
-5.011731263392490065e-04
-4.601490240614897003e-04
-4.223942585369501305e-04
-3.876581035776128841e-04
-3.557079456559949452e-04
-3.263281071656102855e-04
-2.993187296178310736e-04
-2.744947160241911288e-04
-2.516847313133341204e-04
-2.307302593148503628e-04
-2.114847145960375454e-04
-1.938126072515754608e-04
-1.775887586109702195e-04
-1.626975657364336427e-04
-1.490323125276370219e-04
-1.364945252235259918e-04
-1.249933700898934379e-04
-1.144450911002255818e-04
-1.047724854525832486e-04
-9.590441481368505120e-05
-8.777535024008357740e-05
-8.032494879296700225e-05
-7.349765993565063251e-05
-6.724235987950200337e-05
-6.151201212344203765e-05
-5.626335251305859933e-05
-5.145659722675827185e-05
-4.705517217744412551e-05
-4.302546239825786239e-05
-3.933658005943295178e-05
-3.596014983983020143e-05
-3.287011045094450121e-05
