9.999354662580982600e-01
6.491473155980084092e-03
5.990871270827184507e-03
5.137750874026431047e-03
5.137750874026430180e-03
5.961453326109918821e-03
6.549812220455264629e-03
4.431720200812013823e-03
4.343466366660211561e-03
3.519763914576725522e-03
3.696271582880330912e-03
4.196376643073876193e-03
4.490556090246548664e-03
4.431720200812011221e-03
5.226004708178233309e-03
4.284630477225674985e-03
4.225794587791143614e-03
4.608227869115618346e-03
3.608017748728526482e-03
3.666853638163060890e-03
3.284420356838587459e-03
3.225584467404051317e-03
2.078284623430625387e-03
1.519343673802545482e-03
2.137120512865160662e-03
1.372253950216209030e-03
1.313418060781675273e-03
3.166748577969519512e-03
1.813523120975218386e-03
1.990030789278823993e-03
2.990240909665912820e-03
1.048656558326267838e-03
1.902849322191080085e-05
1.489925729085278495e-03
1.754687231540684846e-03
9.015668347399322536e-04
5.191335534154556787e-04
6.662232770017937570e-04
1.548761618519814203e-03
2.813733241362306996e-03
1.519343673802544831e-03
1.313418060781675273e-03
5.191335534154564377e-04
1.578179563237080973e-03
1.842941065692486674e-03
2.166538457582427649e-03
6.956412217190599849e-04
1.367002720909808928e-04
1.548761618519813119e-03
-3.980739621262350142e-05
1.136910392478070750e-03
9.898206688917338646e-04
6.073873875672577234e-04
8.133130005881294500e-04
9.015668347399320368e-04
-7.164201247097722958e-04
2.837899956773183748e-04
4.844643793917859066e-05
1.072823273737134181e-04
-6.922534092989064409e-05
5.191335534154562208e-04
-1.038945149535600470e-05
7.250591664363274054e-04
1.578179563237081624e-03
-3.980739621262323037e-05
2.543720509600499243e-04
1.367002720909807031e-04
9.309847794571985899e-04
1.072823273737134452e-04
1.842941065692486674e-03
4.014617745463869725e-04
-9.864328564715796972e-05
2.543720509600500869e-04
-3.339868433852973472e-04
-5.399124564061679897e-04
7.250591664363268633e-04
1.902849322191104480e-05
-5.399124564061687486e-04
-1.157689295468782194e-03
3.720438298291192810e-04
6.368053322845268786e-04
9.015668347399314947e-04
-2.163150645162273671e-04
4.009649495870296868e-04
-1.011096396841802865e-03
-3.050657236273871041e-04
3.127111154352275337e-04
1.955361615255154627e-04
2.543720509600507916e-04
2.249541062427823411e-04
-5.693304011234356270e-04
-7.757528391036644768e-04
9.599058992151091041e-04
-1.579760000410502727e-04
7.539802861942371606e-04
-1.290548802831410595e-04
2.533784010413359490e-04
-4.080104613133860828e-05
-9.233393876493584855e-04
1.430096189732028540e-03
