-2.681281925846025808e-04
2.745235786332059528e-04
-1.426190701565812962e-03
-1.281483562574397368e-03
-1.600032353909255076e-04
2.379413968354677296e-04
-1.353837132070104731e-03
-4.132407286259027709e-04
3.826485358268832157e-04
-5.941246523651718845e-04
6.720628138097140252e-04
9.614770917925453226e-04
-1.136776423582981123e-03
1.287068154523230519e-03
-4.494175133737561816e-04
-1.643251410052935704e-03
-1.064422854087273542e-03
-5.579478676173184196e-04
-4.132407286259027709e-04
-1.498544271061519675e-03
1.655878273397594987e-04
-9.197157150958571890e-04
-7.026550066087334720e-04
-1.353837132070104298e-03
5.705747309619766051e-05
-5.941246523651726435e-04
-1.787958549044351081e-03
8.891235222968376338e-04
-4.494175133737563985e-04
-8.111853608522959268e-04
-3.770639438780496312e-04
2.088068834834418201e-05
-9.558924998437113045e-04
-5.217710828694644126e-04
-9.197157150958576227e-04
-7.388317913565882380e-04
-1.028246069339419427e-03
-3.408871591301953531e-04
-9.558924998437107624e-04
-1.028246069339419861e-03
-1.607074625305081154e-03
-1.209129993078688486e-03
-8.764966589521760196e-05
-5.579478676173186364e-04
-1.209129993078688486e-03
-1.600032353909255618e-04
-1.896488903287912777e-03
5.635324595661524378e-04
-8.111853608522954931e-04
9.323425784405167433e-05
-7.750085761044410524e-04
-1.529609639951018418e-05
5.705747309619755886e-05
-1.353837132070104731e-03
-2.685335896344872306e-04
-7.026550066087350983e-04
6.720628138097140252e-04
-8.764966589521807629e-05
5.997092443140063364e-04
4.911788900704443152e-04
-2.323568048866330338e-04
-1.238264506430717174e-04
-1.172953208330833504e-03
-9.197157150958572974e-04
-2.685335896344870138e-04
-9.197157150958569722e-04
6.720628138097140252e-04
-3.408871591301952447e-04
-4.132407286259033672e-04
-5.147288114736406247e-05
9.976538765403986792e-04
-1.028246069339418993e-03
-1.238264506430714464e-04
3.826485358268826736e-04
-4.132407286259033672e-04
3.826485358268831615e-04
-3.408871591301948652e-04
-7.388317913565871538e-04
-3.047103743823408582e-04
2.379413968354672688e-04
-5.147288114736359491e-05
6.358860290618603434e-04
-1.961800201387793791e-04
1.395193111716905993e-03
-1.028651466389303264e-03
2.047529129845978966e-05
-1.604086324408098864e-04
-8.764966589521788656e-05
2.088068834834401599e-05
-4.855942981216102971e-04
9.976538765403991128e-04
5.665207604631369506e-05
-6.668836189107648195e-04
-1.570149344939340423e-05
-4.859996951714951096e-04
-6.672890159606489815e-04
1.756555562145561359e-03
-3.416979532299636770e-04
7.074288044577987326e-04
1.647770332399905243e-04
