9.998754782072001301e-01
2.132253771076904770e-03
3.154990358737214291e-03
2.576640070349576258e-03
2.309709168016818841e-03
1.642381912184927685e-03
2.487663102905323786e-03
2.398686135461071314e-03
1.775847363351307912e-03
2.265220684294693473e-03
1.508916461018547459e-03
1.909312814517684235e-03
2.354197651738945078e-03
1.553404944740672611e-03
2.220732200572566803e-03
1.019543140075160597e-03
1.953801298239812856e-03
1.641883374236336596e-03
1.819837309124841757e-03
3.110003337066500218e-03
1.063533085848696394e-03
1.152510053292947782e-03
8.410906672380659725e-04
2.042279727735472721e-03
1.063533085848698346e-03
-2.266329420929604681e-04
1.330463988181453377e-03
-5.825408118699695707e-04
6.186482486274354426e-04
-7.604947467584740814e-04
2.627403788504266381e-04
1.819837309124840456e-03
7.966021835159410374e-04
3.957072920682135520e-04
-1.826429963194247524e-04
-9.366602887517310697e-05
-7.165048009849382844e-04
8.405921292894756418e-04
-3.161084474858028644e-04
4.846842595124664578e-04
1.641384836287747458e-03
1.063034547900105521e-03
-6.720163172628121568e-04
6.626381944009712395e-04
3.957072920682150156e-04
7.961036455673491889e-04
-6.275278335406858123e-04
2.353200575841763766e-03
-3.605969312079283415e-04
4.846842595124667289e-04
1.285476966510736702e-03
-1.383832056816830308e-03
-2.716199637636771162e-04
6.181497106788455456e-04
-1.161389638206198694e-03
-4.495738986521818979e-04
4.846842595124675962e-04
9.740575804558539164e-04
9.740575804558545669e-04
-9.366602887517278171e-05
-1.205878121928325797e-03
-8.499702521513164506e-04
-1.205878121928326231e-03
-4.940623823743080798e-04
-1.826429963194238309e-04
1.018546064177980803e-03
-6.720163172628128073e-04
1.287763897354581412e-04
2.622418409018368495e-04
-5.385508660964336653e-04
4.401957757903407638e-04
-1.027924187039821720e-03
-4.689061430919968183e-06
1.152011515344358427e-03
1.732648734575844315e-04
-4.945609203228972179e-04
-9.839342412662852727e-04
-2.721185017122672843e-04
3.062317866753723212e-04
-4.055839528786459383e-04
-9.416456682376238058e-05
5.286742052860032848e-04
4.841857215638769945e-04
4.841857215638772113e-04
4.841857215638772113e-04
7.066281401745076870e-04
-8.504687900999071066e-04
4.396972378417508668e-04
-8.949572738220323669e-04
7.066281401745074702e-04
-1.873703915708807826e-03
5.731626890081295209e-04
-1.339842111043292776e-03
-1.562284529653923523e-03
5.731626890081293040e-04
6.176511727302548896e-04
6.621396564523816678e-04
-9.394457575441582777e-04
5.731626890081293040e-04
3.062317866753726464e-04
