1.277648053012643038e-04
1.129894543296516276e-03
-6.238324981951750550e-04
2.498588051857511227e-06
7.123404857984938802e-04
-1.083141961442998704e-03
-2.062784406971535805e-04
8.793621087977022532e-04
-7.490987154445810908e-04
3.782972398000768090e-04
2.498588051857643364e-06
-8.743649326939878855e-04
-4.150554694461642364e-04
5.870742685490880613e-04
-5.820770924453732599e-04
5.870742685490876276e-04
2.530310225506703396e-04
5.035634570494833869e-04
5.035634570494832785e-04
3.782972398000767548e-04
1.277648053012639786e-04
3.358366478802691829e-04
-1.652282211173566136e-04
-8.171740961775239998e-05
2.940812421304670626e-04
-3.996200386795018477e-05
4.611028651296757066e-04
7.116352996284887539e-04
-4.992714671157733866e-04
7.533907053782906574e-04
3.775920536300716285e-04
-2.904944383667626222e-04
1.463232603124925944e-03
4.611028651296757066e-04
4.193474593798737489e-04
-6.662930901149824101e-04
1.588498820374333390e-03
1.793401881851956749e-06
-3.996200386795001536e-05
8.369015168778954402e-04
-4.575160613659719168e-04
-4.157606556161694712e-04
1.270596191312587438e-04
6.698798938786861999e-04
2.105704306308626051e-04
4.200526455498787668e-04
-7.490987154445809823e-04
5.870742685490873023e-04
4.425399380165954814e-05
5.870742685490873023e-04
8.600939955146174980e-05
-2.480338464469556466e-04
1.380426977795328348e-03
2.498588051857908062e-06
9.211175145475056746e-04
1.695202110510662344e-04
7.958512972980987714e-04
-4.568108751959666820e-04
5.870742685490878444e-04
7.123404857984946392e-04
8.793621087977036626e-04
1.296916166295724541e-03
-1.041386555693196801e-03
9.211175145475044819e-04
-9.578757441935923430e-04
8.793621087977025784e-04
9.211175145475053493e-04
4.618080512996815918e-04
-1.645230349473510807e-04
4.618080512996811582e-04
-1.227676291975489332e-04
-8.101222344774658250e-05
-3.925681769794481452e-05
1.213405354796121167e-03
1.046383731796911385e-03
5.870742685490879529e-04
1.129894543296515409e-03
5.035634570494829532e-04
-9.578757441935925598e-04
-1.645230349473509994e-04
6.705850800486921936e-04
8.793621087977030121e-04
9.628729202973068191e-04
2.530310225506703396e-04
-3.925681769794455702e-05
9.628729202973062770e-04
-1.124897367192801475e-03
-2.480338464469553756e-04
-9.578757441935925598e-04
2.947864283004727852e-04
-9.996311499433942465e-04
-1.645230349473511891e-04
3.790024259700827485e-04
-7.901489350243779764e-04
4.495917997166508102e-05
-4.143502832761582970e-04
-2.890840660267520986e-04
-9.154151522737843374e-04
3.372470202202805739e-04
-3.855163152793922743e-05
