-2.681281925846025808e-04
1.659932243896441756e-04
-1.534926630388703736e-03
-5.581534421966481479e-04
-1.534926630388703086e-03
-2.186108755850073044e-03
-1.788164123623680593e-03
-2.981998020302857946e-03
-2.294639110093635824e-03
-2.005224832110804201e-03
-6.305070116923557283e-04
-2.330815894841489072e-03
-2.005224832110804201e-03
-2.547876603328611163e-03
-1.715810554127973229e-03
-2.475523033832903799e-03
-1.751987338875827128e-03
-5.225876290780085733e-04
-1.716421525757187878e-03
-1.209946539287231997e-03
-1.933482234244310836e-03
-1.644067956261478563e-03
-1.499360817270064053e-03
-2.186719727479287043e-03
-6.311179833215701607e-04
-2.042012588487871882e-03
-5.949411985737163705e-04
-1.101416185043671385e-03
-4.140572748344469316e-04
-1.246123324035086979e-03
-1.246429968516154173e-04
-8.481786918086925767e-04
-1.390830463026501707e-03
-1.102027156672885167e-03
1.279835247541480641e-04
-4.508450312115147205e-04
-1.672361423726770999e-05
-3.423146769679528620e-04
-4.146682464636604424e-04
5.621049417283951457e-04
-5.290039898512149003e-05
-9.573200176814692470e-04
-5.231986007072226804e-04
4.173978027369792260e-04
-5.955521702029300439e-04
-5.290039898512165944e-05
-3.784914617158071401e-04
2.003370942498552108e-04
4.897513722326860474e-04
-4.146682464636608761e-04
-7.764360939421994286e-04
5.621049417283942784e-04
-1.355264649907862674e-03
-5.290039898512138839e-05
-1.614307532286832875e-04
-7.040825244464919567e-04
-5.955521702029292850e-04
-3.061378922200991260e-04
-3.061378922200991260e-04
-7.764360939422004044e-04
-3.784914617158074111e-04
-8.907718373297553096e-05
9.180674000629346072e-05
-5.955521702029302608e-04
-1.976075379765372946e-04
9.238727892069335899e-04
6.344585112241020756e-04
3.812210179891248937e-04
1.279835247541477388e-04
1.249463851937618244e-03
-4.146682464636608219e-04
3.812210179891247852e-04
1.945317051058603278e-05
3.450442332412711577e-04
-1.319087865160008992e-03
-2.705720791014591176e-04
9.956153870734271716e-04
-4.876327875885826178e-04
1.635493378727874219e-04
4.891404006034724824e-04
-4.876327875885824552e-04
1.502090373543381535e-03
2.359029073684954631e-04
1.357383234551966375e-03
5.253171853513260558e-04
5.614939700991799544e-04
1.104145741316988434e-03
7.423778938384489054e-04
6.338475395948879685e-04
7.423778938384496644e-04
2.720796921163495244e-04
-7.408702808235606129e-04
-6.323399265799985918e-04
1.248852880308403811e-03
-3.067488638493130163e-04
4.529636158556186380e-04
1.635493378727876387e-04
8.147314633341573532e-04
8.509082480820106013e-04
-3.429256485971671859e-04
