-7.730328797725185023e-04
4.079896501465897084e-04
2.535100033273612039e-04
-3.234024915923320690e-06
4.589052259219884855e-04
6.129516428679590958e-04
-1.572804418618943079e-04
9.946358638138991606e-05
2.410159840570950344e-03
1.999369395381693504e-03
9.210444767598996657e-04
5.616028372193021534e-04
6.129516428679592042e-04
1.434532533246468547e-03
1.280486116300498045e-03
-5.167220814024919015e-04
8.696956711112428318e-04
7.665648299406719202e-04
-7.225505338703771315e-04
-5.685041169244064128e-04
5.098208016973878589e-04
5.098208016973876421e-04
-2.090624773838084939e-04
2.530767734541034182e-04
6.125184129947014184e-04
9.206112468866424221e-04
3.044255791027601979e-04
-7.225505338703774568e-04
-9.279457564650044673e-04
-7.738993395190343991e-04
7.152160242920150863e-04
-1.184689784708288637e-03
4.584719960487302660e-04
-4.662397355003508560e-04
-1.082425403284233622e-03
-7.743325693922911007e-04
5.093875718241289889e-04
-4.100484662438579696e-06
-9.797277919869197375e-04
-6.716349580949786255e-04
3.039923492295026832e-04
-3.635421242030364834e-04
-8.256813750409485852e-04
-5.175885411490071478e-04
-5.544929031109573721e-05
4.066899605268163511e-04
-1.082425403284232972e-03
4.580387661754732392e-04
7.147827944187569752e-04
1.330968462202639742e-03
-5.544929031109552714e-05
-8.770301806896054191e-04
8.174804057160710768e-04
-1.133774208932889589e-03
4.066899605268157547e-04
6.120851831214438495e-04
-6.202861524463213578e-04
-4.662397355003506392e-04
-1.067980959597523814e-04
5.093875718241297479e-04
-4.100484662438670328e-06
-5.175885411490073647e-04
-2.608445129057231407e-04
3.039923492295025205e-04
3.039923492295027374e-04
-1.082425403284233189e-03
4.066899605268160800e-04
2.012947379321883376e-04
-9.797277919869190870e-04
-4.148909298516938052e-04
-3.121933185543800289e-04
5.093875718241297479e-04
-1.067980959597525034e-04
4.724832098621809331e-05
-1.067980959597522052e-04
3.035591193562447348e-04
-1.072313258330105060e-04
9.197447871401266337e-04
-7.747657992655491033e-04
-1.288253855752118744e-03
2.008615080589315819e-04
-8.261146049142065878e-04
-5.180217710222649336e-04
5.603031475995295550e-04
4.576055363022156161e-04
1.022442398437441169e-03
-3.639753540762943234e-04
4.062567306535586737e-04
-5.693705766709217676e-04
3.035591193562448974e-04
-1.288253855752118310e-03
6.116519532481863889e-04
7.656983701941568908e-04
-2.099289371303235505e-04
4.062567306535587279e-04
5.603031475995295550e-04
9.816389676161731766e-05
1.495127024102742600e-04
-1.072313258330094489e-04
4.576055363022157787e-04
