1.277648053012643038e-04
-1.291918990192009306e-03
2.146297693545927655e-06
6.702327896903806760e-04
-8.329618173024973911e-04
5.032111666911720863e-04
-3.736523540546731999e-04
-1.231199195558603152e-04
-6.659401943032881507e-04
8.372544126895900248e-04
-1.041738846051507884e-03
9.207652241891942655e-04
1.588851716186028299e-03
-9.582280345519032100e-04
1.213053064437809216e-03
7.119881954401837722e-04
-3.960910805625581025e-05
3.361895436919634965e-04
7.119881954401832301e-04
8.565710919315046269e-05
2.146297693546218610e-06
1.296563875937413240e-03
1.691679206927547982e-04
1.922894962184446346e-03
1.129542252938204542e-03
9.625206299389964942e-04
4.197003551915676829e-04
1.129542252938206060e-03
2.131671990933456731e-03
7.537436011899855673e-04
9.625206299389961690e-04
4.614557609413704538e-04
-1.231199195558601797e-04
-7.076956000530902711e-04
8.565710919315080150e-05
1.380074687437018131e-03
1.630607121935829769e-03
-8.747172230522996198e-04
9.625206299389970363e-04
-3.318969483048709711e-04
-6.241847885534862472e-04
5.032111666911718694e-04
1.691679206927552319e-04
9.625206299389958437e-04
-7.076956000530909216e-04
4.390170344334880990e-05
-1.231199195558602610e-04
3.361895436919636049e-04
-3.736523540546729831e-04
1.254808470187610686e-03
-7.912064115526946202e-04
-3.960910805625534269e-05
7.119881954401827964e-04
-7.076956000530908132e-04
-2.483861368052665678e-04
1.004276035688798398e-03
-1.459292903549530172e-03
-5.406739770538816813e-04
2.109233264425572167e-04
-7.494510058028927167e-04
2.146297693545447810e-06
-7.076956000530904879e-04
1.254808470187610903e-03
9.625206299389957353e-04
-3.960910805625602032e-05
-8.747172230522990777e-04
5.032111666911719778e-04
-2.066307310554643662e-04
1.213053064437808349e-03
-9.582280345519027763e-04
1.505340904686424709e-03
-7.494510058028922830e-04
-3.736523540546728746e-04
3.361895436919637675e-04
6.284773839405788810e-04
1.274125149429528134e-04
-4.154077598044749950e-04
-1.231199195558603152e-04
-1.648753253056624898e-04
7.537436011899849167e-04
-8.747172230522998367e-04
2.944341379421615387e-04
1.338319281687216011e-03
-4.575154559125877655e-04
-8.333141076608084749e-04
8.786575280810804108e-04
-1.652276156639733568e-04
-9.999834403017055472e-04
1.691679206927549067e-04
-5.406739770538820065e-04
-1.648753253056624085e-04
-1.000335730660017065e-03
-2.904938329133800430e-04
-1.626666816907048870e-03
2.523264418340484430e-04
-2.490907175218887355e-04
-3.743569347712949339e-04
-1.238245002724819950e-04
3.354849629753413830e-04
1.546391729719603144e-03
