9.999913136718647788e-01
9.271624521198341224e-04
-7.323140997074703302e-04
1.934701787157840471e-03
8.086284127035986554e-04
1.697633708325368019e-03
-2.110986321005418751e-05
5.715603338711263120e-04
9.742417620618401032e-05
-3.767119814587631703e-04
3.344922550386536433e-04
7.493613929954801630e-04
-7.323140997074704386e-04
-4.359790011668801448e-04
8.678954324117159553e-04
1.164230530952305165e-03
1.638366688617251803e-03
3.937592747467714852e-04
3.937592747467715936e-04
-8.037688291817293067e-05
-1.206450257372414800e-03
7.488613571502023957e-04
1.104463475398910748e-03
-4.957460567202758624e-04
-2.586779778878023264e-04
-1.994109581796850265e-04
-8.087691876344995257e-05
1.104463475398910965e-03
1.561911600690222960e-04
-1.384751352342046419e-03
2.747251994852583593e-04
5.117932783177302691e-04
-4.364790370121566653e-04
-4.957460567202762961e-04
3.339922191933766891e-04
3.932592389014947479e-04
1.561911600690223502e-04
2.154581797771404361e-04
-2.586779778878034106e-04
1.222997514815146432e-03
2.747251994852596062e-04
6.895943374420847706e-04
6.895943374420844454e-04
1.104463475398910748e-03
-8.087691876344976283e-05
7.493613929954796209e-04
-1.502785355913004118e-03
-5.545130405831168044e-04
3.344922550386541312e-04
6.900943732873617790e-04
-8.037688291817223949e-05
-7.915811194155889310e-04
1.104963511244186781e-03
5.122933141630078195e-04
5.715603338711257699e-04
-1.147183237664296850e-03
-8.037688291817287646e-05
1.566911959142996296e-04
1.566911959142997109e-04
-1.396439026262906100e-04
-1.396439026262899323e-04
-4.952460208749984204e-04
1.566911959142996296e-04
3.937592747467719731e-04
-8.037688291817232081e-05
2.159582156224174173e-04
-6.730470799993528135e-04
4.530262944548893813e-04
-9.101151588318246149e-04
-6.730470799993524883e-04
-1.028649198248061383e-03
-1.028649198248061166e-03
1.045696491536069264e-03
-1.989109223344085332e-04
-7.915811194155890395e-04
2.159582156224180679e-04
-2.581779420425270527e-04
1.045696491536069481e-03
-3.174449617506447862e-04
3.344922550386538059e-04
-1.989109223344088856e-04
-1.989109223344088856e-04
2.752252353305355303e-04
9.864294718279517475e-04
9.271624521198329298e-04
-1.989109223344083977e-04
6.308273535792436118e-04
3.937592747467715936e-04
-4.952460208749990709e-04
-4.359790011668806869e-04
-1.917654493869831722e-03
-5.545130405831162623e-04
-5.540130047378388203e-04
-2.576779061972489602e-04
-2.576779061972491770e-04
-6.725470441540747210e-04
2.757252711758119423e-04
3.942593105920480056e-04
2.757252711758130265e-04
5.720603697164037540e-04
