-7.730328797725185023e-04
-3.108936289346063463e-04
7.160824840385303326e-04
-1.568472119886358174e-04
-5.676376571778914918e-04
-2.081960176372934102e-04
-5.162888515292342242e-04
9.989681625464858275e-05
9.728265122818152612e-04
8.701289009845014849e-04
1.512456219033052947e-04
-1.286520936259088685e-03
9.728265122818150444e-04
7.160824840385300073e-04
7.674312896871876002e-04
-5.414960069132268480e-05
4.854801060599115250e-05
1.512456219033052676e-04
-1.054984063399788343e-04
-4.649400458805776613e-04
-2.081960176372930579e-04
3.047166241331767961e-04
9.722510975657163964e-04
-5.472501540742104824e-05
-2.087714323533919228e-04
-5.472501540742146159e-05
-9.276547114345878690e-04
-5.168642662453335227e-04
-1.338445156623842974e-03
-3.376209758764289684e-06
5.614606523764609659e-04
7.155070693224317930e-04
2.533678184845202332e-04
1.639785570998256647e-03
-2.087714323533917059e-04
1.588436765349599379e-03
1.383041542754970959e-03
1.506702071872061588e-04
-3.376209758764551841e-06
1.280343931457657075e-03
2.533678184845194743e-04
-2.601202380020485941e-04
2.533678184845200706e-04
-4.655154605966762551e-04
-7.222594888399611838e-04
-5.162888515292343326e-04
-1.081125713664459614e-03
9.728265122818153697e-04
-1.054984063399793358e-04
1.486314568768383167e-03
4.079896501465892747e-04
1.075524123579128712e-03
5.106872614439029968e-04
4.079896501465892747e-04
1.280919346173757132e-03
1.512456219033054031e-04
-2.595448232859497834e-04
4.854801060599174881e-05
-5.162888515292343326e-04
-3.622424345832637223e-04
4.079896501465892747e-04
-2.081960176372926513e-04
6.647336783898739323e-04
1.229570540525098780e-03
7.160824840385303326e-04
-1.491916158853715153e-03
1.383616957471069716e-03
9.728265122818152612e-04
1.126872929227785329e-03
-1.851357798394313425e-03
-6.703352684752055934e-04
3.052920388492759321e-04
2.025944275519623726e-04
-4.135912402319207189e-04
-5.162888515292347663e-04
2.025944275519620202e-04
-8.757304910698328207e-04
-1.851357798394312124e-03
3.052920388492754442e-04
4.079896501465895458e-04
-1.054984063399793629e-04
-8.757304910698326039e-04
2.025944275519616408e-04
-3.622424345832639392e-04
9.989681625464831170e-05
-5.162888515292344410e-04
2.539432332006185018e-04
2.025944275519615866e-04
-9.270792967184894378e-04
6.133848727412167731e-04
-5.676376571778913834e-04
4.079896501465897084e-04
1.230145955241198187e-03
-4.643646311644783085e-04
3.058674535653744717e-04
-6.697598537591048853e-04
3.572162592140313057e-04
-5.357418597522334557e-05
-2.076206029211940846e-04
3.058674535653746886e-04
