0.000000000000000000e+00
2.713353607772292161e-02
4.910287745350472993e-02
6.664518127974804196e-02
8.040407167160758262e-02
9.094076576364452935e-02
9.874392922534694361e-02
1.042384022948198569e-01
1.077929220487296447e-01
1.097269529277645067e-01
1.103167253067907777e-01
1.098005709820566445e-01
1.083836347050308041e-01
1.062420321991737471e-01
1.035265173406085398e-01
1.003657142664977631e-01
9.686896400664819773e-02
9.312882973456847180e-02
8.922329983242789642e-02
8.521772359619021742e-02
8.116651051545140105e-02
7.711462059607908370e-02
7.309887010693019715e-02
6.914907438385073379e-02
6.528904687832348674e-02
6.153747146188642131e-02
5.790866306163625077e-02
5.441322998070548950e-02
5.105864972728428597e-02
4.784976881576830099e-02
4.478923579539038219e-02
4.187787568866830484e-02
3.911501306938375971e-02
3.649875016439850517e-02
3.402620561363613183e-02
3.169371885750329326e-02
2.949702453152319714e-02
2.743140072564810919e-02
2.549179450315667422e-02
2.367292766458532413e-02
2.196938537987223189e-02
2.037568999153455476e-02
1.888636200855935490e-02
1.749597006058199039e-02
1.619917136113171660e-02
1.499074403392686335e-02
1.386561248445403877e-02
1.281886684774492455e-02
1.184577741003602254e-02
1.094180478479081335e-02
1.010260652053431712e-02
9.324040727462986136e-03
8.602167230391893904e-03
7.933246685997133799e-03
7.313738041358471519e-03
6.740294657488513259e-03
6.209759374950448753e-03
5.719158758016451918e-03
5.265696718396461508e-03
4.846747688745217317e-03
4.459849489378960204e-03
4.102696008411959791e-03
3.773129795422144883e-03
3.469134651391486777e-03
3.188828282701361341e-03
2.930455074096411077e-03
2.692379024499091944e-03
2.473076880127721405e-03
2.271131491338882358e-03
2.085225412799751425e-03
1.914134760838386712e-03
1.756723336980882400e-03
1.611937022640639065e-03
1.478798446569431959e-03
1.356401923918096027e-03
1.243908663503775743e-03
1.140542238068747690e-03
1.045584310879489696e-03
9.583706108989378282e-04
8.782871479217933602e-04
8.047666584503521299e-04
7.372852726705642545e-04
6.753593926332348944e-04
6.185427716263047640e-04
5.664237847174068662e-04
5.186228805311625736e-04
4.747902044854149825e-04
4.346033839299446797e-04
3.977654658973317926e-04
3.640029984776215898e-04
3.330642471571401263e-04
3.047175378092880737e-04
2.787497183849453998e-04
2.549647317167032267e-04
2.331822922199640108e-04
2.132366596412957717e-04
1.949755033671840174e-04
1.782588511620975501e-04
1.629581165515643735e-04
1.489551994022809142e-04
