0.000000000000000000e+00
2.822961292970076544e-02
5.108642015092997035e-02
6.933735675910153440e-02
8.365204648445816182e-02
9.461437719302648319e-02
1.027327545221021626e-01
1.084491804077511168e-01
1.121472873008748511e-01
1.141594446161931370e-01
1.147730412343725831e-01
1.142360365197088445e-01
1.127618621794417436e-01
1.105337482463205345e-01
1.077085383974249189e-01
1.044200526256639228e-01
1.007820488629170702e-01
9.689082943233927325e-02
9.282753310756282350e-02
8.866014901189996078e-02
8.444528454169578091e-02
8.022971589152093352e-02
7.605174654737774376e-02
7.194239625501148983e-02
6.792644042577859753e-02
6.402331767836973164e-02
6.024792120067976042e-02
5.661128782515151975e-02
5.312119711878585809e-02
4.978269137408221356e-02
4.659852613014372341e-02
4.356955973680978061e-02
4.069508948358035311e-02
3.797314093553595671e-02
3.540071633818431956e-02
3.297400726124453257e-02
3.068857603806529957e-02
2.853951001396886830e-02
2.652155213556589564e-02
2.462921098708972800e-02
2.285685300289349783e-02
2.119877925195475313e-02
1.964928889565430853e-02
1.820273115988618046e-02
1.685354743284234874e-02
1.559630489714964111e-02
1.442572292635043232e-02
1.333669331828501309e-02
1.232429529932368290e-02
1.138380611145594148e-02
1.051070788705282984e-02
9.700691421976095560e-03
8.949657375099423495e-03
8.253715349891277420e-03
7.609181250293720229e-03
7.012573247659024608e-03
6.460606647039830383e-03
5.950187898836577227e-03
5.478407964952661420e-03
5.042535216540841581e-03
4.640008012566319666e-03
4.268427084252615286e-03
3.925547829563502678e-03
3.609272603809207669e-03
3.317643076895135552e-03
3.048832714344900958e-03
2.801139427752504223e-03
2.572978430508215519e-03
2.362875326286302188e-03
2.169459450692152753e-03
1.991457480476231147e-03
1.827687319687688362e-03
1.677052267933458679e-03
1.538535472417541881e-03
1.411194662561750636e-03
1.294157163667400802e-03
1.186615184192291650e-03
1.087821369722960464e-03
9.970846155614053116e-04
9.137661289683178967e-04
8.372757314677536184e-04
7.670683911835200200e-04
7.026409749124741359e-04
6.435292095161468341e-04
5.893048422050874841e-04
5.395729893790464533e-04
4.939696638522888140e-04
4.521594705215464674e-04
4.138334608109839417e-04
3.787071365427451463e-04
3.465185942236138146e-04
3.170268010998423701e-04
2.900099947065387434e-04
2.652641980193965344e-04
2.426018427002745012e-04
2.218504933103173987e-04
2.028516657417208519e-04
1.854597334893867558e-04
1.695409157445056764e-04
1.549723416420138527e-04
