0.000000000000000000e+00
2.711202456187676926e-02
4.906394860459219187e-02
6.659234486104233242e-02
8.034032718003432383e-02
9.086866776218309460e-02
9.866564486196144346e-02
1.041557619033751381e-01
1.077074636276778435e-01
1.096399612035788285e-01
1.102292660100100408e-01
1.097135208933460865e-01
1.082977079659304398e-01
1.061578033263636117e-01
1.034444413328265144e-01
1.002861441490361244e-01
9.679216611903561363e-02
9.305499703208436335e-02
8.915256344102305552e-02
8.515016283277695996e-02
8.110216156100151508e-02
7.705348398719144565e-02
7.304091719220000278e-02
6.909425287422168993e-02
6.523728560539245047e-02
6.148868444464353211e-02
5.786275297017188374e-02
5.437009107482837500e-02
5.101817033862129230e-02
4.781183343362103294e-02
4.475372680928589586e-02
4.184467483405431010e-02
3.908400261718709967e-02
3.646981389010395258e-02
3.399922957707586513e-02
3.166859202060766376e-02
2.947363923781114170e-02
2.740965306217727979e-02
2.547158456296197415e-02
2.365415972526761779e-02
2.195196801191932195e-02
2.035953610813087331e-02
1.887138886703959573e-02
1.748209922428096627e-02
1.618632862915490161e-02
1.497885934529255905e-02
1.385461980212094636e-02
1.280870402722145487e-02
1.183638605655610611e-02
1.093313010242212731e-02
1.009459715604782253e-02
9.316648611327277285e-03
8.595347416853481998e-03
7.926957193860597814e-03
7.307939696781464399e-03
6.734950939850054517e-03
6.204836266631194586e-03
5.714624598742211806e-03
5.261522064636836062e-03
4.842905178524282810e-03
4.456313712741245305e-03
4.099443383691610959e-03
3.770138451383855775e-03
3.466384315246132455e-03
3.186300173945558461e-03
2.928131804081685399e-03
2.690244501601543343e-03
2.471116220361768961e-03
2.269330934237711022e-03
2.083572242369559433e-03
1.912617231382531978e-03
1.755330603582901366e-03
1.610659076091165882e-03
1.477626052520771482e-03
1.355326566051117884e-03
1.242922490494497486e-03
1.139638014146103018e-03
1.044755369771056949e-03
9.576108129675592806e-04
8.775908403028427488e-04
8.041286380067166678e-04
7.367007515900551298e-04
6.748239665009805530e-04
6.180523898126242480e-04
5.659747229295999851e-04
5.182117153855373510e-04
4.744137899636169538e-04
4.342588295912318936e-04
3.974501167258050042e-04
3.637144162505440777e-04
3.328001932273469497e-04
3.044759572012756136e-04
2.785287251105349844e-04
2.547625952221887146e-04
2.329974248823725089e-04
2.130676052368231951e-04
1.948209264400087011e-04
1.781175272266360358e-04
1.628289230658197778e-04
1.488371074542528235e-04
