0.000000000000000000e+00
3.496453128502387264e-02
6.327443242155707248e-02
8.587961109001876481e-02
1.036094474141665833e-01
1.171871311029587664e-01
1.272423613610912385e-01
1.343225913385630577e-01
1.389029791207825604e-01
1.413951896082956683e-01
1.421551758754168726e-01
1.414900545295159351e-01
1.396641770380956105e-01
1.369044877885398914e-01
1.334052496518193798e-01
1.293322089079230464e-01
1.248262634422745709e-01
1.200066910359457173e-01
1.149739882560045362e-01
1.098123648234631961e-01
1.045919333213529284e-01
9.937062963857633269e-02
9.419589556748067527e-02
8.910615143190336873e-02
8.413208347071095272e-02
7.929776789752494837e-02
7.462165106282772631e-02
7.011740292639509486e-02
6.579465907602141672e-02
6.165966477600712259e-02
5.771583297195010537e-02
5.396422679567183106e-02
5.040397588655757405e-02
4.703263475618761624e-02
4.384649045670856171e-02
4.084082595639790259e-02
3.801014486623859046e-02
3.534836248827177840e-02
3.284896756043530208e-02
3.050515854496629875e-02
2.830995784062041026e-02
2.625630688614417549e-02
2.433714475757991699e-02
2.254547253969257925e-02
2.087440546729084356e-02
1.931721458119688151e-02
1.786735942230336174e-02
1.651851309216261637e-02
1.526458083687381312e-02
1.409971316000138697e-02
1.301831433749316320e-02
1.201504709096417635e-02
1.108483407339532975e-02
1.022285673160359433e-02
9.424552031296024035e-03
8.685607461812776958e-03
8.001954677635453317e-03
7.369762081355156307e-03
6.785426607149080795e-03
6.245564924097093441e-03
5.747004244165391899e-03
5.286772889761183480e-03
4.862090749860151738e-03
4.470359731333527729e-03
4.109154292817022644e-03
3.776212131883683806e-03
3.469425082067693292e-03
3.186830264135319390e-03
2.926601525649191304e-03
2.687041194089816957e-03
2.466572161379050089e-03
2.263730311414474759e-03
2.077157297012970690e-03
1.905593668337709741e-03
1.747872351323878333e-03
1.602912471717912518e-03
1.469713518010164590e-03
1.347349834690033960e-03
1.234965435814861390e-03
1.131769127797480198e-03
1.037029929528184751e-03
9.500727774085496917e-04
8.702745025461917092e-04
7.970600672062599142e-04
7.298990476067517648e-04
6.683023502546302707e-04
6.118191492255489012e-04
5.600340320726466745e-04
5.125643423927997346e-04
4.690577074678641770e-04
4.291897398219998998e-04
3.926619019839311625e-04
3.591995242066489420e-04
3.285499653694426707e-04
3.004809077624183444e-04
2.747787769270272607e-04
2.512472781935797331e-04
2.297060420151707878e-04
2.099893706443108684e-04
1.919450791319453602e-04
