0.000000000000000000e+00
1.879864354800541565e-02
3.401943218111114220e-02
4.617308276670906847e-02
5.570551065785291772e-02
6.300553804253282431e-02
6.841172203724620038e-02
7.221840025350485803e-02
7.468104093722151282e-02
7.602097529010748422e-02
7.642958110897371538e-02
7.607197931543509262e-02
7.509029819854168286e-02
7.360655416997861911e-02
7.172519245843263225e-02
6.953532637737906696e-02
6.711270952703511650e-02
6.452147148120479514e-02
6.181564411369498691e-02
5.904050269262472311e-02
5.623374317467334793e-02
5.342651472970212645e-02
5.064432438757354021e-02
4.790782879507432535e-02
4.523352637632401668e-02
4.263436168230677614e-02
4.012025237399890337e-02
3.769854809092640369e-02
3.537442939675378845e-02
3.315125405127740399e-02
3.103085702111585756e-02
2.901380989797714555e-02
2.709964473339025737e-02
2.528704671307301782e-02
2.357401957450901142e-02
2.195802721054343834e-02
2.043611449339008054e-02
1.900500999157761842e-02
1.766121293189229155e-02
1.640106647469452908e-02
1.522081911999870370e-02
1.411667583975528828e-02
1.308484033560929766e-02
1.212154964813039193e-02
1.122310219053943535e-02
1.038588014499691389e-02
9.606367040528383805e-03
8.881161226823915816e-03
8.206985865845537603e-03
7.580695981974069908e-03
6.999283040045910405e-03
6.459877457939180653e-03
5.959749405358043435e-03
5.496308192241005329e-03
5.067100507989645737e-03
4.669807735773941551e-03
4.302242533895897503e-03
3.962344848030113602e-03
3.648177493618595495e-03
3.357921426343141603e-03
3.089870800047412203e-03
2.842427895392597107e-03
2.614097988604366461e-03
2.403484217638894322e-03
2.209282492727422144e-03
2.030276489344522498e-03
1.865332754002495784e-03
1.713395946741487008e-03
1.573484238620200849e-03
1.444684877790342048e-03
1.326149933748965943e-03
1.217092226010286571e-03
1.116781440636966652e-03
1.024540435746104346e-03
9.397417351916675411e-04
8.618042080656702474e-04
7.901899304050475541e-04
7.244012244960565698e-04
6.639778703950353998e-04
6.084944837002494557e-04
5.575580531852741004e-04
5.108056316149362690e-04
4.679021728882993463e-04
4.285385085707575105e-04
3.924294568726289958e-04
3.593120571907155742e-04
3.289439234399613773e-04
3.011017095543121322e-04
2.755796807202491833e-04
2.521883841156990786e-04
2.307534131547404725e-04
2.111142594792751281e-04
1.931232471881061798e-04
1.766445440478456178e-04
1.615532446856005196e-04
1.477345210178914066e-04
1.350828354215827070e-04
1.235012123990897261e-04
1.129005647303845192e-04
1.031990703373351443e-04
