0.000000000000000000e+00
1.430224004648612129e-02
2.588240391158600981e-02
3.512905129188496206e-02
4.238144009200263407e-02
4.793539103186669759e-02
5.204848254458203233e-02
5.494465031805086802e-02
5.681825774705578230e-02
5.783769634179106861e-02
5.814856869228232639e-02
5.787650083381250948e-02
5.712962572300687991e-02
5.600077495194680927e-02
5.456941173980410509e-02
5.290333459541306932e-02
5.106017779285974140e-02
4.908873190345752063e-02
4.703010504372417272e-02
4.491874319648574837e-02
4.278332591087209702e-02
4.064755185979369856e-02
3.853082710640794856e-02
3.644886748255903725e-02
3.441422519296024468e-02
3.243674861177731766e-02
3.052398321789656990e-02
2.868152070778735505e-02
2.691330251823029901e-02
2.522188327432391131e-02
2.360865904132097154e-02
2.207406469324818196e-02
2.061774420913282599e-02
1.923869726204002414e-02
1.793540507080704574e-02
1.670593813380687534e-02
1.554804815334407016e-02
1.445924618397535603e-02
1.343686879422901007e-02
1.247813381537019040e-02
1.158018705990437013e-02
1.074014122364872793e-02
9.955108035956375737e-03
9.222224590845796988e-03
8.538674675406051837e-03
7.901705809169436504e-03
7.308642617614136659e-03
6.756897083197154451e-03
6.243976147092578609e-03
5.767487073030315263e-03
5.325140930322985224e-03
4.914754505472475853e-03
4.534250909894910371e-03
4.181659114614134920e-03
3.855112610645198418e-03
3.552847365684700873e-03
3.273199223170040681e-03
3.014600868342818749e-03
2.775578467280282076e-03
2.554748068612340550e-03
2.350811843527673018e-03
2.162554227432364733e-03
1.988838016029251862e-03
1.828600459433662442e-03
1.680849390052901755e-03
1.544659413174703962e-03
1.419168183395199583e-03
1.303572785046673305e-03
1.197126230551689248e-03
1.099134087037798718e-03
1.008951238512196440e-03
9.259787883449813531e-04
8.496611046782258673e-04
7.794830096093300189e-04
7.149671115413369854e-04
6.556712789064440871e-04
6.011862525138559352e-04
5.511333930160276914e-04
5.051625593992410939e-04
4.629501139600573239e-04
4.241970489064016787e-04
3.886272295018290582e-04
3.559857485372103117e-04
3.260373868513737929e-04
2.985651746186775211e-04
2.733690481664365285e-04
2.502645971693236355e-04
2.290818971834826013e-04
2.096644226233653169e-04
1.918680354434866737e-04
1.755600449605447880e-04
1.606183344345138951e-04
1.469305502169721944e-04
1.343933494681555439e-04
1.229117026386366347e-04
1.123982471051598647e-04
1.027726885413731258e-04
9.396124679172733029e-05
8.589614319960501155e-05
7.851512651801823288e-05
