0.000000000000000000e+00
9.994483365472511815e-03
1.808676504603498950e-02
2.454837267731601810e-02
2.961638153376949453e-02
3.349751274822982544e-02
3.637176353488190406e-02
3.839562137403650099e-02
3.970490846625084058e-02
4.041729771745109639e-02
4.063453701183236677e-02
4.044441450816033817e-02
3.992249410640716367e-02
3.913364702953037871e-02
3.813340260857170372e-02
3.696913881135615448e-02
3.568113078301918262e-02
3.430347364095488044e-02
3.286489396123717238e-02
3.138946278457318412e-02
2.989722153634636476e-02
2.840473097846656081e-02
2.692555217373132290e-02
2.547066743116572704e-02
2.404884829989767381e-02
2.266697687751863949e-02
2.133032598583615297e-02
2.004280313284659623e-02
1.880716261607343759e-02
1.762518962147139115e-02
1.649785972705486436e-02
1.542547682516602105e-02
1.440779212640697256e-02
1.344410659685868828e-02
1.253335890395945729e-02
1.167420070144658574e-02
1.086506086662567330e-02
1.010420011084337336e-02
9.389757213657800097e-03
8.719787980379875916e-03
8.092297889218382986e-03
7.505269276259658555e-03
6.956683802219684742e-03
6.444540852780973779e-03
5.966872442998468438e-03
5.521755124506123880e-03
5.107319330993501626e-03
4.721756541683508508e-03
4.363324593468567714e-03
4.030351429190380010e-03
3.721237531598126699e-03
3.434457259189549732e-03
3.168559270892479501e-03
2.922166200906103298e-03
2.693973722569636183e-03
2.482749120486384999e-03
2.287329472972166912e-03
2.106619531923860974e-03
1.939589374156249846e-03
1.785271886902240401e-03
1.642760140308619377e-03
1.511204691206061721e-03
1.389810855028079158e-03
1.277835976357793828e-03
1.174586723068999240e-03
1.079416424288588781e-03
9.917224683441080730e-04
9.109437733869244847e-04
8.365583404229908447e-04
7.680808959727981021e-04
7.050606294613643004e-04
6.470790286566379919e-04
5.937478149852397141e-04
5.447069793184552674e-04
4.996229178040845990e-04
4.581866664906492038e-04
4.201122328230474001e-04
3.851350215596773202e-04
3.530103522500778034e-04
3.235120651015907598e-04
2.964312118379794987e-04
2.715748279990573512e-04
2.487647830365256538e-04
2.278367045173998549e-04
2.086389727439164261e-04
1.910317821302241466e-04
1.748862657349967435e-04
1.600836794299027117e-04
1.465146422818891189e-04
1.340784298384750748e-04
1.226823171263204993e-04
1.122409683013292104e-04
1.026758700210770616e-04
9.391480574538529826e-05
8.589136830671286783e-05
7.854450822735177637e-05
7.181811539402886853e-05
6.566063183156401579e-05
6.002469344496959113e-05
5.486679872326001637e-05
