0.000000000000000000e+00
1.060514439857952740e-02
1.919186295101844159e-02
2.604827357984927996e-02
3.142593681371349396e-02
3.554420440735215486e-02
3.859407137050908237e-02
4.074158653878481168e-02
4.213087082336303829e-02
4.288678692234565437e-02
4.311729949630399572e-02
4.291556054381077262e-02
4.236175090475742533e-02
4.152470542148845034e-02
4.046334625661290874e-02
3.922794616278068441e-02
3.786124108883637263e-02
3.639940935736341726e-02
3.487293273277129735e-02
3.330735299177705472e-02
3.172393608704405371e-02
3.014025463988567397e-02
2.857069829145767251e-02
2.702692036777818232e-02
2.551822835795885050e-02
2.405192485444530848e-02
2.263360484745486137e-02
2.126741459297943476e-02
1.995627667559742371e-02
1.870208535578591486e-02
1.750587581919047647e-02
1.636797052591759324e-02
1.528810548558448036e-02
1.426553895343257369e-02
1.329914474968246600e-02
1.238749214437120938e-02
1.152891401950653649e-02
1.072156481622911668e-02
9.963469593881993033e-03
9.252565367850287478e-03
8.586735751440609243e-03
7.963839801857847817e-03
7.381735859671529655e-03
6.838301073409801430e-03
6.331447214621691542e-03
5.859133312611743659e-03
5.419375570923466202e-03
5.010254968504187882e-03
4.629922896411743302e-03
4.276605135113416278e-03
3.948604437158520844e-03
3.644301944639124265e-03
3.362157639819529989e-03
3.100710000110412125e-03
2.858575004740038575e-03
2.634444619635387813e-03
2.427084868818510984e-03
2.235333584735457041e-03
2.058097916090238007e-03
1.894351659709596044e-03
1.743132472498744876e-03
1.603539010472241960e-03
1.474728033987701128e-03
1.355911511523495011e-03
1.246353748492347920e-03
1.145368562553775605e-03
1.052316522576727522e-03
9.666022647183135667e-04
8.876718959452120422e-04
8.150104926605943045e-04
7.481396998490715856e-04
6.866154342607975808e-04
6.300256935753931762e-04
5.779884721748380569e-04
5.301497830749999675e-04
4.861817846857168206e-04
4.457810103611537411e-04
4.086666981407615848e-04
3.745792176450839141e-04
3.432785907611371414e-04
3.145431025127394813e-04
2.881679983478805285e-04
2.639642639756332857e-04
2.417574838386145147e-04
2.213867743043588957e-04
2.027037876923047611e-04
1.855717833155157658e-04
1.698647618019994245e-04
1.554666590644928053e-04
1.422705964056219965e-04
1.301781833738080809e-04
1.190988701211078869e-04
1.089493461548050049e-04
9.965298251784826316e-05
9.113931457738764022e-05
8.334356274423621101e-05
7.620618858786955892e-05
6.967248395062816766e-05
6.369219080032730571e-05
5.821914969193229064e-05
