0.000000000000000000e+00
1.139131112397044447e-02
2.061456909091544457e-02
2.797925020522174649e-02
3.375556335236658267e-02
3.817912098513079333e-02
4.145507670608192252e-02
4.376178866641611959e-02
4.525406156063459945e-02
4.606601424543561168e-02
4.631361487671965121e-02
4.609692087545910061e-02
4.550205694293636000e-02
4.460296069620272447e-02
4.346292223873541444e-02
4.213594107728040744e-02
4.066792120627384099e-02
3.909772287249808215e-02
3.745808747474469597e-02
3.577645021939161035e-02
3.407565351895405076e-02
3.237457266537725753e-02
3.068866401391738899e-02
2.903044475974998762e-02
2.740991236262371733e-02
2.583491076123789476e-02
2.431144970632343957e-02
2.284398281871081668e-02
2.143564933620456525e-02
2.008848394212755378e-02
1.880359856115675771e-02
1.758133955759048905e-02
1.642142337125539198e-02
1.532305327133840281e-02
1.428501959357031219e-02
1.330578554698158902e-02
1.238356042896446643e-02
1.151636186809861136e-02
1.070206852000348333e-02
9.938464469580817959e-03
9.223276440920646219e-03
8.554204781650391262e-03
7.928949069637437549e-03
7.345229084954826154e-03
6.800801797325089181e-03
6.293474937476538529e-03
5.821117648742519558e-03
5.381668651705907164e-03
4.973142298758775372e-03
4.593632846241273507e-03
4.241317228569521473e-03
3.914456580773681069e-03
3.611396722532916534e-03
3.330567787572521078e-03
3.070483156698988574e-03
2.829737830364312604e-03
2.607006357093622287e-03
2.401040417044425154e-03
2.210666145094573962e-03
2.034781264916312241e-03
1.872352094252359260e-03
1.722410471861151020e-03
1.584050648159516118e-03
1.456426174301406022e-03
1.338746818148444642e-03
1.230275530186315282e-03
1.130325477809784960e-03
1.038257162440481751e-03
9.534756305695389275e-04
8.754277869559965895e-04
8.035998157946939524e-04
7.375147136358124311e-04
6.767299361406004139e-04
6.208351593490602340e-04
5.694501549758863900e-04
5.222227783059712417e-04
4.788270665000991843e-04
4.389614445184416148e-04
4.023470354010562204e-04
3.687260712906468814e-04
3.378604013257440072e-04
3.095300923570815902e-04
2.835321183329716989e-04
2.596791341495341648e-04
2.377983297588068246e-04
2.177303603635584830e-04
1.993283485946884339e-04
1.824569546591822754e-04
1.669915105583177515e-04
1.528172146025983302e-04
1.398283825878831850e-04
1.279277521430641771e-04
1.170258369106948377e-04
1.070403273758766433e-04
9.789553531354984581e-05
8.952187897855591429e-05
8.185540631513337547e-05
7.483735361187040494e-05
6.841373717372449894e-05
6.253497572391734710e-05
