0.000000000000000000e+00
1.453043993409042570e-02
2.629537150577795912e-02
3.568955408937671270e-02
4.305765863078179351e-02
4.870022582768792491e-02
5.287894391483195788e-02
5.582132159375900737e-02
5.772482343114497538e-02
5.876052771377124340e-02
5.907636019884357492e-02
5.879995135221234570e-02
5.804115944964637758e-02
5.689429726091741607e-02
5.544009588334956190e-02
5.374743558723862891e-02
5.187487023233178229e-02
4.987196886959689018e-02
4.778049551753203728e-02
4.563544576303811551e-02
4.346595675278682597e-02
4.129610528468702357e-02
3.914560705601055624e-02
3.703042865310222920e-02
3.496332255781339771e-02
3.295429428038573055e-02
3.101100969185587031e-02
2.913914970720032915e-02
2.734271865093111653e-02
2.562431190855618893e-02
2.398534782029594289e-02
2.242626819882470937e-02
2.094671134266477830e-02
1.954566096413013279e-02
1.822157404909247047e-02
1.697249030969458575e-02
1.579612557544908882e-02
1.468995118845728073e-02
1.365126122077412255e-02
1.267722911267493181e-02
1.176495513657752415e-02
1.091150591981694500e-02
1.011394710784372514e-02
9.369370115480571415e-03
8.674913795633662494e-03
8.027781750537638442e-03
7.425255918639617897e-03
6.864706989192843022e-03
6.343602125284754194e-03
5.859510413258627905e-03
5.410106401314037153e-03
4.993172041614104238e-03
4.606597307707046077e-03
4.248379721795448975e-03
3.916622993745453793e-03
3.609534945174998344e-03
3.325424867013671796e-03
3.062700437158033095e-03
2.819864305877006067e-03
2.595510440116368354e-03
2.388320303512140967e-03
2.197058936487330388e-03
2.020570990042127018e-03
1.857776757549177904e-03
1.707668240851317265e-03
1.569305280068820354e-03
1.441811770615787419e-03
1.324371985875690732e-03
1.216227019684869683e-03
1.116671359123069677e-03
1.025049595026865335e-03
9.407532750503846053e-04
8.632179019323006543e-04
7.919200778311024508e-04
7.263747941116342061e-04
6.661328647605133579e-04
6.107785006377168015e-04
5.599270210024447861e-04
5.132226981538784861e-04
4.703367305759657358e-04
4.309653396474245565e-04
3.948279847544356488e-04
3.616656915070448771e-04
3.312394876965881830e-04
3.033289416278377756e-04
2.777307975052335223e-04
2.542577026381000215e-04
2.327370213472177264e-04
2.130097305976240993e-04
1.949293925442451459e-04
1.783611993529748106e-04
1.631810858459021999e-04
1.492749057120674864e-04
1.365376672214387954e-04
1.248728245773137575e-04
1.141916212390683581e-04
1.044124817414386944e-04
9.546044872704237817e-05
8.726666209455314802e-05
7.976787734505050200e-05
