0.000000000000000000e+00
1.487110676350101961e-02
2.691186769444671792e-02
3.652629731875278729e-02
4.406714740841875116e-02
4.984200485155455135e-02
5.411869317553967551e-02
5.713005503384156053e-02
5.907818455894110754e-02
6.013817097588469718e-02
6.046140816802732243e-02
6.017851890333372755e-02
5.940193708987710070e-02
5.822818666463380755e-02
5.673989146920030424e-02
5.500754667496261796e-02
5.309107893959007923e-02
5.104121946271962529e-02
4.890071142217482236e-02
4.670537087799345871e-02
4.448501809858473877e-02
4.226429436348665830e-02
4.006337760539612630e-02
3.789860874800568546e-02
3.578303925568747379e-02
3.372690921832879885e-02
3.173806423366366813e-02
2.982231840598026720e-02
2.798376994136210494e-02
2.622507507424918019e-02
2.454768539791327489e-02
2.295205308334710009e-02
2.143780794896524289e-02
2.000390988017036395e-02
1.864877968679729339e-02
1.737041112195026812e-02
1.616646646266027207e-02
1.503435776652840838e-02
1.397131566500510284e-02
1.297444732954353315e-02
1.204078504831561369e-02
1.116732667559997873e-02
1.035106906077042262e-02
9.589035426737021681e-03
8.878297546681372318e-03
8.215993461164491571e-03
7.599341383555967278e-03
7.025650358798222507e-03
6.492328167501337788e-03
5.996886903126629788e-03
5.536946593549758010e-03
5.110237188700773002e-03
4.714599192461141515e-03
4.347983178849821814e-03
4.008448399123960837e-03
3.694160657197288061e-03
3.403389605247842016e-03
3.134505589107575759e-03
2.885976153612424596e-03
2.656362301198844731e-03
2.444314582357447370e-03
2.248569083827422176e-03
2.067943369398772026e-03
1.901332418672840256e-03
1.747704600929523254e-03
1.606097714197678552e-03
1.475615113579284649e-03
1.355421947709948595e-03
1.244741517836262315e-03
1.142851770255259381e-03
1.049081929705676045e-03
9.628092786485378547e-04
8.834560851583854631e-04
8.104866803073544146e-04
7.434046844106352884e-04
6.817503802681995888e-04
6.250982305446029777e-04
5.730545356414682790e-04
5.252552278057466767e-04
4.813637967547908930e-04
4.410693417636370726e-04
4.040847449309325611e-04
3.701449602002957785e-04
3.390054126486911749e-04
3.104405025497057233e-04
2.842422087663479930e-04
2.602187861155332862e-04
2.381935514666401357e-04
2.180037534823716630e-04
1.994995210756727178e-04
1.825428858365955387e-04
1.670068738734538578e-04
1.527746627098020991e-04
1.397387990796916668e-04
1.278004736657968956e-04
1.168688490263359100e-04
1.068604371555274249e-04
9.769852331731389305e-05
8.931263298214128571e-05
8.163803888091680349e-05
