0.000000000000000000e+00
1.218563477615748104e-02
2.205203661597506665e-02
2.993026181104998379e-02
3.610936109100099795e-02
4.084137632063684908e-02
4.434576659880003213e-02
4.681332710843076617e-02
4.840965717767461290e-02
4.927822785973469399e-02
4.954309384665558924e-02
4.931128962949318795e-02
4.867494544186254379e-02
4.771315461971078337e-02
4.649362052725343475e-02
4.507410809252538481e-02
4.350372222582870457e-02
4.182403292463321431e-02
4.007006466710408971e-02
3.827116573468952732e-02
3.645177135642396066e-02
3.463207301083299355e-02
3.282860483503853566e-02
3.105475685650722212e-02
2.932122366446244036e-02
2.763639616063237256e-02
2.600670315963772225e-02
2.443690883623246546e-02
2.293037132934769989e-02
2.148926720211893557e-02
2.011478591446565212e-02
1.880729798289755908e-02
1.756650007440303460e-02
1.639153990160293131e-02
1.528112344953919122e-02
1.423360676579244442e-02
1.324707428087876573e-02
1.231940539130870968e-02
1.144833082995627173e-02
1.063148016449908147e-02
9.866421601995762486e-03
9.150695133794160135e-03
8.481839927806201357e-03
7.857416762862629717e-03
7.275026200702507106e-03
6.732323103669151515e-03
6.227028029052448718e-03
5.756935963059399940e-03
5.319922797562238841e-03
4.913949900136374213e-03
4.537067081630060880e-03
4.187414224870050078e-03
3.863221802448632732e-03
3.562810480278380456e-03
3.284589976227048503e-03
3.027057319199707996e-03
2.788794633114271334e-03
2.568466551960724240e-03
2.364817356226248547e-03
2.176667907126355554e-03
2.002912443056896214e-03
1.842515292253158387e-03
1.694507546615007208e-03
1.557983733859015420e-03
1.432098518437603099e-03
1.316063455886769869e-03
1.209143820309851926e-03
1.110655520470019836e-03
1.019962116357081214e-03
9.364719450334321781e-04
8.596353619782823958e-04
7.889421019760480989e-04
7.239187617787980721e-04
6.641264052656567713e-04
6.091582905817252919e-04
5.586377177282101552e-04
5.122159942617171210e-04
4.695705161156059197e-04
4.304029600552324464e-04
3.944375839002750594e-04
3.614196303723212129e-04
3.311138302382721330e-04
3.033030003056935058e-04
2.777867317728120234e-04
2.543801644328259307e-04
2.329128422704963722e-04
2.132276460607168570e-04
1.951797986772719920e-04
1.786359389395065350e-04
1.634732599602530564e-04
1.495787081059786212e-04
1.368482388361656223e-04
1.251861258505291663e-04
1.145043201373057573e-04
1.047218556814865932e-04
9.576429875684279176e-05
8.756323788850436138e-05
8.005581173263095986e-05
7.318427227545173312e-05
6.689558090499470944e-05
