9.235953454744129376e-02
-6.222554551466445705e-02
1.619826429085700209e-02
-8.679298264374925298e-02
-4.346052861377856791e-02
-8.312196848364064583e-02
1.226862463064699003e-02
-8.501431646398274755e-02
1.501870596345919288e-02
-9.631410765984393940e-03
6.377159553218736399e-02
1.594029843004889698e-03
1.289064893156779794e-02
1.273816820549204636e-02
8.966946353536757106e-03
-1.386097587712367685e-02
-2.842468206258345551e-02
1.774225386432187615e-03
-3.238226922449167350e-02
-2.902713480410655869e-02
1.856536257614057120e-02
7.180172092633926861e-03
2.055747333023743781e-02
-4.823065709083956126e-02
5.741581572914641884e-02
-3.230197348239201988e-03
-1.450886899477052579e-02
-1.017518338861392452e-01
3.976885269076466112e-02
2.357945539661920886e-02
1.384611087023856768e-01
-1.959583029568975898e-02
3.343566656198397602e-02
3.631114281584111019e-03
-3.409850306744955251e-03
4.194585137269955799e-02
3.830185156555033100e-03
-3.092104571504096164e-02
-4.224914922607556945e-03
-1.775653657586363787e-02
-4.432282597481677217e-02
6.177581123392454632e-02
-1.774942620585051242e-02
4.529097240189951940e-02
9.788694482533351338e-02
9.274248152398637673e-03
-7.002916405375357589e-02
1.166179921225364291e-01
1.323735842912336300e-02
4.822289445137985242e-02
6.133189777702831302e-02
6.718925648814076668e-02
3.219997640591407834e-02
2.581452426845803894e-02
5.124649290695524294e-03
-1.885475391288812114e-02
-6.440024293734439905e-04
-4.009350681249671672e-02
-1.199196529436605957e-02
7.137861904730457771e-03
2.606567330013223951e-02
2.597190162053156573e-02
-9.173095653550673856e-02
2.180261154463972867e-02
-2.190551004290108416e-03
1.178637837405271949e-02
1.420237007085453640e-02
5.744358181326476159e-02
4.172176632197099888e-02
4.332387102985457011e-02
1.904981385418674789e-02
-1.267631669310650411e-01
-9.705909297194087459e-03
6.479789614356697147e-03
-5.146298332049493301e-02
1.924599039726420519e-02
4.837576753226157517e-02
-2.572407203520187327e-02
4.949051609699204463e-02
-1.764389641150056892e-02
7.648018272934420381e-02
-3.411098250905718506e-03
4.214368701480724483e-02
-8.364576105744668533e-02
2.264619922169345493e-03
-2.316644522546321486e-02
4.513843483382739413e-02
5.682384192941356861e-03
-7.644624026524957094e-02
-1.626925581363800619e-03
-1.992261543366831075e-02
1.605507220233928084e-02
-9.032520633622724213e-03
-6.607130165120080056e-02
1.935485174197927247e-02
-6.615798942129107185e-02
1.478161034767999649e-02
-9.671227554631801546e-03
-1.931701447298018667e-02
-3.330378955874566116e-02
