1.284013184134632224e-01
7.821512575071984386e-02
1.226190568790173907e-01
8.944556469090128581e-02
9.867774809736587840e-03
1.056698330521061990e-01
3.863711195436012047e-02
1.760332252480030224e-01
9.675002070919042074e-02
5.401802587772081693e-02
9.234124363571957761e-02
9.824783547302204378e-02
-2.299030038361895081e-02
1.501799889301204394e-01
5.606458125477518928e-02
3.584995491540283324e-02
6.981193871538367290e-02
1.380913284402206231e-02
1.983111723863582032e-01
9.944146478988249993e-02
2.012445327676117696e-02
5.365625651213155878e-02
-2.686182863430773560e-03
6.674428351063584064e-02
8.855901650097344757e-02
3.779679557923930344e-02
7.341560148183701173e-02
2.594667471433611747e-02
8.533965830448642098e-02
1.023155324969461377e-01
1.594553290302037907e-02
8.524069887627742578e-03
6.357475756596880911e-02
6.225613887938873103e-02
7.036118809631868032e-02
2.423450772625018734e-02
9.677121099771503199e-02
-2.781030904317922589e-02
-1.052518916333849454e-02
5.334959435987168125e-02
1.615117614879222827e-02
4.093678913880854919e-02
-1.862532217700572272e-03
-1.212813048975812207e-02
7.984345397417921819e-02
6.862945921265758975e-02
-1.486154886767905364e-03
-1.039945723400784172e-02
9.657931430527273708e-02
7.088731440920315041e-02
1.722753926792556373e-02
1.103002692730236517e-02
4.486973562112448605e-02
2.477896949343805569e-02
7.866372773806730445e-02
4.729977142577410087e-02
1.496437930300163581e-02
9.230365187406155839e-04
6.648016146074554877e-03
-3.243933850690634314e-03
5.344523402720683519e-02
3.620401014882862478e-02
-7.841400208413008832e-02
-7.434746440286675584e-02
-1.129555006093305863e-02
3.218388351714002171e-02
8.305075716616275305e-02
4.380482421044375185e-02
4.767060197744701910e-02
-5.003722391440276057e-02
-8.601759509415451282e-03
8.758465379993475575e-02
3.635336884099029525e-02
3.800321915118499982e-02
2.547497894744489913e-02
2.767046293682964841e-02
-1.463907223995805119e-02
9.491235403205243448e-02
3.202549153321149894e-02
-7.358874646040353129e-02
-3.854730991354254205e-02
1.442644883347200292e-02
-6.595837986827979282e-02
-4.200456837787875514e-02
2.692650563289456650e-02
-2.832049985167731793e-02
3.064645532458637120e-02
6.700205527219032196e-03
-8.108015812701732661e-02
1.701948802945845926e-02
-2.276871044051517745e-02
-3.533731510203246690e-02
4.922917137958664202e-02
2.113650123700395317e-02
-1.358815275377757252e-03
-1.236399384240524472e-02
-7.695127424413960963e-03
1.913578468791183457e-02
-3.722109148131167583e-02
7.555209585998737265e-02
