1.200501233492790726e-01
6.952690454248401652e-02
1.138062467762699925e-01
8.165693394320998333e-02
2.256762440094684050e-03
9.848739596205634272e-02
3.105722690649264164e-02
1.690242364272666886e-01
8.953253586484079263e-02
4.748165989228794043e-02
8.609697718173475733e-02
9.197849921463027711e-02
-2.916138473368079173e-02
1.441770213949262747e-01
5.106879007588288610e-02
3.001456137582905054e-02
6.496682200271287899e-02
9.248417043285184561e-03
1.937733640864238716e-01
9.487791659857694460e-02
1.579578334757023375e-02
4.931943851814218904e-02
-6.048372289944663541e-03
6.334060689916927445e-02
8.447382469188162435e-02
3.430090535939773339e-02
6.973092657908668002e-02
2.312142337237391154e-02
8.208155501882369309e-02
9.941424318957389761e-02
1.436252419613644887e-02
5.745970919345526340e-03
6.130261073673552025e-02
6.007321859439091610e-02
6.845921682082659054e-02
2.259230698735754939e-02
9.541035509522653724e-02
-2.897275995991045391e-02
-1.173751554730092204e-02
5.294757563536039296e-02
1.534189397269398493e-02
3.990947746500889820e-02
-2.500931681736122923e-03
-1.335754659187994055e-02
7.947041913408174618e-02
6.723470978575933621e-02
-1.760878689678393181e-03
-1.054913929255756229e-02
9.614415066446550806e-02
7.063835900423647007e-02
1.676974674801721965e-02
1.136607589375504025e-02
4.520022011349372065e-02
2.463909210335959998e-02
7.915990871980206622e-02
4.752567935963858403e-02
1.577108247385297646e-02
1.411898065051275537e-03
7.864466339168010162e-03
-3.090507000376648515e-03
5.456848378675141498e-02
3.594106880284710787e-02
-7.792066208641024172e-02
-7.398808550940630391e-02
-1.038013015020602253e-02
3.298736016227708789e-02
8.334977239581797814e-02
4.370399714169570515e-02
4.875420055763305532e-02
-4.882274296004189551e-02
-8.080629353657066069e-03
8.894372998158406318e-02
3.720380441967371943e-02
3.829948117597679197e-02
2.634947012180398340e-02
2.836591371658923194e-02
-1.378540760858206621e-02
9.513132960978229469e-02
3.278956196734637840e-02
-7.264234097313637672e-02
-3.834997443456768240e-02
1.479577964470587918e-02
-6.455690009329478896e-02
-4.140358194954171789e-02
2.770944461596078559e-02
-2.669449585888126683e-02
3.140007991561528239e-02
7.524506211722759366e-03
-7.981957897647530553e-02
1.783695770971813199e-02
-2.221974464647385322e-02
-3.513830686857661451e-02
4.883157945701935981e-02
2.096587992599991193e-02
-1.957940850393918072e-03
-1.275157083357535831e-02
-7.943675323319077108e-03
1.908646655591527200e-02
-3.710460242009504250e-02
7.570534870449044385e-02
