-6.974885602341986124e-02
-8.293745957879872233e-02
-9.383303858073906156e-02
-1.026718102634750635e-01
-1.096734853222582906e-01
-1.150415389298489188e-01
-1.189636492583234784e-01
-1.216122625476531161e-01
-1.231452506713700268e-01
-1.237066330545037451e-01
-1.234273398340645506e-01
-1.224259974349079655e-01
-1.208097213661340624e-01
-1.186749041144629646e-01
-1.161079885989919624e-01
-1.131862198240204953e-01
-1.099783691820344217e-01
-1.065454273685601805e-01
-1.029412631187522076e-01
-9.921324600067799038e-02
-9.540283233556584586e-02
-9.154611398951691126e-02
-8.767433031916942177e-02
-8.381434397691758797e-02
-7.998908160793138933e-02
-7.621794071719693864e-02
-7.251716416365099060e-02
-6.890018386180490895e-02
-6.537793534893701630e-02
-6.195914491640129584e-02
-5.865059101400629110e-02
-5.545734162281425877e-02
-5.238296925920710168e-02
-4.942974522595236508e-02
-4.659881466787535453e-02
-4.389035392359028065e-02
-4.130371159304558476e-02
-3.883753466543177213e-02
-3.648988097494914457e-02
-3.425831917438473817e-02
-3.214001733947786932e-02
-3.013182124151221608e-02
-2.823032325211675270e-02
-2.643192277338576868e-02
-2.473287901850420439e-02
-2.312935690334062128e-02
-2.161746674810928470e-02
-2.019329843029228633e-02
-1.885295057557775586e-02
-1.759255532259165061e-02
-1.640829914961561969e-02
-1.529644020720480509e-02
-1.425332255953212779e-02
-1.327538769926247912e-02
-1.235918366565938106e-02
-1.150137206329945525e-02
-1.069873324906478636e-02
-9.948169927844429522e-03
-9.246709372451339393e-03
-8.591504460498446474e-03
-7.979833700229655921e-03
-7.409100398426578249e-03
-6.876831106371770683e-03
-6.380673464314042843e-03
-5.918393550826479138e-03
-5.487872830754943546e-03
-5.087104784014064018e-03
-4.714191287193848084e-03
-4.367338810696392952e-03
-4.044854485837406401e-03
-3.745142088936598453e-03
-3.466697982806346209e-03
-3.208107050156104936e-03
-2.968038648193963881e-03
-2.745242609064528147e-03
-2.538545306656666330e-03
-2.346845806693690327e-03
-2.169112113833770485e-03
-2.004377526716241264e-03
-1.851737109449763706e-03
-1.710344285914266581e-03
-1.579407561407261944e-03
-1.458187374575902959e-03
-1.345993081211757994e-03
-1.242180070320713292e-03
-1.146147011893261037e-03
-1.057333234970169334e-03
-9.752162339069850305e-04
-8.993093001713663246e-04
-8.291592765449810280e-04
-7.643444302334666089e-04
-7.044724411015211270e-04
-6.491785010351410401e-04
-5.981235202796169074e-04
-5.509924365016871575e-04
-5.074926222697123332e-04
-4.673523866300098887e-04
-4.303195664747867539e-04
-3.961602034420049975e-04
-3.646573021555123096e-04
