-3.820779936624488921e-02
6.984706069675686475e-03
-6.055120903882597883e-02
-9.098924283935499666e-03
3.887622252680000834e-02
1.373968597261834013e-01
-6.428671696763281485e-02
-7.101424841627131113e-02
3.523379579494379660e-02
-1.164439319977906284e-01
4.584457754703726018e-02
1.988717085182278160e-02
1.246347053473235433e-01
-4.229364846084973650e-02
-2.084193745036758225e-03
-3.249303083274762693e-02
-5.016871249958394785e-02
1.489733992651660344e-01
-1.455377737539481908e-01
-7.318947256147710634e-02
-5.472617918017955857e-02
-6.250183691554735133e-02
1.885327750276767356e-01
-1.407350192175186969e-02
1.800797450161216451e-01
9.833691262139868106e-02
7.510569714542350561e-03
2.386908636390640270e-01
4.696823069073239459e-03
2.708503781698646390e-02
1.071008539518972097e-01
6.506431716828231515e-02
-4.338190304399236474e-02
8.350692989412644707e-02
8.255959570370309530e-02
-3.038171217722322737e-02
1.335695740346397667e-02
-4.130791825246724058e-02
-9.648723559263847060e-02
6.264564649887509329e-02
-5.835091082287235942e-02
7.289849762999152730e-03
1.040389423010119191e-03
1.172853872037735445e-01
-4.189478788862319864e-02
-8.167171087919668226e-02
8.097477538638812866e-02
1.976090273013614007e-01
7.328801013624676713e-04
2.297248050918344886e-02
1.303511917335821169e-01
-3.992557656376593406e-02
-2.024045750520428802e-02
-4.883968847196878960e-02
3.162925570464178437e-02
-9.511500040608919515e-02
2.596812543686817520e-02
-1.351027792941826566e-01
-1.993193972786953469e-02
1.685774882536674735e-01
-7.488065114456623345e-03
3.166114641979510952e-02
5.836380997678433658e-02
5.223691659475019483e-02
1.329593989656064623e-01
-4.077031456748211186e-02
8.617301027980130146e-02
6.018743572139101383e-02
3.204425066622510615e-02
-1.093460538306031404e-01
5.455142235791286820e-02
9.342369393855559645e-02
-2.866275731547084926e-01
-5.403003422684965126e-03
1.269521540677450433e-01
-1.011103637885518158e-01
1.322050153710373037e-02
-1.661042814752068941e-01
1.092606543477991632e-01
4.169581814998028074e-02
2.307488881429021199e-01
2.567025888773503961e-02
-2.915604435347529319e-02
5.075741158961102201e-02
-2.099210483966185981e-01
-1.817185312292159127e-01
-2.950946082029725845e-02
1.830403346451803248e-02
4.691205926444402124e-02
1.434235019526630683e-02
-1.773374887195662206e-02
-1.797027198460044994e-01
-7.309947319770029872e-02
1.184831286001396672e-01
1.473486569140770516e-02
3.186958752270846462e-02
-9.063645535067153813e-02
1.456619116659190437e-02
1.620203203220218352e-02
-4.197567920922223861e-02
