1.092031840537803500e-01
9.661963117843230808e-02
8.732274011750972009e-02
8.062196642425326076e-02
7.594546072971458672e-02
7.282211089811463367e-02
7.086608134893099264e-02
6.976352221989431945e-02
6.926116212597105415e-02
6.915653436290201961e-02
6.928961809980432873e-02
6.953570392527749777e-02
6.979931751640651438e-02
7.000905659741496478e-02
7.011321510437973359e-02
7.007608489220107373e-02
6.987483969050443944e-02
6.949691858395384836e-02
6.893783727803186323e-02
6.819936500633300147e-02
6.728801330966270589e-02
6.621379022038524631e-02
6.498917974935458641e-02
6.362831211346409166e-02
6.214629496152920818e-02
6.055868004474294908e-02
5.888104341435283773e-02
5.712866038295724008e-02
5.531625921793333067e-02
5.345783989956721244e-02
5.156654631947862194e-02
4.965458205815970888e-02
4.773316140003319719e-02
4.581248855204818338e-02
4.390175915520584671e-02
4.200917914180038459e-02
4.014199681579053158e-02
3.830654473811753030e-02
3.650828859914141689e-02
3.475188077079836152e-02
3.304121666389490952e-02
3.137949238187080769e-02
2.976926247070887932e-02
2.821249682355713925e-02
2.671063601509974378e-02
2.526464452087778811e-02
2.387506142591499375e-02
2.254204834973045843e-02
2.126543441508101442e-02
2.004475816899262131e-02
1.887930642975889708e-02
1.776815008514620597e-02
1.671017690722631857e-02
1.570412147993213714e-02
1.474859235819916611e-02
1.384209659378273297e-02
1.298306177369530634e-02
1.216985572367886188e-02
1.140080403205521314e-02
1.067420554939223047e-02
9.988346017283357414e-03
9.341509975664163620e-03
8.731991092901457072e-03
8.158101056736023066e-03
7.618177157328097880e-03
7.110588686380418799e-03
6.633742268791174845e-03
6.186086235672904297e-03
5.766114139988154016e-03
5.372367508596096082e-03
5.003437917251677726e-03
4.657968468107709890e-03
4.334654742581734235e-03
4.032245296092818072e-03
3.749541755166944500e-03
3.485398571763134029e-03
3.238722484389320623e-03
3.008471730654450112e-03
2.793655051334821733e-03
2.593330521808308396e-03
2.406604242816910797e-03
2.232628918942175782e-03
2.070602349903315036e-03
1.919765856798194385e-03
1.779402662685758722e-03
1.648836244438089006e-03
1.527428670554126493e-03
1.414578937608850905e-03
1.309721316195243184e-03
1.212323715586197245e-03
1.121886074885100181e-03
1.037938787132717698e-03
9.600411616813080097e-04
8.877799291218018470e-04
8.207677921447606179e-04
7.586420249197461897e-04
7.010631228803227040e-04
6.477135041938721560e-04
5.982962636678174030e-04
5.525339793887348427e-04
