1.089520015181731361e-01
3.833617004163359103e-04
5.001070867666513459e-02
1.570759144293442100e-01
9.076570348952123224e-02
1.314194344664027236e-01
6.123307709724393200e-02
1.747131939530149058e-01
4.261664241358870814e-02
4.934875249766065841e-02
2.554193281621554637e-02
1.076912429052380715e-01
-3.901703635997920416e-02
1.298869632533864449e-01
6.195586213965587064e-02
-2.592554388101498894e-02
-2.435021256337973825e-02
-3.931071773247263312e-02
1.525642659487239094e-01
5.549564867856545541e-02
7.281552828707937072e-04
-1.069507825382074867e-01
4.908866187915932738e-02
1.259611986104378634e-01
2.470683529256932978e-02
3.803377879632063863e-02
3.127328926693594829e-02
-3.091355927592435299e-02
9.060265197384644031e-02
6.188448599338688266e-02
6.064365847218214367e-03
-6.560162646283848598e-02
1.947500623824630073e-01
6.043390732030626267e-03
8.510353330144518336e-02
-1.171486802007011378e-02
1.844963652629463824e-01
1.513578384994511139e-01
-2.613783414434328947e-02
5.066937455275571933e-02
1.007445487375348836e-01
1.344759212384484884e-02
5.434280272875547518e-02
4.306961933158007239e-02
9.502259197887723274e-02
8.650968188749665055e-02
2.521027467920472498e-02
-1.146584926713139357e-01
-6.077794063131224936e-04
5.562879811883967435e-02
2.016048468785389125e-02
2.426967067772829723e-02
5.017631263415760212e-02
6.972184075156390853e-03
5.117687850096386271e-02
7.483747540977007950e-02
4.904204129425746711e-02
8.627746962993960989e-02
1.365069809337561210e-02
9.851551330288678410e-02
-9.265578774598126621e-02
4.357380751989468892e-02
-3.739321455643666164e-02
-3.248844257666652635e-02
-2.373946896816743479e-02
-1.946940398465147118e-02
1.094035001126444084e-01
1.944616198932669696e-02
2.754842197841938112e-03
-4.624431314533267168e-02
-5.836132946163295060e-02
-4.531764642670104391e-03
-5.024361751041904467e-02
5.607018336372165263e-02
3.828053912676417786e-02
1.370737168121887450e-01
-1.749947212111379116e-02
2.176239691968135936e-01
-5.165343158517592126e-02
-5.073113609526804652e-02
9.161674243916211047e-02
7.302044874251271966e-02
-9.214985778371183323e-02
-1.201665417578757084e-01
9.363775964660635276e-02
-4.579622437938293128e-02
2.068888159528268350e-02
4.509058796479807618e-02
-3.653799227355440660e-02
5.677424578345236644e-02
7.990440242429803358e-03
2.199911785936871714e-03
-8.526578202969228859e-02
-3.261664082958504272e-03
3.231701873515780560e-02
-1.123978584993098051e-01
-5.077273522316910759e-02
-6.200978777748927806e-02
-8.296488169636445642e-02
9.274951638684757194e-02
