4.177121334263236840e-02
6.172259334909536987e-02
2.368080118096454762e-03
3.419069561683781011e-02
3.970029476322809586e-02
2.685554863797730632e-02
9.728040528786513139e-03
3.924299304444362098e-03
2.254730686159723153e-03
-3.014334169359357942e-04
4.779816481093002167e-02
6.316882386907954339e-02
3.579209276809604268e-02
2.218817618941053282e-02
-7.128508607476787169e-03
9.896896667370942008e-03
2.796475435989822025e-02
1.089620760331083335e-02
7.880539253402962796e-02
3.726077524917796591e-02
2.511004617810853878e-02
-8.489969705963119895e-02
5.241196438298981880e-02
8.215651050585701110e-02
5.042501109227789241e-02
-1.389093255966999648e-03
-3.780428110089131821e-02
2.735155657488791414e-02
2.479568676911472758e-02
-1.070051465943353160e-03
3.422892672145870507e-02
-2.126974288771706773e-02
5.432829458961875579e-02
-3.663402047063366290e-03
2.676354963924936544e-03
-5.668341927597104341e-02
2.207816520769755042e-04
-1.772075054401917385e-02
-2.719895785712539774e-02
3.697061497284295090e-02
3.287267236523912228e-02
1.007179615711475129e-01
-3.755780564331598348e-02
6.586351567445089539e-02
4.664091735163793800e-02
4.675536263395509151e-02
2.669434610405444983e-02
4.232382143343925429e-02
1.655318373870326085e-02
-4.816931246234636838e-02
-7.751209475267963230e-03
2.981611123123693169e-02
1.222836211735150586e-01
4.770723013007330260e-02
-7.218291786468170913e-03
1.356731911821063875e-02
2.567315778059675851e-03
9.125846730243265120e-04
3.711550988403405915e-02
-2.439163392725676380e-02
1.577555806578589612e-02
2.004475468278297395e-02
-8.171503783326186654e-02
-4.167794567065933459e-02
-3.233792454042088566e-02
7.898824882350889698e-02
-3.525006222972385667e-02
2.987951913063903453e-02
4.495207235554197350e-02
3.884052381477682420e-02
-6.657589138039774921e-04
1.553472411949745682e-02
8.145831079060386615e-02
-1.270696419686652423e-01
-1.459267301273807493e-02
1.919249241173163686e-02
-1.068195092196671525e-01
-4.693361253282198747e-02
-9.628261621689813282e-03
2.779058409909910318e-03
-1.448065823165751997e-02
-1.105604222075103928e-02
5.984956169223720063e-02
-5.507089630596949392e-02
2.630706739177938319e-02
2.507591511138159129e-03
-5.290404104914962768e-02
-6.256209785066429996e-02
-1.874765489481361458e-02
-5.939758329530661282e-03
-1.782245427597888010e-02
7.557735324072860361e-02
3.995303520441619710e-02
1.233540818801714956e-02
1.488940699104035134e-02
2.608858589592676427e-02
4.725379786108243468e-02
-1.280362092098354110e-01
-5.385365370717023516e-03
3.641118434126784653e-02
