1.159985158245469827e-01
9.861484325095333514e-02
8.541795354387381189e-02
7.558488107196349726e-02
6.842884231104166826e-02
6.337910754230945132e-02
5.996362839147049290e-02
5.779406393101725603e-02
5.655289254261875592e-02
5.598233584573722443e-02
5.587485537370881494e-02
5.606501287813042689e-02
5.642251166052664885e-02
5.684625960372814701e-02
5.725931499026933047e-02
5.760459409257344399e-02
5.784123520110813488e-02
5.794152748819693388e-02
5.788832512170018207e-02
5.767287755165353275e-02
5.729301607707572297e-02
5.675164482080585077e-02
5.605549123958658564e-02
5.521407739994534797e-02
5.423887856809395808e-02
5.314264029122069133e-02
5.193882917369346819e-02
5.064119605004359370e-02
4.926343329329339882e-02
4.781891063035254019e-02
4.632047611689375094e-02
4.478031089715774765e-02
4.320982807886589172e-02
4.161960752433500194e-02
4.001935962623442283e-02
3.841791222668528016e-02
3.682321577477089963e-02
3.524236262028938860e-02
3.368161702847478900e-02
3.214645308693760833e-02
3.064159817575683523e-02
2.917108009629596280e-02
2.773827631420033510e-02
2.634596407611992930e-02
2.499637041578418178e-02
2.369122127990817839e-02
2.243178918391419002e-02
2.121893895671304528e-02
2.005317125722522187e-02
1.893466364676030939e-02
1.786330908411873017e-02
1.683875177718916621e-02
1.586042037834476184e-02
1.492755855320968342e-02
1.403925298519224409e-02
1.319445890311928167e-02
1.239202323769478774e-02
1.163070552548071956e-02
1.090919668763138360e-02
1.022613581552880846e-02
9.580125097463263253e-03
8.969743020171554171e-03
8.393555976881836300e-03
7.850128409934081092e-03
7.338031611398231589e-03
6.855851299684908445e-03
6.402194084176145161e-03
5.975692923590297453e-03
5.575011677295804019e-03
5.198848842230821381e-03
4.845940561571808122e-03
4.515062984904459446e-03
4.205034053446226466e-03
3.914714777897648768e-03
3.643010070793419215e-03
3.388869189806271044e-03
3.151285843342217438e-03
2.929298004961318133e-03
2.721987478665962266e-03
2.528479252915804762e-03
2.347940677348373754e-03
2.179580492598317577e-03
2.022647740304760015e-03
1.876430577363038784e-03
1.740255015700372439e-03
1.613483606320850489e-03
1.495514084058673088e-03
1.385777987385627399e-03
1.283739265724719025e-03
1.188892885012619600e-03
1.100763440715613571e-03
1.018903786123616113e-03
9.428936825122569837e-04
8.723384766618684592e-04
8.068678102432085301e-04
7.461343647123296410e-04
6.898126445910476813e-04
6.375978013358297785e-04
5.892044994077940551e-04
5.443658256419970417e-04
