1.967516806233836693e-02
3.086933127253508550e-03
-8.979307030398883671e-03
-1.738081722379242536e-02
-2.283868061234773511e-02
-2.595728392284991221e-02
-2.724120085049268683e-02
-2.710980441719215012e-02
-2.590989852517452258e-02
-2.392662323371960373e-02
-2.139285684365711815e-02
-1.849731019967732620e-02
-1.539148427369421701e-02
-1.219564068297187415e-02
-9.003915978977747314e-03
-5.888694011267521511e-03
-2.904336154752142074e-03
-9.035644936470493827e-05
2.525882472911057663e-03
4.926886594229760996e-03
7.103103352892208011e-03
9.051300137983137040e-03
1.077320502848891359e-02
1.227437211814041279e-02
1.356323879113438546e-02
1.465034670063668221e-02
1.554770202942740154e-02
1.626825394883067016e-02
1.682547309862017504e-02
1.723301444012690503e-02
1.750445103413373824e-02
1.765306720552874131e-02
1.769170121433594547e-02
1.763262898949104901e-02
1.748748172555412983e-02
1.726719121800923337e-02
1.698195774144451928e-02
1.664123607563572013e-02
1.625373597393784536e-02
1.582743396093626298e-02
1.536959385472309696e-02
1.488679384456194528e-02
1.438495832679883603e-02
1.386939301915865452e-02
1.334482214344216364e-02
1.281542669557289744e-02
1.228488301556602234e-02
1.175640103320832117e-02
1.123276170231397864e-02
1.071635325106341449e-02
1.020920597135942937e-02
9.713025349137992953e-03
9.229223402567085510e-03
8.758948148147389229e-03
8.303111157700382439e-03
7.862413203650237686e-03
7.437368017219447847e-03
7.028324205317847649e-03
6.635485388002399301e-03
6.258928630269645042e-03
5.898621250339962027e-03
5.554436092122414133e-03
5.226165352737722342e-03
4.913533057272067607e-03
4.616206272714587326e-03
4.333805151615246001e-03
4.065911893655780630e-03
3.812078710278229456e-03
3.571834873950318658e-03
3.344692929718812158e-03
3.130154142538041709e-03
2.927713249564984320e-03
2.736862582268156062e-03
2.557095618872603452e-03
2.387910023410206098e-03
2.228810223504375937e-03
2.079309575022468114e-03
1.938932157900197240e-03
1.807214243796438462e-03
1.683705472784106320e-03
1.567969773029003009e-03
1.459586054355758306e-03
1.358148703747021589e-03
1.263267908165655951e-03
1.174569827624529330e-03
1.091696639148070479e-03
1.014306470166302567e-03
9.420732379473658897e-04
8.746864098997199138e-04
8.118506979511910110e-04
7.532856987297521399e-04
6.987254899211267547e-04
6.479181919521898600e-04
6.006255030378835139e-04
5.566222146245512021e-04
5.156957133562027097e-04
4.776454748744237040e-04
4.422825540302460019e-04
4.094290754302818661e-04
3.789177276533942898e-04
