4.733741932650291362e-02
3.882001007034022871e-02
3.242276641298703216e-02
2.773101125910139297e-02
2.439819278226100160e-02
2.213587421384767551e-02
2.070508797646530147e-02
1.990887790387193754e-02
1.958587516938298939e-02
1.960477279097681130e-02
1.985958050326241259e-02
2.026555665778675963e-02
2.075572687601392671e-02
2.127791064784546882e-02
2.179218713209579369e-02
2.226874024122080936e-02
2.268603082866931658e-02
2.302925057407616966e-02
2.328901809445502180e-02
2.346028300035888497e-02
2.354140815447377036e-02
2.353340435551346671e-02
2.343929513244709731e-02
2.326359235458354269e-02
2.301186599610580835e-02
2.269039368706864124e-02
2.230587767870332791e-02
2.186521858612404390e-02
2.137533677875257110e-02
2.084303359659165841e-02
2.027488570402879303e-02
1.967716687422925784e-02
1.905579234576874892e-02
1.841628162597166996e-02
1.776373624737896326e-02
1.710282952793925129e-02
1.643780585334923827e-02
1.577248740148319561e-02
1.511028657281213508e-02
1.445422268478203237e-02
1.380694173898871710e-02
1.317073828349462662e-02
1.254757857387332060e-02
1.193912438997867670e-02
1.134675699488107113e-02
1.077160083125301877e-02
1.021454664164111147e-02
9.676273775065321811e-03
9.157271505437087830e-03
8.657859239289002196e-03
8.178205532906013611e-03
7.718345873564782730e-03
7.278199207449462076e-03
6.857583218976536117e-03
6.456228383636705356e-03
6.073790829827961472e-03
5.709864055180103801e-03
5.363989550127484796e-03
5.035666386462230547e-03
4.724359831708988162e-03
4.429509051756750672e-03
4.150533964561749570e-03
3.886841307149035626e-03
3.637829976800591777e-03
3.402895705401648083e-03
3.181435123571378643e-03
2.972849268551785908e-03
2.776546586969564929e-03
2.591945480602565570e-03
2.418476440241605456e-03
2.255583809693296592e-03
2.102727218962700383e-03
1.959382722718784955e-03
1.825043677306172453e-03
1.699221386842064349e-03
1.581445546340721911e-03
1.471264507348347050e-03
1.368245389253661343e-03
1.271974057266172858e-03
1.182054986024930849e-03
1.098111025913284895e-03
1.019783087406492435e-03
9.467297571641739105e-04
8.786268580932630849e-04
8.151669642431755205e-04
7.560588801471016755e-04
7.010270930848849693e-04
6.498112057072940023e-04
6.021653555218856859e-04
5.578576268904744629e-04
5.166694604211404321e-04
4.783950639473867226e-04
4.428408286676455250e-04
4.098247534640852164e-04
3.791758799252020794e-04
3.507337401569348648e-04
3.243478190771737109e-04
2.998770325441337719e-04
2.771892223658958300e-04
2.561606689726582072e-04
