1.178105924452192976e-01
1.050705401041017589e-01
9.559558162496933909e-02
8.869816395505103479e-02
8.380929593462703442e-02
8.046056579248268836e-02
7.826866388858576273e-02
7.692208185601523418e-02
7.616970061134616110e-02
7.581101599940054392e-02
7.568778270869229441e-02
7.567688506336787968e-02
7.568426783030382521e-02
7.563978168655921541e-02
7.549281683500777551e-02
7.520861475472212510e-02
7.476516251005003999e-02
7.415058666760267203e-02
7.336097490347293082e-02
7.239856301783104131e-02
7.127023348153685434e-02
6.998627897017073440e-02
6.855939072757705199e-02
6.700383716041982685e-02
6.533480290015444836e-02
6.356786276962353432e-02
6.171856873768594154e-02
5.980213110673604504e-02
5.783317791603069524e-02
5.582557891228262514e-02
5.379232248527045929e-02
5.174543573171010852e-02
4.969593933166542576e-02
4.765383023016872555e-02
4.562808624033876104e-02
4.362668764749263323e-02
4.165665171785884469e-02
3.972407671912299432e-02
3.783419265942410126e-02
3.599141646074199841e-02
3.419940971422569254e-02
3.246113752966582611e-02
3.077892729836927133e-02
2.915452644628291345e-02
2.758915846939976116e-02
2.608357672238827835e-02
2.463811557932102728e-02
2.325273870693505066e-02
2.192708428999893405e-02
2.066050712851818377e-02
1.945211759062867585e-02
1.830081745564990370e-02
1.720533272107321529e-02
1.616424347711679921e-02
1.517601097448784478e-02
1.423900202651821878e-02
1.335151089704789823e-02
1.251177883130720307e-02
1.171801138943282493e-02
1.096839374185079943e-02
1.026110408316623264e-02
9.594325316914863178e-03
8.966255157970531853e-03
8.375114792911534517e-03
7.819156231513304037e-03
7.296668474987826059e-03
6.805982618823112028e-03
6.345476000241168264e-03
5.913575492512855927e-03
5.508760040738286574e-03
5.129562526295456705e-03
4.774571040033315228e-03
4.442429637477899804e-03
4.131838642859196088e-03
3.841554562669018211e-03
3.570389663734740114e-03
3.317211265442482696e-03
3.080940790762365638e-03
2.860552616110156095e-03
2.655072755813188152e-03
2.463577413019997324e-03
2.285191425288034175e-03
2.119086629785341125e-03
1.964480170033365645e-03
1.820632763381594896e-03
1.686846945923084744e-03
1.562465309315719817e-03
1.446868741950465718e-03
1.339474685088479439e-03
1.239735412957858069e-03
1.147136344343186983e-03
1.061194391902257504e-03
9.814563542911291117e-04
9.074973551581671464e-04
8.389193321679415177e-04
7.753495784258261636e-04
7.164393379833109646e-04
6.618624565029679547e-04
6.113140876416885659e-04
5.645094552631713851e-04
