-3.853079300083878111e-02
-7.944749060075684266e-02
-1.106835937807455761e-01
-1.338579737297288796e-01
-1.503550723554178958e-01
-1.613561904676677483e-01
-1.678668173672296926e-01
-1.707404839680821407e-01
-1.706995645222787739e-01
-1.683534015598373013e-01
-1.642140840522662570e-01
-1.587101693905401123e-01
-1.521986049450628209e-01
-1.449750742212221333e-01
-1.372829654734319393e-01
-1.293211366795085637e-01
-1.212506296389269517e-01
-1.132004673175568410e-01
-1.052726521293228246e-01
-9.754646836608210636e-02
-9.008217923413722183e-02
-8.292419772831832736e-02
-7.610380069451852525e-02
-6.964144674133876389e-02
-6.354875102155765898e-02
-5.783016319096874469e-02
-5.248438895642702773e-02
-4.750559045002795966e-02
-4.288439612669832368e-02
-3.860874690250978847e-02
-3.466460176391795989e-02
-3.103652302484832814e-02
-2.770815873695756798e-02
-2.466263742245504431e-02
-2.188288825794846432e-02
-1.935189805602655772e-02
-1.705291483709753947e-02
-1.496960642949274334e-02
-1.308618135645504485e-02
-1.138747824273195902e-02
-9.859029082028725882e-03
-8.487100932786994373e-03
-7.258719938891902007e-03
-6.161680991008441216e-03
-5.184545841916018277e-03
-4.316632055438016091e-03
-3.547994794570939053e-03
-2.869403132496846365e-03
-2.272312293557985502e-03
-1.748832994064804941e-03
-1.291698849812679406e-03
-8.942326438654800425e-04
-5.503121005574276858e-04
-2.543356863051234734e-04
-1.188851684211927884e-06
2.137889603299227004e-04
3.948362903282692099e-04
5.458004360011994849e-04
6.701668890467457618e-04
7.710873446836481043e-04
8.514062287054719597e-04
9.136857161429565860e-04
9.602292391421695522e-04
9.931035004680744890e-04
1.014159023842242137e-03
1.025049283753894612e-03
1.027248465990425637e-03
1.022067916386031061e-03
1.010671339586391871e-03
9.940888123171984919e-04
9.732296770178544727e-04
9.488943820082497253e-04
9.217853338079375070e-04
8.925168260023362901e-04
8.616241073006072719e-04
8.295716492813707231e-04
7.967606718811992041e-04
7.635359820348109738e-04
7.301921780977719406e-04
6.969792698318327904e-04
6.641077608582465677e-04
6.317532376244796438e-04
6.000605061156230689e-04
5.691473147977313841e-04
5.391076996247210450e-04
5.100149843871873640e-04
4.819244672402329434e-04
4.548758219246913778e-04
4.288952399957955816e-04
4.039973382969154524e-04
3.801868539633680320e-04
3.574601474108274508e-04
3.358065320518393974e-04
3.152094478888119188e-04
2.956474946483484420e-04
2.770953387452712970e-04
2.595245070900861935e-04
2.429040795758002718e-04
2.272012909935999391e-04
2.123820521266073930e-04
