1.007374308392489787e-02
4.498708918066815846e-03
-1.540507985225326223e-03
-7.768609397509619943e-03
-1.397147608227172072e-02
-1.998578115068710623e-02
-2.569014382914476535e-02
-3.099761332851169379e-02
-3.584929964757686827e-02
-4.020899192287970270e-02
-4.405862575805308268e-02
-4.739447918441439672e-02
-5.022399283545164739e-02
-5.256312383863938342e-02
-5.443415508345370024e-02
-5.586389213031302259e-02
-5.688218927158993077e-02
-5.752075431029643471e-02
-5.781218863200282554e-02
-5.778922524078008299e-02
-5.748413272462389589e-02
-5.692825771030046028e-02
-5.615168235007370751e-02
-5.518297683082056676e-02
-5.404902987765427408e-02
-5.277494279905437652e-02
-5.138397484100570844e-02
-4.989752952966617500e-02
-4.833517332581344084e-02
-4.671467932495358688e-02
-4.505208994529320832e-02
-4.336179357869324180e-02
-4.165661106074766001e-02
-3.994788856578357361e-02
-3.824559416876345541e-02
-3.655841585438081992e-02
-3.489385920766407273e-02
-3.325834340195188421e-02
-3.165729441944736128e-02
-3.009523470561233094e-02
-2.857586867915634654e-02
-2.710216370100587691e-02
-2.567642625419905289e-02
-2.430037320714576593e-02
-2.297519812944078671e-02
-2.170163270613713682e-02
-2.048000335627829516e-02
-1.931028320729793676e-02
-1.819213961097652932e-02
-1.712497741101040583e-02
-1.610797818861506997e-02
-1.514013572241513367e-02
-1.422028790340610846e-02
-1.334714534606024419e-02
-1.251931693357458998e-02
-1.173533252956800513e-02
-1.099366308084941297e-02
-1.029273832671909195e-02
-9.630962320059305304e-03
-9.006726954573402583e-03
-8.418423681232330494e-03
-7.864453585519194309e-03
-7.343235985613057355e-03
-6.853215700371060801e-03
-6.392869124969100848e-03
-5.960709241432417260e-03
-5.555289681094481742e-03
-5.175207946310177165e-03
-4.819107889547998187e-03
-4.485681539312860906e-03
-4.173670354212614952e-03
-3.881865978876231343e-03
-3.609110568351367281e-03
-3.354296741040455661e-03
-3.116367214160373125e-03
-2.894314170110788998e-03
-2.687178396988721980e-03
-2.494048241767742990e-03
-2.314058410345721292e-03
-2.146388644730435214e-03
-1.990262304053143361e-03
-1.844944872852585403e-03
-1.709742417132040703e-03
-1.584000006037622130e-03
-1.467100114614934125e-03
-1.358461020952998928e-03
-1.257535209099001731e-03
-1.163807787406533198e-03
-1.076794930445975533e-03
-9.960423512420624962e-04
-9.211238093952776179e-04
-8.516396595761599204e-04
-7.872154439417616790e-04
-7.275005311990666778e-04
-6.721668043198825897e-04
-6.209073982852271424e-04
-5.734354886948728322e-04
-5.294831316108822121e-04
-4.888001546045494953e-04
-4.511530986369646258e-04
