1.651761741751404250e-02
5.656481337428787698e-03
-2.095504503061852361e-03
-7.345126382449394635e-03
-1.060104919380622582e-02
-1.228802329670900841e-02
-1.275917830542310991e-02
-1.230664856087024944e-02
-1.117074489187890735e-02
-9.547860733780545034e-03
-7.597277318471731128e-03
-5.447012106782962021e-03
-3.198836571368580961e-03
-9.325735643303592615e-04
1.290229439939435951e-03
3.423167178147869250e-03
5.432310201345318112e-03
7.293941362603639789e-03
8.992639561241518725e-03
1.051966234918383369e-02
1.187158533753523981e-02
1.304916188159767343e-02
1.405637136623986636e-02
1.489962864530237907e-02
1.558713088316693307e-02
1.612832126946719957e-02
1.653345188708772728e-02
1.681323046009989761e-02
1.697853783702907987e-02
1.704020491535507276e-02
1.700883932018204189e-02
1.689469354413581509e-02
1.670756746361405642e-02
1.645673919211683087e-02
1.615091913523036826e-02
1.579822289209332695e-02
1.540615932077579221e-02
1.498163066390772492e-02
1.453094212833522594e-02
1.405981873926251575e-02
1.357342765461704709e-02
1.307640443743809770e-02
1.257288205008192175e-02
1.206652156019792296e-02
1.156054374019895026e-02
1.105776090406533282e-02
1.056060846191166080e-02
1.007117578739689760e-02
9.591236088889055350e-03
9.122275055012165831e-03
8.665518111150748853e-03
8.221956177697737483e-03
7.792369865061791676e-03
7.377352076217182086e-03
6.977329016192205559e-03
6.592579630477003391e-03
6.223253511857909995e-03
5.869387328483621595e-03
5.530919835750934196e-03
5.207705541472802332e-03
4.899527098277555240e-03
4.606106499727041434e-03
4.327115157606926076e-03
4.062182937551057742e-03
3.810906228880565731e-03
3.572855122490472407e-03
3.347579767989830851e-03
3.134615978250732474e-03
2.933490146176132365e-03
2.743723534961678250e-03
2.564835999488979112e-03
2.396349192816545157e-03
2.237789308085510239e-03
2.088689402574036517e-03
1.948591347150794174e-03
1.817047441019567890e-03
1.693621728432609125e-03
1.577891050992617132e-03
1.469445866270411953e-03
1.367890860741961725e-03
1.272845382495479613e-03
1.183943716775896033e-03
1.100835225216771976e-03
1.023184367554155413e-03
9.506706227171007884e-04
8.829883244390875985e-04
8.198464249260478502e-04
7.609681986427152284e-04
7.060908969317642499e-04
6.549653629518421664e-04
6.073556153035053733e-04
5.630384076984773804e-04
5.218027711103031359e-04
4.834495440161541181e-04
4.477908955934210866e-04
4.146498460643489588e-04
3.838597877810587147e-04
3.552640101061248050e-04
3.287152306648983549e-04
3.040751351199161832e-04
