3.550176359564558015e-02
3.112002752869524533e-02
-2.746365785453705466e-02
-2.889895817078385123e-02
-7.201184999164754463e-02
-4.850367896528656741e-02
7.947253086579457448e-02
-1.384791962507355145e-01
-2.742559390905828509e-02
-2.944325346521025483e-02
2.926321727099688921e-02
-9.388830674633943940e-02
-7.615653617261383679e-02
2.055192697808200242e-02
-4.641714984312728803e-02
-2.889355071790698781e-02
-9.421971086665208162e-02
1.023325828511172098e-01
-7.085274403637893681e-02
-1.128377291820366057e-01
-4.651821491671859904e-02
-6.040858213076932132e-02
-1.679940554665776686e-01
2.554969776649966898e-02
-2.301070765286547248e-01
-1.231878991765485848e-01
-9.879946473373847626e-02
-8.617720171669696408e-03
-9.199799510311863771e-02
-3.880702808769968121e-02
9.989999991611715757e-02
-1.224331705528760861e-01
-4.965367355029010055e-02
-2.008956234241782435e-01
-1.174392857267555872e-02
3.352777678630279590e-02
2.669630564016056348e-02
-6.219516111069354342e-02
5.174131010568241811e-03
3.748317036924873891e-02
3.994682773104973536e-03
-4.873357994711581542e-02
-6.982607773694443631e-02
4.438536725861629006e-02
-5.341961573078209818e-02
-1.006492731489388136e-02
-8.022566747183029062e-03
-3.857979022632492677e-02
3.194193479438731109e-02
1.034442536422281594e-01
-1.231533916392549277e-01
6.250332332998882745e-02
-1.151726799817006930e-01
9.782350955476674936e-02
8.185719714397721170e-02
-5.417237583311600851e-02
-6.814919446265557679e-02
-1.127989169583288737e-01
-5.916588106738125685e-02
4.299082657431924082e-02
-5.909294517190322171e-02
4.101114810974152564e-02
-4.281352494660017362e-03
-7.258879285517138777e-03
-1.683268801017577254e-01
-1.024938478788161161e-01
9.656358410040477569e-03
-8.930427359912500307e-02
-8.080190481626245425e-02
3.142265966083212375e-02
1.648094920999368385e-02
9.180778277513262919e-02
-8.021858838472619227e-03
4.962268611851580052e-02
-1.802200457742460932e-02
4.000391703440655394e-02
9.536098327347418413e-02
5.705248540182720346e-02
2.442489714320521602e-02
-1.968361106943853633e-01
5.121976183833557711e-02
-4.335390284473349815e-02
-4.814189941988784860e-02
-3.788973231208846160e-02
9.227306387716187937e-04
2.249257048245422996e-01
-2.753902794157392364e-02
-1.265187905768406784e-01
-1.508829747385582835e-02
-5.007009400464845078e-02
2.085285328220748413e-02
4.532385902826702173e-02
6.168658074419445386e-02
5.619329179513601891e-02
-8.064111391114937855e-02
4.738111323290111060e-02
-2.534000280707797079e-02
1.028035562437065453e-01
-1.361701093968138987e-01
2.378256006245389048e-02
