1.345322258136595617e-01
1.264005268211401134e-01
1.192543617380658200e-01
1.129173549042427199e-01
1.072437167809619091e-01
1.021134544003505229e-01
9.742827021440852997e-02
9.310805657673243418e-02
8.908790499905785976e-02
8.531555976099039484e-02
8.174925459153405127e-02
7.835587914141223242e-02
7.510942896349007136e-02
7.198969883638875467e-02
6.898118461079948138e-02
6.607216342352456584e-02
6.325392619412861794e-02
6.052013986658574124e-02
5.786631994800293943e-02
5.528939658518457201e-02
5.278735975744693054e-02
5.035897119462322269e-02
4.800353239123406751e-02
4.572069961524810600e-02
4.351033813250393401e-02
4.137240901183766861e-02
3.930688286418022176e-02
3.731367572144526218e-02
3.539260299552179218e-02
3.354334808952634528e-02
3.176544277614028883e-02
3.005825692314792463e-02
2.842099554450380761e-02
2.685270149538708517e-02
2.535226241959687848e-02
2.391842080414718560e-02
2.254978620499478725e-02
2.124484888466642019e-02
2.000199425165339467e-02
1.881951761673328685e-02
1.769563888625922538e-02
1.662851689987719650e-02
1.561626319264411075e-02
1.465695502133181755e-02
1.374864754372366257e-02
1.288938507958478294e-02
1.207721141413327891e-02
1.131017913047612303e-02
1.058635797764607978e-02
9.903842296483377286e-03
9.260757537413028678e-03
8.655265912832828951e-03
8.085571232903793204e-03
7.549922977499189808e-03
7.046619659321176274e-03
6.574011534073874799e-03
6.130502713374615803e-03
5.714552735029200178e-03
5.324677643592718931e-03
4.959450631950437956e-03
4.617502292120219398e-03
4.297520520712064598e-03
3.998250121572637442e-03
3.718492145167482093e-03
3.457103001270215269e-03
3.212993378582427052e-03
2.985127002037046492e-03
2.772519255768227543e-03
2.574235697082854785e-03
2.389390484256403557e-03
2.217144738608175809e-03
2.056704859093157201e-03
1.907320805581581369e-03
1.768284365082197288e-03
1.638927413398499119e-03
1.518620183084416373e-03
1.406769547081986255e-03
1.302817326071829644e-03
1.206238626341163281e-03
1.116540213866352212e-03
1.033258929310137313e-03
9.559601477404258522e-04
8.842362860803047861e-04
8.177053605906893117e-04
7.560095960606041726e-04
6.988140878289258486e-04
6.458055172788978310e-04
5.966909210269273406e-04
5.511965136642518661e-04
5.090665635986291052e-04
4.700623212782969757e-04
4.339609988572710369e-04
4.005548001753570322e-04
3.696499997739859816e-04
3.410660695464518802e-04
3.146348515249885384e-04
2.901997752342139452e-04
2.676151179880375988e-04
2.467453064725448619e-04
2.274642579383749261e-04
