2.015604328063931236e-02
4.345461413693646469e-02
1.022917031670850935e-01
4.821597184287959581e-02
-7.010806987604818741e-02
-3.477372146303019801e-02
-6.261157820463623958e-02
-6.718707440160724687e-02
-2.480305132217952568e-02
-5.413973263286792764e-02
-5.883684585668662315e-02
-1.419407844653927143e-02
7.249825117641733874e-02
1.343792881690569763e-02
4.792414088776249248e-02
6.527366425900293923e-02
-5.382034213949480478e-02
-3.170572463448084743e-02
-4.091511982990435337e-02
2.867326466074741637e-03
3.948796173404773430e-02
-1.655770707448493348e-02
-3.218680428983928393e-02
-3.611107377998788726e-02
-3.380034279034280220e-02
-1.875169292785948405e-02
-1.100326599056646384e-02
3.112247205872384001e-02
-1.555582134562616750e-02
-5.624369507415014763e-02
-1.749462271564047877e-02
3.301430714829438860e-04
-3.484965826608222867e-03
4.130301986815679977e-02
7.663392155679306893e-03
1.713345775381852967e-02
-9.010912981446486669e-02
-2.339734626526506628e-02
2.395568008858616968e-02
6.793770013423724996e-02
1.559860140573419290e-02
3.947752348618151393e-03
8.145717213016556713e-02
-1.213968318885277203e-02
-5.808819513696819592e-02
4.747484982581079427e-02
-1.239227027318747648e-02
-1.558792212088245741e-02
1.005312098713526982e-02
5.302271440150563286e-02
2.566741718737040531e-02
-5.119245412549031093e-02
-6.093768309453526794e-02
2.958827526961604892e-02
4.167492246200793504e-02
-1.501664693058339141e-02
-4.756024770711964750e-02
-4.123567015071238906e-02
7.028824595002898003e-03
1.600738507924131387e-02
-1.479465091767976671e-02
-7.826970603070786126e-02
3.384276093552062662e-03
-3.877443168723248863e-03
4.351167532056569019e-04
1.371121286337807950e-03
-2.497750732328766696e-02
5.766528784575000385e-03
2.541974560861826743e-02
4.523759284908260292e-02
-2.614854553059688114e-02
1.255596377446516199e-02
-2.773241680135438841e-02
5.604563809223120710e-03
-3.965738982049062805e-02
-2.275047905884872157e-02
-5.863769606894228895e-03
-3.843534635578188530e-02
-7.899933676540883687e-02
5.288551132361788906e-03
-7.865557714961873143e-03
-3.548284664204307687e-02
3.737735262407990838e-02
-1.753301683198257160e-02
6.020384658246441534e-02
5.477408348235839747e-02
-1.838861903848413790e-02
7.943068037142828053e-02
7.277363428161673017e-03
-4.167591815575255772e-04
-3.521442286051848503e-02
7.954079331711358392e-02
5.801429955226649476e-02
-7.974222761705627603e-04
2.147486920473456670e-02
-1.438535430932330259e-02
-9.901039753715107621e-04
-8.201343362107822721e-03
2.536699838285133481e-03
2.385227398130598461e-02
