4.873222319130429692e-02
3.160540823189914028e-02
1.795461337207216596e-02
7.210777841585979536e-03
-1.112375279112397773e-03
-7.429508312549737425e-03
-1.209340819615866564e-02
-1.540347181020479232e-02
-1.761309251408806065e-02
-1.893608437853043502e-02
-1.955226417482412021e-02
-1.961229668435643739e-02
-1.924189610016648067e-02
-1.854546501054874993e-02
-1.760924250823761930e-02
-1.650402420283238539e-02
-1.528750919180468446e-02
-1.400632224523955249e-02
-1.269775347383836350e-02
-1.139125248340967789e-02
-1.010970938776276085e-02
-8.870550980965213189e-03
-7.686676793286856268e-03
-6.567256614408639032e-03
-5.518408310964013908e-03
-4.543772347527366001e-03
-3.644997300403927942e-03
-2.822148796342186655e-03
-2.074052682083934313e-03
-1.398581807674981886e-03
-7.928945621333838290e-04
-2.536322127514346880e-04
2.229188501108488041e-04
6.406946892421085116e-04
1.003746666451876129e-03
1.316155635750304240e-03
1.581964108870948654e-03
1.805123494068089016e-03
1.989453922447866757e-03
2.138614534692459199e-03
2.256082411803125853e-03
2.345138602476114220e-03
2.408859932253070921e-03
2.450115480321208260e-03
2.471566782870892806e-03
2.475670970838017744e-03
2.464686177808002483e-03
2.440678663590063052e-03
2.405531192891550638e-03
2.360952288738041652e-03
2.308486048634056202e-03
2.249522269547464537e-03
2.185306677027978092e-03
2.116951095357005874e-03
2.045443430635366863e-03
1.971657368071206250e-03
1.896361709236453474e-03
1.820229295413645400e-03
1.743845479960768989e-03
1.667716126403779447e-03
1.592275120177711733e-03
1.517891390969302668e-03
1.444875449804384256e-03
1.373485450662808097e-03
1.303932790742357061e-03
1.236387266745557099e-03
1.170981806913316088e-03
1.107816800134029311e-03
1.046964044450112699e-03
9.884703377798396626e-04
9.323607337675039221e-04
8.786414854509641418e-04
8.273026989614850734e-04
7.783207188041411971e-04
7.316602654562689165e-04
6.872763451065630209e-04
6.451159503716984720e-04
6.051195697979151137e-04
5.672225229040898584e-04
5.313561364682822851e-04
4.974487767157734566e-04
4.654267510444928314e-04
4.352150919319589255e-04
4.067382347129790002e-04
3.799206000039741390e-04
3.546870906811709200e-04
3.309635124979256986e-04
3.086769266521790589e-04
2.877559418886175007e-04
2.681309530410847398e-04
2.497343322882218859e-04
2.325005788078115350e-04
2.163664319712798809e-04
2.012709527173771871e-04
1.871555772812344182e-04
1.739641470296970959e-04
1.616429177639102602e-04
1.501405514934528430e-04
1.394080933607398654e-04
1.293989360978703039e-04
