1.453860685103371964e-01
1.129749757624283063e-01
9.367920477812799462e-02
1.083339628331716487e-01
1.646695060253939857e-01
1.296169286305402235e-01
1.420612933079596144e-03
1.017209769056665880e-01
1.058058041092740376e-01
9.957610550788822956e-02
6.497641560099501334e-02
8.627096451069590777e-02
1.063790634907545024e-01
9.753040763248833900e-02
8.801425043644157953e-02
3.114668172007332980e-02
9.297606904106774095e-02
3.595612378164494971e-02
7.079200373215395470e-02
5.883806981988505547e-02
1.904643016140380660e-02
5.087796567567433315e-02
5.240786219787608308e-02
-3.549484512271534539e-03
-2.092531716258324691e-03
4.844641926484027916e-02
-1.024770237460708930e-02
1.049368643337426216e-02
-2.811755469931270096e-02
7.886471084971528878e-02
4.541414459080288235e-02
-9.223009517955070222e-03
8.154568901789636948e-02
6.716803212378576193e-02
5.490036449111009020e-02
8.809765904618069299e-02
2.728531556083926141e-02
3.148238750804583513e-02
4.662872953292350464e-02
-6.240048958329426874e-03
1.166661799043836219e-02
5.121214028240917565e-02
3.150215703344860785e-02
6.840793566419667293e-02
2.610478658344356738e-03
6.753791778817014660e-03
5.150968572795949080e-02
-3.247813397429000909e-02
-4.492693531947454522e-02
2.626440781647481834e-02
3.935465859797348392e-02
-3.359405317575599181e-02
-3.074697006253486464e-02
4.046251163655945754e-02
-1.773367318161488820e-02
1.455406400110219149e-02
1.726129544883936440e-02
-8.170428128341414298e-03
-1.557419138792185374e-02
-1.880403252530971764e-02
-1.337536221639752665e-02
-3.100418541539988471e-02
-3.171776933122423536e-02
-3.048171403234272228e-02
3.579315090057547111e-02
9.278140471278992218e-03
4.439197975970984172e-02
-2.503747451005624083e-02
5.301420366600777950e-02
6.069806500127439969e-02
-5.901481462533750971e-02
3.066107023767283488e-02
-1.916652591799035757e-02
-2.908228340594960770e-02
5.778090391300381296e-02
-3.084441689771945556e-03
-1.654388652910558297e-02
-1.060434248072688046e-01
2.134164597593844054e-02
6.074669442780432360e-02
5.213436367726751591e-02
4.524975528800499053e-02
2.134441260715106217e-02
-1.388735233242484671e-02
5.515022202412241115e-02
-1.994430102524095624e-02
-1.907927055445811371e-02
1.011161631429932303e-02
-1.563603970699550816e-02
-6.122460508669847618e-02
-1.008851396846373490e-02
4.717013059401792274e-02
4.296623172074915537e-02
6.588089708123247290e-02
1.625681658889101960e-02
-3.562941542009968876e-02
-3.873921894217981221e-02
-4.928247702628303813e-03
7.480603006920800036e-04
4.161759883306241636e-02
