-1.853399107522507860e-01
-1.762008732001817037e-03
4.113980606351320957e-02
2.241089272845245561e-01
1.528448401649412647e-01
-1.328099927744883779e-01
-1.321796476596249353e-02
3.326244495223113634e-02
-2.430726774099587970e-02
-4.852585338096163797e-02
-7.626511356804899222e-02
-9.579258894083299281e-02
-1.343835634597171647e-01
1.091458577393636907e-02
-5.737861078722205493e-02
-5.872853793185931620e-02
1.037125178642205464e-01
-7.146563745482722996e-02
1.163175846444049893e-02
1.149387439071539174e-01
1.057712823388194251e-01
-5.928472659669273975e-02
-4.941949823367973449e-02
6.297756727095615847e-02
-5.773617726544148093e-02
1.134933099456639782e-01
-2.676022483324040982e-02
-1.336047359377285082e-01
6.350474605883563162e-02
1.627693591716967147e-01
-7.260872792351980021e-02
2.682021375748065012e-02
3.848209675404875435e-02
4.167574643962800029e-02
5.093798775570632792e-02
1.030169463147458248e-01
3.104740140185507230e-02
2.272177884998075048e-01
2.867961377138167692e-02
-9.796160931271841177e-02
-3.963706723315289782e-02
-1.568937965131882162e-02
-3.370389552884043433e-02
-1.381439968729508971e-01
-1.236860909185089757e-01
-1.474488327768402607e-01
7.499562413840869801e-02
1.228342693308197703e-01
3.560807903590304524e-02
-4.898725886666099177e-02
1.260345906736911603e-01
7.864842351597248205e-03
-1.513022295398896988e-02
-9.779058357952105651e-02
1.014391449904181036e-01
5.098109952399204614e-02
-8.444885883662850423e-02
4.760613161092924761e-02
9.070992651021193842e-02
2.368697280221996604e-01
-1.244625153821569408e-01
-1.164137926093547909e-01
8.914905873973422157e-02
-1.209907059992880972e-02
-2.714926852596384610e-02
-5.028373362577572003e-02
6.979952343228033873e-02
3.004068353855809254e-02
1.412338740714984830e-01
-4.589282730191153285e-03
4.766817821706412217e-02
-2.746270772734061769e-02
3.255000900958988225e-02
1.716124395929728708e-02
7.615610857556870394e-02
-1.605077156439205510e-01
1.003908185006177484e-01
1.475313296627017434e-01
-1.498056763957708870e-01
-2.861302945900266043e-02
1.571579489673945174e-01
-2.122629944343712716e-01
1.280676790046506586e-01
1.379839446361919020e-01
-2.666638342831667910e-02
-2.591523290239950567e-02
5.675107900536432298e-03
-1.607463084837896516e-01
-2.719471505676645737e-02
2.381804166133492384e-01
2.222321412842808430e-01
-2.720582962290186702e-01
-1.387243757027740131e-02
8.799408493123736519e-02
-5.577938125720266829e-03
-1.759454040181102907e-01
1.579421348206217282e-02
-1.353577714788169739e-01
1.407450365809737591e-01
7.229759816243493120e-02
