-5.965086765834339000e-02
-7.311441577735983133e-02
-1.142950241027693714e-01
-1.066521626153030533e-01
-1.250259891518261390e-01
-1.625688117814161893e-01
-1.987897339591911672e-01
-8.100192609571274516e-02
-2.189149928398143041e-01
-2.361168762054817183e-01
-1.969449540197552584e-01
-1.614444996799440646e-01
-1.718220675014988930e-01
-1.406659461141551992e-01
-1.078573239214791896e-01
-1.309903928822999386e-01
-9.177385938249132957e-02
-6.991239096842655210e-02
-1.156686809419384260e-01
-7.438648456676820453e-02
-1.218627274700430640e-01
-8.603581615427788321e-02
-5.003313594232709077e-02
-9.880941916561446214e-02
-6.767740435727641855e-03
-3.367122514872074313e-02
-9.632739843325319185e-02
-5.604301069131321228e-02
-1.049418510493824452e-01
-7.128680300735625031e-02
1.644078027087743712e-02
-4.150596995967070074e-02
5.041576281854832919e-02
-4.057064348510976137e-02
-5.472276969792635309e-02
-9.474140870751361632e-02
-7.440673508547225590e-02
-5.388439223396274125e-02
-6.934453811479923679e-02
3.261367865816957451e-02
1.682772778707578021e-02
-2.334114977647075082e-02
5.837741895696216959e-02
-1.909454382003568373e-02
4.620571511262388381e-02
-5.379684891079617587e-02
4.606020926846730867e-02
-3.834518190508245244e-02
-5.225696258008897394e-02
1.729326633997240598e-02
2.601200514468426234e-02
9.202109610107005698e-04
-3.364990265700191878e-03
5.188282213708993867e-03
2.923668395888556759e-02
-4.967337554978350916e-02
5.041160125486418564e-02
-3.874438275600045750e-02
2.984016768994804392e-02
-7.331620988058245095e-03
2.157541337486932470e-02
5.087979705498293231e-02
6.092844246036531464e-02
-2.235758341306510327e-02
-2.661435305162900000e-02
-2.401947968792663216e-02
7.414126238114085443e-02
9.215243262732251972e-02
-5.773309929551792563e-02
-5.843777340845708081e-03
6.728246310451220513e-03
1.466140561856847137e-02
-1.664513842654966394e-02
4.639728182635114578e-02
-6.049465088065277690e-02
-2.237127429850509566e-03
7.160588197435932556e-02
-4.955794516068506850e-02
6.394129938768539079e-02
2.809488403313501262e-03
8.341061254888679222e-02
8.008602664302217483e-03
2.888715180981999819e-03
3.694189674775347904e-02
-6.440779458674816826e-02
7.549997988341143607e-02
2.887650878478064450e-03
-5.159775347935971479e-02
5.688259807535784446e-02
1.106964868756563601e-02
5.474516052377050197e-03
-1.434712581290310991e-02
9.737242100415752222e-02
1.831211434199744512e-02
1.240979594536564673e-01
1.051867845316533864e-02
2.915813018495141268e-02
-1.959198444654015533e-02
3.536528536835933934e-02
-4.684977479339125922e-02
