1.176455790105138538e-01
1.133101102673183258e-01
4.081607873051038698e-02
6.131539850655102347e-02
1.495842703068176460e-01
6.229130604752289996e-02
8.664525337319009535e-02
8.991635171350872979e-02
1.568134915579994793e-01
8.655039345135777384e-02
9.256073842819541320e-02
8.217087083155133476e-02
5.051035207177186764e-02
1.271978768061516885e-01
7.086262480523577989e-02
8.200748237458282963e-02
6.773109431728391782e-04
1.006377067281362392e-01
4.992209073216975768e-02
2.483358560440084017e-02
9.643896493716624940e-02
7.186229376606240171e-02
5.916253969532850321e-02
-1.147753065595324279e-02
5.247822953790117623e-02
1.079767814034445772e-01
6.285687011692814297e-02
7.364043322890380383e-02
-1.556902190737932158e-02
-2.492281305124740415e-02
8.876976989537632701e-02
1.926277681868934083e-02
-3.367516995128718577e-02
1.349434667015526057e-01
1.938250491191947228e-02
4.903779962689806815e-02
8.903630491041991668e-02
2.797688390604988889e-02
5.928618887612246979e-02
3.857862538958260062e-02
-1.280851562753498180e-02
1.674172701688714324e-03
3.612549435939805403e-02
-2.370469775716900832e-02
-3.543291622201992508e-02
-1.137265269237762964e-02
6.674136419220380589e-02
1.010091477621220535e-01
3.711856922111710089e-02
8.148003583289489815e-02
2.649866046016718935e-02
2.409783624283577327e-02
6.726833152769506885e-02
4.164308903790782043e-03
5.223159612596901813e-02
2.381146289946128869e-02
-5.465372272012245652e-02
3.513027897867385119e-02
-2.926043467513754145e-02
-3.313586106270834455e-03
-2.920409524829467238e-02
3.060950355781346180e-02
5.470808312536849100e-02
2.753826816354792983e-02
3.608353118636527159e-03
-1.767871907786510224e-02
-3.002258805822201337e-02
-4.157491229013894618e-02
3.085318458295944685e-02
-2.864737062686945404e-02
1.480483413612245641e-02
7.971650088614132268e-02
1.343942665150614155e-02
-5.707822215590528485e-03
-1.158236956781877672e-02
3.358611368096567351e-02
-4.261732268488294118e-02
-3.549240981126289274e-02
-6.195869973955104443e-02
-5.138181233909153676e-03
-5.855929577219810833e-02
-8.012936136729116587e-02
8.181977493816654234e-02
1.148192422781330740e-02
2.727381247344181671e-03
2.289941990040882114e-02
2.071637924684302523e-02
-3.951508083949336475e-02
-4.445531039442564974e-02
2.379558515850177178e-02
3.692964972556604664e-02
2.473538325979209029e-02
8.921255319258089914e-03
6.211041365439300133e-02
6.384826526430996581e-03
-2.802927396174410141e-02
-9.244826178540225398e-03
-6.570386807223763115e-02
6.758057557830399187e-02
-1.676884189728084168e-03
