1.053999433138300412e-01
1.007999671160104277e-01
9.725709815039336459e-02
9.450368423253990846e-02
9.232372955867736153e-02
9.054450795135945973e-02
8.902939769151911598e-02
8.767177252155626543e-02
8.638980466798089342e-02
8.512205436665058744e-02
8.382373669431442131e-02
8.246357079554531011e-02
8.102112909003533758e-02
7.948461496852324282e-02
7.784900702758054680e-02
7.611451622272413786e-02
7.428530958443806120e-02
7.236846047357373135e-02
7.037309086651180601e-02
6.830967595785795987e-02
6.618948553855852346e-02
6.402414022864555410e-02
6.182526378534003442e-02
5.960421542956290120e-02
5.737188849024743575e-02
5.513856370291599085e-02
5.291380725775304827e-02
5.070640520878805929e-02
4.852432716126453549e-02
4.637471327637127105e-02
4.426387959535628414e-02
4.219733750971905312e-02
4.017982390910712631e-02
3.821533913981548652e-02
3.630719041844165246e-02
3.445803877952267891e-02
3.266994800353605760e-02
3.094443428176139529e-02
2.928251563524410933e-02
2.768476032348363841e-02
2.615133366056920233e-02
2.468204280757748878e-02
2.327637923469310505e-02
2.193355864866068997e-02
2.065255826423586030e-02
1.943215136520929157e-02
1.827093915386449399e-02
1.716737992957192982e-02
1.611981566948441497e-02
1.512649610858271890e-02
1.418560043398974652e-02
1.329525672069465161e-02
1.245355924359364298e-02
1.165858380490516349e-02
1.090840121726434700e-02
1.020108908174446535e-02
9.534741997197131516e-03
8.907480333068035563e-03
8.317457692583334755e-03
7.762867187203818971e-03
7.241946636748564439e-03
6.752982802793150788e-03
6.294314756007479347e-03
5.864336471141869817e-03
5.461498736498256873e-03
5.084310458013380565e-03
4.731339431593393173e-03
4.401212651117500894e-03
4.092616213603972493e-03
3.804294877425523896e-03
3.535051324184729834e-03
3.283745169919051292e-03
3.049291766698534502e-03
2.830660831402482484e-03
2.626874934506112213e-03
2.437007878063189581e-03
2.260182988723394293e-03
2.095571348559099184e-03
1.942389983680500214e-03
1.799900028074974965e-03
1.667404877800179701e-03
1.544248348575301671e-03
1.429812847935261642e-03
1.323517571423643178e-03
1.224816730786981809e-03
1.133197820782009483e-03
1.048179930004948263e-03
9.693121000856323331e-04
8.961717366470895417e-04
8.283630746020860481e-04
7.655156996317153328e-04
7.072831270575241809e-04
6.533414387690653427e-04
6.033879783947197761e-04
5.571401044974550907e-04
5.143340012318886947e-04
4.747235456079721338e-04
4.380792302640256386e-04
4.041871404521663611e-04
3.728479837775769152e-04
