1.255190346510399145e-02
1.584577897348529371e-02
1.814107221868554304e-02
1.962256197525834994e-02
2.044656556554382346e-02
2.074490479442615137e-02
2.062835365249062261e-02
2.018963251846038476e-02
1.950600577332630217e-02
1.864153284020423837e-02
1.764901657961572001e-02
1.657168760555785200e-02
1.544465836005065595e-02
1.429617661894595423e-02
1.314870443419269633e-02
1.201984528949206349e-02
1.092313940598702189e-02
9.868744636848869253e-03
8.864018194100100126e-03
7.914012522136861308e-03
7.021896938678813191e-03
6.189315177416776503e-03
5.416687662814542725e-03
4.703466204577221380e-03
4.048347797986295848e-03
3.449453339628295867e-03
2.904476301005111047e-03
2.410805731865560582e-03
1.965627379153416301e-03
1.566006195919717077e-03
1.208953068307931818e-03
8.914781997804979360e-04
6.106332530569132805e-04
3.635440555636634125e-04
1.474354180843340939e-04
-4.035060606782762960e-05
-2.023418868853750149e-04
-3.409278410997588354e-04
-4.583546903357904947e-04
-5.567236559895598347e-04
-6.379915005734430183e-04
-7.039729180849853968e-04
-7.563443557778394208e-04
-7.966489182384805384e-04
-8.263020633871610843e-04
-8.465978502246204566e-04
-8.587155409729837693e-04
-8.637263967023367690e-04
-8.626005364595745045e-04
-8.562137560785814533e-04
-8.453542249088452209e-04
-8.307289972261718437e-04
-8.129702905827211785e-04
-7.926414962470809331e-04
-7.702428975544558642e-04
-7.462170807580274096e-04
-7.209540301273513474e-04
-6.947959048221601271e-04
-6.680414996908746929e-04
-6.409503957841081179e-04
-6.137468091907904121e-04
-5.866231489326900576e-04
-5.597432962072115608e-04
-5.332456183470999853e-04
-5.072457315533112276e-04
-4.818390268255591004e-04
-4.571029736249129804e-04
-4.330992157059415475e-04
-4.098754732958813569e-04
-3.874672654118404094e-04
-3.658994656248399963e-04
-3.451877040271774310e-04
-3.253396275583781035e-04
-3.063560302124044427e-04
-2.882318639990936364e-04
-2.709571408775967531e-04
-2.545177352281941929e-04
-2.388960957885864517e-04
-2.240718753573485401e-04
-2.100224859650102875e-04
-1.967235866353772317e-04
-1.841495103085026639e-04
-1.722736359735934719e-04
-1.610687115659196816e-04
-1.505071327167839610e-04
-1.405611820096814538e-04
-1.312032329884687252e-04
-1.224059227839710529e-04
-1.141422968730590058e-04
-1.063859291577665204e-04
-9.911102025034456689e-05
-9.229247657200133445e-05
-8.590597261721458959e-05
-7.992799850061509874e-05
-7.433589468824915842e-05
-6.910787561826916311e-05
-6.422304373652398997e-05
-5.966139530893803958e-05
-5.540381922381284210e-05
-5.143208986216341039e-05
