1.890977147672828207e-01
1.563007060682471139e-01
1.724424598026286781e-01
1.419434642188870943e-01
1.231727469443208017e-01
1.359811900633833281e-01
1.463975365734359324e-01
1.565437788321865364e-01
1.644626522285264347e-01
8.830203529078682612e-02
3.373647254773610993e-02
8.555325056555634911e-02
1.366572586090272212e-01
9.930725136016491095e-02
5.650796185098144048e-02
6.637790366553190935e-02
4.350645334888610105e-02
3.490169553616214587e-02
3.762691078060621114e-02
5.537172182068009207e-02
1.103432434711933280e-01
7.364231181023285500e-03
4.068016078173572470e-02
4.646792301149014343e-02
-3.950976571973405412e-03
6.993784622220233088e-03
5.868512797048709706e-02
-5.302193623930360686e-03
-4.251709836929933040e-02
2.107363605472836396e-02
1.925330834958432699e-02
-3.915847278333846326e-02
-4.050269033132360835e-02
2.471747067818461097e-02
-4.001209514754798524e-02
-3.563602063631909206e-02
-4.805289010921642845e-03
-7.558139891978443541e-03
2.554641724117275026e-02
-4.346178232284584469e-02
-4.265823876062110886e-02
-1.322463997484185118e-02
-1.148199895571574702e-01
-1.513514235745895553e-02
-2.184209256066135460e-02
-5.831825001702285044e-02
-2.113592270358620809e-02
-1.193355512730603224e-02
1.560490195349987369e-02
-9.206564570112292858e-03
-6.923410353417532026e-02
-6.591186106601604200e-02
2.394808873190470630e-02
1.277140375348468151e-02
-6.461105176844809950e-02
-1.282910744387879762e-02
-4.314998528500720715e-02
-1.243048782002092664e-02
7.134171502408762078e-02
-8.149219774674400230e-03
-1.048019541232005254e-02
1.301253619481547961e-02
5.213069041747783045e-03
-2.425635061085799557e-02
-2.986164275967119822e-02
3.530957677283479146e-02
4.965686131035397521e-02
6.650293194988214640e-03
1.438554248093591725e-02
-4.485179291594259404e-02
-3.806117582601720173e-02
1.455621828809723801e-02
2.139809124745874896e-02
2.323164995521818238e-02
-4.677383114894347743e-02
-8.512295048036412973e-03
2.843243875410137594e-02
-3.018360205322663178e-02
-5.037123298289379603e-02
-3.735123204729209195e-02
-5.024751479445038055e-02
-3.827649159398289341e-02
-1.587086427508046377e-02
1.046716158201476017e-02
-1.246863797501095855e-02
5.511915291138588975e-03
6.629120853954577341e-02
5.257458760615405652e-02
-3.000638882552422379e-02
-7.429607210250800025e-04
-5.518903330738850893e-02
-2.633303641219220115e-02
-2.069612391377259608e-02
-1.171216449749094141e-02
1.871640412489841004e-02
-3.710783333043977256e-02
-4.672413499198169173e-02
-8.944116333197114216e-03
-4.655783253073709702e-03
6.070091327644688839e-02
