2.413252931828362147e-02
5.102739994347191971e-02
8.150110132729142254e-03
-2.600388125350940396e-02
-4.585735573841117491e-02
-7.090458562793481093e-03
6.367871048435551351e-02
1.142666161474548692e-01
2.244510976673943711e-02
-1.474317524724706729e-02
7.557779662671842980e-02
-3.139027473464670731e-02
-5.975220108752651860e-02
-4.271959882468418651e-02
4.761615074115579938e-02
6.859326275736005174e-02
1.473983516758120386e-02
-5.894088545200152187e-04
1.055154460732416338e-01
-2.104832892585203896e-02
-1.599968669989547398e-02
-2.192228636970027997e-02
-8.236191567216673282e-03
-4.786366783468667258e-02
4.690667855178688034e-02
-1.424306211443671609e-02
5.587486087658949385e-02
2.004728531035964573e-02
-1.610614346395817034e-02
2.030825684192865549e-02
1.451399060835464015e-02
-2.221516544889513920e-03
-6.645482499766000584e-02
-2.150590914830401504e-02
-1.382112853514163263e-02
-2.729601222741007832e-02
5.202830235235602480e-02
-2.150827841540523325e-02
6.108615171076868522e-02
-1.832364538765540382e-02
-1.869820780158296808e-02
5.384905350801423574e-02
9.976736762320496596e-03
-2.561131096171116728e-02
-9.048428085017781730e-03
4.187306125691565156e-02
2.053868641102352122e-02
5.642328738128293830e-02
-1.670354369620725629e-02
-1.071054705784867112e-02
-5.164505045157849472e-02
-5.484498845331189226e-02
1.442775893782516361e-02
-6.883131763366226452e-02
-3.880767301659416441e-02
-2.815951078396200166e-02
6.608697661227547204e-02
-7.033324119065412217e-02
1.247712545698388166e-02
6.794500395709819271e-03
-4.657314040583793863e-02
5.064985773566568761e-02
-1.438815987190361287e-02
5.120346993347297399e-02
-8.600888685044195958e-03
1.320875976698452151e-02
2.961084072340205986e-03
-6.161701968369927285e-02
-6.252860477530482186e-02
-4.019498887299469830e-03
-4.102547070422547792e-02
-1.425642784881355624e-02
4.663147180589501985e-03
-2.900713348266086705e-02
3.603803662883710290e-02
1.462898946054740600e-02
4.884259435780270719e-02
-1.179758619871335013e-02
3.315194229275388038e-02
3.519120041471678062e-02
-2.804167077578378388e-03
4.541161509056953344e-02
3.196293773966100982e-02
-6.479145867793083269e-02
1.899264985882296794e-02
-7.796606082411469685e-02
-4.478116938884339066e-02
-2.185371006257652571e-02
4.188261134143218649e-03
-8.069419141255010364e-02
-2.593792274359541308e-02
6.242274969613240826e-02
5.278154728663176504e-02
1.990479327577748467e-02
-6.869195486334739309e-02
1.504931505220762425e-02
-6.570360227270513089e-03
-2.740402355935957907e-02
-5.949917026634460315e-02
2.761215483123815716e-03
