1.557540628435474250e-01
1.624828227264220881e-01
1.646694417601378413e-01
1.632936137955836586e-01
1.591729431055766419e-01
1.529865172408510776e-01
1.452953094489057850e-01
1.365598150414577272e-01
1.271552764679994285e-01
1.173848081389498865e-01
1.074906935534664099e-01
9.766409341420403956e-02
8.805337361404275143e-02
7.877123577991226866e-02
6.990081003315015695e-02
6.150084939991829619e-02
5.361014754789002884e-02
4.625128594385612829e-02
3.943380286218950426e-02
3.315686469748477250e-02
2.741150954402093998e-02
2.218252382149136365e-02
1.745000469311173974e-02
1.319065399967364605e-02
9.378843298661190819e-03
5.987484242980331550e-03
2.988733863774559185e-03
3.545602521565840992e-04
-1.942809408570313201e-03
-3.930539590686552009e-03
-5.634919758550446800e-03
-7.081166427423672693e-03
-8.293282094154315331e-03
-9.293960935183601113e-03
-1.010453267756564188e-02
-1.074493735326770977e-02
-1.123372477234161476e-02
-1.158807351976118283e-02
-1.182382511408895664e-02
-1.195552968142594291e-02
-1.199650011085837478e-02
-1.195887218144269307e-02
-1.185366859754792210e-02
-1.169086524948402886e-02
-1.147945833884310429e-02
-1.122753128076689998e-02
-1.094232052530874633e-02
-1.063027963317177485e-02
-1.029714110258417997e-02
-9.947975578442161751e-03
-9.587248186035620540e-03
-9.218871823074247657e-03
-8.846257318296215505e-03
-8.472360425214606541e-03
-8.099725667735580698e-03
-7.730527092361041616e-03
-7.366606011098046462e-03
-7.009505841436832613e-03
-6.660504166030481281e-03
-6.320642146038951345e-03
-5.990751429365282800e-03
-5.671478698959508957e-03
-5.363308007630148908e-03
-5.066581044921240895e-03
-4.781515479038253580e-03
-4.508221512919426306e-03
-4.246716788669771189e-03
-3.996939768968318409e-03
-3.758761717946095589e-03
-3.531997397593478801e-03
-3.316414589139654763e-03
-3.111742542173578409e-03
-2.917679447641296272e-03
-2.733899024334629502e-03
-2.560056302140037605e-03
-2.395792679188523018e-03
-2.240740324170815805e-03
-2.094525989479536360e-03
-1.956774295526638417e-03
-1.827110541568414308e-03
-1.705163093654501680e-03
-1.590565395900329177e-03
-1.482957647159319865e-03
-1.381988181334461562e-03
-1.287314586008943751e-03
-1.198604590781499491e-03
-1.115536753651580467e-03
-1.037800970999913468e-03
-9.650988341380346402e-04
-8.971438530426854114e-04
-8.336615657342959706e-04
-7.743895497898858199e-04
-7.190773506869217084e-04
-6.674863400435175533e-04
-6.193895153399356845e-04
-5.745712513653188167e-04
-5.328270124210312576e-04
-4.939630332177666859e-04
-4.577959754179613985e-04
-4.241525658890305276e-04
