0.010000020204081634	0.999999464270754
0.010303650741354031	0.9999994310515881
0.01060728127862643	0.9999993966861661
0.011214542353171226	0.9999993251361631
0.012429064502260816	0.9999991696942906
0.012732695039533214	0.9999991282992036
0.013036325576805612	0.9999990858452342
0.013643586651350407	0.9999989978739224
0.014858108800439997	0.9999988095854696
0.015161739337712397	0.9999987599049005
0.015465369874984794	0.9999987092258984
0.01607263094952959	0.9999986047456144
0.017287153098619182	0.9999983832769669
0.019716197396798363	0.9999978901281595
0.020019827934070762	0.9999978237600057
0.020323458471343158	0.9999977563114041
0.020930719545887953	0.9999976182872075
0.022145241694977544	0.9999973294892486
0.024574285993156728	0.9999967006970433
0.024877916530429124	0.9999966172794514
0.025181547067701524	0.9999965327751791
0.025788808142246322	0.9999963605396912
0.027003330291335913	0.9999960030839113
0.029432374589515094	0.9999952359794388
0.02976154488521961	0.9999951266402907
0.030090715180924127	0.9999950160137828
0.030749055772333157	0.9999947908808361
0.03206573695515122	0.9999943250482553
0.03469909932078734	0.9999933307567677
0.03502826961649185	0.9999932005615747
0.035357439912196365	0.9999930690548895
0.0360157805036054	0.999992802071108
0.03733246168642346	0.9999922522107016
0.039965824052059576	0.9999910885153903
0.04029499434776409	0.9999909370226563
0.0406241646434686	0.9999907841800186
0.041282505234877635	0.9999904744506586
0.042599186417695695	0.9999898387544492
0.045232548783331814	0.999988502006104
0.05049927351460406	0.999985563796857
0.050806630252414164	0.9999853813061377
0.051113986990224264	0.9999851975910581
0.05172870046584446	0.9999848264801414
0.052958127417084874	0.9999840694855424
0.055416981319565684	0.9999824960730405
0.060334689124527316	0.9999791087431805
0.060642045862337415	0.9999788862746842
0.060949402600147515	0.9999786625338631
0.06156411607576772	0.9999782112142673
0.06279354302700813	0.9999772932048936
0.06525239692948895	0.9999753953202835
0.07017010473445057	0.9999713491687842
0.07047143235314177	0.9999710902760676
0.07077275997183297	0.9999708301055173
0.07137541520921536	0.9999703059315257
0.07258072568398016	0.999969242198433
0.07499134663350975	0.9999670528358761
0.07981258853256892	0.9999624236270388
0.08011391615126012	0.9999621230969956
0.08041524376995132	0.9999618212390604
0.08101789900733372	0.9999612135324644
0.08222320948209852	0.9999599821093139
0.0846338304316281	0.9999574548499242
0.08945507233068728	0.9999521396534653
0.08978193970781059	0.9999517665838362
0.0901088070849339	0.9999513918881066
0.09076254183918055	0.9999506376077482
0.09207001134767381	0.9999491094280403
0.09468495036466033	0.9999459740997295
0.09991482839863339	0.9999393835094694
0.1103745844665795	0.9999248894206418
0.1106796382858084	0.9999244398425808
0.11098469210503731	0.9999239887186074
0.11159479974349511	0.9999230818234234
0.11281501502041072	0.9999212493896251
0.11525544557424194	0.9999175094997188
0.12013630668190438	0.9999097259921996
0.12989802889722926	0.999892914327943
0.13022862247489025	0.9998923153041754
0.13055921605255127	0.9998917143075967
0.13122040320787332	0.9998905063848537
0.1325427775185174	0.9998880667403353
0.13518752613980556	0.999883091628196
0.14047702338238188	0.9998727530096764
0.15105601786753453	0.9998504803669408
0.15138058232607665	0.9998497626182914
0.15170514678461877	0.9998490427871322
0.152354275701703	0.9998475968652547
0.15365253353587147	0.9998446799019197
0.1562490492042084	0.9998387448347047
0.16144208054088227	0.9998264647755375
0.17182814321422998	0.999800220987861
0.191204200855683	0.9997449441984663
0.2122148030367915	0.9996749824897501
0.23182933751265755	0.999599373484983
0.2510580083649138	0.999514681748131
0.2719212237568256	0.99940980696574
0.29138837144349494	0.9992985644241403
0.3124900636698198	0.9991618743966201
0.33320589227253483	0.9990096642687193
0.35252565317000745	0.9988498944429332
0.37347995860713556	0.998655034643406
0.3930381963390212	0.998450673282994
0.41423097861056235	0.9982018701613813
0.43503789725849373	0.9979266031409904
0.45444874820118264	0.9976387344156891
0.47549414368352705	0.9972884813923931
0.495143471460629	0.9969210971560529
0.5144069356141211	0.9965181579716285
0.5353049443072687	0.996026700972625
0.554806885295174	0.9955100036378052
0.5759433708227347	0.9948772780218633
0.5966939927266857	0.9941711616608733
0.6160485469253941	0.993424560332119
0.6370376456637581	0.9925028918217156
0.6566306766968796	0.9915193396234908
0.6758378441063913	0.9904190526080836
0.6966795560555584	0.9890439861928984
0.7161252002994832	0.9875573157018214
0.7372053890830635	0.9856751565510778
0.7568895101614014	0.9836056994239465
0.7571910454341315	0.9835712930253463
0.7574925807068615	0.9835367987843894
0.7580956512523218	0.9834675455809913
0.7593017923432424	0.9833279718528385
0.7617140745250834	0.9830444864898551
0.7665386388887654	0.9824595963164559
0.7761877676161294	0.9812132717919507
0.7765148426472916	0.9811691305259818
0.7768419176784538	0.9811248598680911
0.7774960677407783	0.9810359283302761
0.7788043678654273	0.9808564898934469
0.7814209681147253	0.9804911935045777
0.7866541686133212	0.9797339400032268
0.7971205696105129	0.978104265975212
0.7974258310837807	0.9780542695465584
0.7977310925570487	0.9780041266117142
0.7983416155035843	0.97790339887523
0.7995626613966555	0.9777001593230704
0.8020047531827982	0.9772864083324451
0.8068889367550834	0.9764286896477762
0.816657303899654	0.974582574761691
0.8169881051313539	0.974516789628275
0.8173189063630539	0.9744507798322602
0.8179805088264538	0.9743180819984565
0.8193037137532535	0.97404994321013
0.8219501236068532	0.9735024461414011
0.8272429433140522	0.9723605007350281
0.8275737445457522	0.9722869647170282
0.8279045457774521	0.9722131664760886
0.828566148240852	0.9720647781021796
0.8298893531676518	0.9717647967368517
0.8325357630212513	0.9711517116389791
0.8378285827284505	0.9698704942427476
0.8381533548410316	0.9697893835292462
0.8384781269536126	0.9697079753889575
0.8391276711787747	0.9695442606893545
0.8404267596290989	0.9692131940484989
0.8430249365297472	0.968536154098529
0.8482212903310439	0.9671194307523691
0.848546062443625	0.9670279867544707
0.8488708345562059	0.966936190588991
0.8495203787813681	0.9667515340621051
0.8508194672316922	0.9663779095802277
0.8534176441323406	0.9656129655082955
0.8586139979336372	0.9640084940623973
0.8589169564883239	0.9639117349435131
0.8592199150430104	0.9638146094015876
0.8598258321523837	0.9636192511158457
0.8610376663711303	0.9632240493952489
0.8634613348086233	0.962415242075082
0.8683086716836095	0.9607200927474291
0.8686116302382961	0.9606105498467087
0.8689145887929828	0.960500569332532
0.869520505902356	0.9602792853907274
0.8707323401211025	0.9598313542408526
0.8731560085585955	0.9589134489298402
0.8780033454335816	0.9569844562934039
0.8783318437467004	0.9568490060657411
0.8786603420598191	0.9567129338723966
0.8793173386860567	0.9564389069900527
0.8806313319385316	0.9558832049385775
0.8832593184434816	0.9547402283478499
0.8885152914533816	0.952319583817701
0.8888437897665004	0.9521619752393836
0.8891722880796191	0.9520035913260437
0.8898292847058566	0.9516844751133188
0.8911432779583316	0.9510366893778879
0.8937712644632816	0.949701578136894
0.8990272374731815	0.946861745121366
0.8993339222284058	0.9466886067670445
0.8996406069836302	0.9465146104425137
0.9002539764940789	0.9461640186852524
0.9014807155149762	0.9454522587876798
0.9039341935567708	0.9439849380818887
0.9088411496403601	0.940862160934259
0.9091478343955844	0.9406581070398362
0.9094545191508088	0.9404529583840248
0.9100678886612574	0.9400393416112766
0.9112946276821547	0.939198578501627
0.9137481057239495	0.9374608342006562
0.9186550618075389	0.9337421660835036
0.9189557174436442	0.9335030066949938
0.9192563730797497	0.9332624722361603
0.9198576843519606	0.9327772302120099
0.9210603068963823	0.9317897103275404
0.9234655519852257	0.929743651530116
0.9282760421629126	0.9253421815939615
0.928576697799018	0.9250522993713648
0.9288773534351235	0.9247605763095694
0.9294786647073343	0.9241715359461876
0.930681287251756	0.9229705624650081
0.9330865323405995	0.9204727000023188
0.9378970225182864	0.915054646923707
0.938223217912824	0.9146650107107981
0.9385494133073615	0.9142723617832794
0.9392018040964367	0.9134778806708851
0.9405065856745869	0.9118511349002033
0.9431161488308872	0.908437545824338
0.9434423442254247	0.9079950054586966
0.9437685396199623	0.9075487934186303
0.9444209304090374	0.906645162846602
0.9457257119871876	0.9047916855771994
0.9483352751434879	0.9008879367218812
0.9486614705380254	0.9003804040015926
0.948987665932563	0.8998683200238153
0.9496400567216381	0.8988302392468377
0.9509448382997883	0.8966965389461631
0.9535544014560887	0.8921826726582767
0.9587735277686895	0.8820155110878398
0.9590779096053327	0.8813690725830835
0.9593822914419758	0.8807161364091952
0.9599910551152621	0.8793903471529374
0.9612085824618346	0.8766559928115385
0.9636436371549797	0.8708289798656645
0.9639480189916229	0.8700644193883313
0.964252400828266	0.8692913351020102
0.9648611645015522	0.867718970228792
0.9660786918481248	0.8644648457379982
0.9685137465412699	0.8574781848515983
0.968818128377913	0.8565560600523962
0.9691225102145562	0.8556223495973866
0.9697312738878424	0.8537191999696497
0.970948801234415	0.8497627602798355
0.9712531830710581	0.8487407710066759
0.9715575649077013	0.8477050464464699
0.9721663285809875	0.8455911485052998
0.97338385592756	0.8411842688342466
0.9736882377642032	0.8400431722904876
0.9739926196008464	0.8388855671124051
0.9746013832741326	0.8365192074558391
0.9758189106207051	0.8315696871143098
0.9782539653138501	0.8206910590312183
0.9785937467901324	0.8190563438945172
0.9789335282664147	0.8173902067694157
0.9796130912189793	0.813959456167537
0.9809722171241086	0.8066715364882675
0.981311998600391	0.8047532328679925
0.9816517800766733	0.8027935571988392
0.982331343029238	0.7987437716959254
0.9836904689343672	0.7900729665883667
0.9840302504106495	0.7877746877540682
0.9843700318869317	0.7854197149339551
0.9850495948394964	0.7805295978035618
0.9864087207446257	0.7699480668606329
0.986748502220908	0.7671165106285237
0.9870882836971904	0.7642029017671521
0.987767846649755	0.7581119697618108
0.9891269725548842	0.7447309608467615
0.9894667540311666	0.7411004027673154
0.9898065355074488	0.7373412785241472
0.9904860984600135	0.7294026739947583
0.9908258799362958	0.7252036115392626
0.9911656614125781	0.7208365580738986
0.9918452243651428	0.7115463009013101
0.9921850058414251	0.7065930596929362
0.9925247873177074	0.7014112166663125
0.9932043502702721	0.6902777917918153
0.9935441317465544	0.6842766346946566
0.9938839132228368	0.6779464747821186
0.9945634761754013	0.6641510032700615
0.9949032576516836	0.6565948491962404
0.9952430391279659	0.6485245079535327
0.9955828206042482	0.6398688328553349
0.9959226020805305	0.6305406207598836
0.9962623835568128	0.6204313129617848
0.9966021650330952	0.6094032845696772
0.9969419465093775	0.5972782586029871
0.9972817279856598	0.5838192171037879
0.9976215094619422	0.568700813848411
0.9979612909382245	0.5514580989733132
0.9983010724145068	0.5313908359774959
0.9986408538907892	0.5073664854886719
0.9989806353670715	0.47735424699171364
0.9993204168433538	0.43706073468617
0.999660198319636	0.37401387632834704
0.9999999797959184	0.03430376356001624