0.000000000000000000e+00
-1.043633632430526065e-02
-1.888637522687853718e-02
-2.563364849452063124e-02
-3.092571242483121291e-02
-3.497842722675858357e-02
-3.797974773458273612e-02
-4.009307969078641093e-02
-4.146024995259559032e-02
-4.220413370801113367e-02
-4.243097708311244221e-02
-4.223244932348908104e-02
-4.168745498530948557e-02
-4.086373322784753875e-02
-3.981926831636472403e-02
-3.860353278370772662e-02
-3.725858232648172202e-02
-3.582001939647233568e-02
-3.431784056262567051e-02
-3.277718103877014927e-02
-3.121896827538736541e-02
-2.966049518045043437e-02
-2.811592234706807025e-02
-2.659671760868517754e-02
-2.511204030185137936e-02
-2.366907677952308914e-02
-2.227333297329769923e-02
-2.092888914086827104e-02
-1.963862134638348980e-02
-1.840439369830635177e-02
-1.722722490464773451e-02
-1.610743229273444224e-02
-1.504475607426773720e-02
-1.403846631125939791e-02
-1.308745474996974786e-02
-1.219031343417288117e-02
-1.134540178233537679e-02
-1.055090361240083006e-02
-9.804875419958371252e-03
-9.105287058084624019e-03
-8.450055827808748352e-03
-7.837074864931532076e-03
-7.264236600025487933e-03
-6.729451972244843670e-03
-6.230665992650529297e-03
-5.765870177830601136e-03
-5.333112308537417932e-03
-4.930503909860464024e-03
-4.556225798210393300e-03
-4.208531995309054523e-03
-3.885752269752215486e-03
-3.586293531907761706e-03
-3.308640277372256518e-03
-3.051354247437047893e-03
-2.813073451570865472e-03
-2.592510676417940883e-03
-2.388451587893043911e-03
-2.199752517319691122e-03
-2.025338008933329562e-03
-1.864198194216313892e-03
-1.715386048232530334e-03
-1.578014574197923780e-03
-1.451253954791845418e-03
-1.334328702035559103e-03
-1.226514831808131001e-03
-1.127137084121017287e-03
-1.035566206029697126e-03
-9.512163104338910036e-04
-8.735423209285843186e-04
-8.020375102467210875e-04
-7.362311376199173665e-04
-6.756861885222784038e-04
-6.199972187071002344e-04
-5.687883031555809096e-04
-5.217110894943827225e-04
-4.784429545731333586e-04
-4.386852621960289590e-04
-4.021617194492497962e-04
-3.686168286367552910e-04
-3.378144315127506905e-04
-3.095363422635776809e-04
-2.835810655310966430e-04
-2.597625956716241927e-04
-2.379092933987318390e-04
-2.178628359556159639e-04
-1.994772369955484449e-04
-1.826179324103522597e-04
-1.671609284312163121e-04
-1.529920084285197246e-04
-1.400059949534907563e-04
-1.281060636909494156e-04
-1.172031061260341039e-04
-1.072151378662034211e-04
-9.806674970080350500e-05
-8.968859862235112389e-05
-8.201693617497464103e-05
-7.499317163498177210e-05
-6.856346766536327718e-05
-6.267836621942366794e-05
-5.729244259809047440e-05
