0.000000000000000000e+00
-5.308817797592794291e-03
-9.607233977594427030e-03
-1.303947718013082589e-02
-1.573147581894452154e-02
-1.779303495238611366e-02
-1.931976456640876333e-02
-2.039478686855391090e-02
-2.109024719032687178e-02
-2.146865041511495861e-02
-2.158404245592138865e-02
-2.148305417125388750e-02
-2.120582320128438364e-02
-2.078680750550864278e-02
-2.025550286576378520e-02
-1.963707526508323351e-02
-1.895291784601143073e-02
-1.822114107603468522e-02
-1.745700378872632255e-02
-1.667329191454814882e-02
-1.588065095381009303e-02
-1.508787756606461312e-02
-1.430217504625965787e-02
-1.352937692029936891e-02
-1.277414241412067747e-02
-1.204012712460062091e-02
-1.133013184185828123e-02
-1.064623213570921323e-02
-9.989891019615717779e-03
-9.362056739387192641e-03
-8.763247497489584301e-03
-8.193624713879842439e-03
-7.653056237896946161e-03
-7.141170760332123287e-03
-6.657404528064105910e-03
-6.201041333523680914e-03
-5.771246635912969693e-03
-5.367096568912881234e-03
-4.987602499109782851e-03
-4.631731719260095102e-03
-4.298424789631344160e-03
-3.986609977978581264e-03
-3.695215193317132659e-03
-3.423177759718046623e-03
-3.169452333153056911e-03
-2.933017226302766459e-03
-2.712879372638403279e-03
-2.508078131480737712e-03
-2.317688109673004659e-03
-2.140821152572690376e-03
-1.976627636908817251e-03
-1.824297180347075279e-03
-1.683058867069951508e-03
-1.552181075060603483e-03
-1.430970978853477382e-03
-1.318773791082581033e-03
-1.214971797043868209e-03
-1.118983228534821102e-03
-1.030261016303743492e-03
-9.482914544108209066e-04
-8.725928045640530184e-04
-8.027138639498022530e-04
-7.382325161448604831e-04
-6.787542812996519206e-04
-6.239108788541263906e-04
-5.733588135304597353e-04
-5.267779931883400301e-04
-4.838703852837127170e-04
-4.443587171003611914e-04
-4.079852235902573432e-04
-3.745104455321196513e-04
-3.437120797708195937e-04
-3.153838825091137186e-04
-2.893346259666430809e-04
-2.653871081807706147e-04
-2.433772152834308910e-04
-2.231530352336525531e-04
-2.045740217043861013e-04
-1.875102066039722375e-04
-1.718414595476317971e-04
-1.574567924745417906e-04
-1.442537075243244499e-04
-1.321375862369230996e-04
-1.210211181165620013e-04
-1.108237665991668695e-04
-1.014712704793077386e-04
-9.289517888397620562e-05
-8.503241792342791509e-05
-7.782488720138677101e-05
-7.121908442599538002e-05
-6.516575642720497520e-05
-5.961957495428521085e-05
-5.453883569753163486e-05
-4.988517904997285401e-05
-4.562333119704155320e-05
-4.172086419404682920e-05
-3.814797376226040671e-05
-3.487727360403836314e-05
-3.188360510524904903e-05
-2.914386135908222052e-05
