0.000000000000000000e+00
7.457756361968740852e-03
1.349611402181009369e-02
1.831768344752033456e-02
2.209936719340577921e-02
2.499541793938734116e-02
2.714014731720593848e-02
2.865032429421889362e-02
2.962729766888451063e-02
3.015887346685830125e-02
3.032097466513919426e-02
3.017910767117212151e-02
2.978965730597738296e-02
2.920102965099301978e-02
2.845465998673417721e-02
2.758590115016537614e-02
2.662480594230490216e-02
2.559681570607761844e-02
2.452336584716072534e-02
2.342241786995703789e-02
2.230892643116973509e-02
2.119524896069048536e-02
2.009150455108817818e-02
1.900588806166728095e-02
1.794494471081685763e-02
1.691380983222248030e-02
1.591641793844899080e-02
1.495568476226154589e-02
1.403366552543872103e-02
1.315169231103316405e-02
1.231049308295031029e-02
1.151029460179050709e-02
1.075091122406954085e-02
1.003182133956842699e-02
9.352232995429291332e-03
8.711140072821272479e-03
8.107370219973786610e-03
7.539625601816674072e-03
7.006517399330093598e-03
6.506594879166337046e-03
6.038369754534221590e-03
5.600336470285152864e-03
5.190988967317766364e-03
4.808834412675270370e-03
4.452404321023548973e-03
4.120263439657260995e-03
3.811016721975600801e-03
3.523314672778276278e-03
3.255857312113946255e-03
3.007396972198906303e-03
2.776740113605736127e-03
2.562748322050928135e-03
2.364338625286835447e-03
2.180483250472368528e-03
2.010208925643699150e-03
1.852595814251401614e-03
1.706776158926581223e-03
1.571932699465754691e-03
1.447296920288273147e-03
1.332147174148572621e-03
1.225806721525926537e-03
1.127641718731920741e-03
1.037059182251072855e-03
9.535049520575526781e-04
8.764616725376586301e-04
8.054468061112422372e-04
7.400106916132678878e-04
6.797346569049959831e-04
6.242291929766613599e-04
5.731321949303154473e-04
5.261072736490149566e-04
4.828421406284912564e-04
4.430470673360178534e-04
4.064534195389029464e-04
3.728122662859261242e-04
3.418930626063771826e-04
3.134824044933363051e-04
2.873828543430528805e-04
2.634118347156185272e-04
2.414005880504028730e-04
2.211931998014065204e-04
2.026456823428595647e-04
1.856251169253622408e-04
1.700088509301650919e-04
1.556837476673316042e-04
1.425454859869638860e-04
1.304979070165740516e-04
1.194524053979731468e-04
1.093273624701935140e-04
1.000476189279637978e-04
9.154398457559770135e-05
8.375278289166430544e-05
7.661542821870125910e-05
7.007803349298915966e-05
6.409104653077827435e-05
5.860891298832488015e-05
5.358976421280002767e-05
4.899512829891862958e-05
4.478966276145097291e-05
4.094090732621932918e-05
