0.000000000000000000e+00
1.842161007566789008e-02
3.333712419386510029e-02
4.524701607048153135e-02
5.458825759339477196e-02
6.174187256986148065e-02
6.703962787298244075e-02
7.076995775579446313e-02
7.318320668601942247e-02
7.449626675404102949e-02
7.489667740338286361e-02
7.454624782126405280e-02
7.358425571221237360e-02
7.213027027563072291e-02
7.028664194293282597e-02
6.814069673363713775e-02
6.576666890201125770e-02
6.322740181225430800e-02
6.057584365227072776e-02
5.785636163043009206e-02
5.510589565750855651e-02
5.235497016256398378e-02
4.962858059577953534e-02
4.694696930557806097e-02
4.432630381677151593e-02
4.177926905900525290e-02
3.931558378049116592e-02
3.694245021330515300e-02
3.466494501755602170e-02
3.248635860840259904e-02
3.040848914960408295e-02
2.843189676878565483e-02
2.655612290284692367e-02
2.477987910797191731e-02
2.310120915952175447e-02
2.151762781556945670e-02
2.002623921761000070e-02
1.862383754737250569e-02
1.730699224461774294e-02
1.607211981281429780e-02
1.491554399363228915e-02
1.383354587369499920e-02
1.282240529479804908e-02
1.187843476900225098e-02
1.099800695010401744e-02
1.017757658073442477e-02
9.413697717734427831e-03
8.703036935718128780e-03
8.042383118284366847e-03
7.428654366762844734e-03
6.858902486431887879e-03
6.330315448711118162e-03
5.840218173925014467e-03
5.386071931977551644e-03
4.965472616895700610e-03
4.576148115000169478e-03
4.215954954834636760e-03
3.882874399386492762e-03
3.575008117082989750e-03
3.290573547121022294e-03
3.027899056509574926e-03
2.785418970438401087e-03
2.561668543939534491e-03
2.355278931019637832e-03
2.164972197280817801e-03
1.989556413312013917e-03
1.827920858643635816e-03
1.679031359656291177e-03
1.541925779381353705e-03
1.415709672504075452e-03
1.299552114970993271e-03
1.192681714318002441e-03
1.094382804090121824e-03
1.003991823445801431e-03
9.208938811635293976e-04
8.445195017403264335e-04
7.743415500415412904e-04
7.098723299862032482e-04
6.506608519946902470e-04
5.962902633530808502e-04
5.463754352327942349e-04
5.005606998204942433e-04
4.585177308402416520e-04
4.199435606691084583e-04
3.845587272428884276e-04
3.521055440064316082e-04
3.223464862715728603e-04
2.950626874945489896e-04
2.700525391654720977e-04
2.471303882074559551e-04
2.261253260061494110e-04
2.068800634263433041e-04
1.892498864165968926e-04
1.731016870517138560e-04
1.583130651132999924e-04
1.447714955580354439e-04
1.323735574695784488e-04
1.210242203315602734e-04
1.106361836945687140e-04
1.011292665383573848e-04
