0.000000000000000000e+00
-7.091445600032605457e-04
-1.283321065375193784e-03
-1.741795378957871135e-03
-2.101388844590941062e-03
-2.376769070536543550e-03
-2.580707506862416848e-03
-2.724307503417975306e-03
-2.817206134089956203e-03
-2.867752715000651455e-03
-2.883166624674225048e-03
-2.869676748881446263e-03
-2.832644618242597355e-03
-2.776673079466095498e-03
-2.705702138412062994e-03
-2.623093432387656448e-03
-2.531704627870644871e-03
-2.433954896131674400e-03
-2.331882491115988554e-03
-2.227195339781577396e-03
-2.121315453378614952e-03
-2.015417877558631048e-03
-1.910464818526697115e-03
-1.807235510628063405e-03
-1.706352326837839084e-03
-1.608303576745419164e-03
-1.513463386032336787e-03
-1.422109006452131758e-03
-1.334435865325454005e-03
-1.250570628019796000e-03
-1.170582515305904374e-03
-1.094493089439014773e-03
-1.022284697916076100e-03
-9.539077417650546932e-04
-8.892869156214837801e-04
-8.283265494659913667e-04
-7.709151664897130217e-04
-7.169293579038502669e-04
-6.662370634204359742e-04
-6.187003354300809775e-04
-5.741776554343965781e-04
-5.325258629181300191e-04
-4.936017494460711533e-04
-4.572633642331685446e-04
-4.233710716657620521e-04
-3.917883961607374174e-04
-3.623826852607206863e-04
-3.350256179086016440e-04
-3.095935813627107274e-04
-2.859679371507565008e-04
-2.640351937679185149e-04
-2.436871014595792904e-04
-2.248206823540066914e-04
-2.073382073911719705e-04
-1.911471299008631964e-04
-1.761599842897494292e-04
-1.622942570795555346e-04
-1.494722364761065948e-04
-1.376208457232252298e-04
-1.266714646899236058e-04
-1.165597434395224206e-04
-1.072254109224304728e-04
-9.861208140897709078e-05
-9.066706082488370849e-05
-8.334115476083514258e-05
-7.658847959133456074e-05
-7.036627784971865283e-05
-6.463473875976978036e-05
-5.935682461444298502e-05
-5.449810351410686493e-05
-5.002658882622122602e-05
-4.591258560190264617e-05
-4.212854407914649630e-05
-3.864892031477497672e-05
-3.545004391499852404e-05
-3.250999277565066548e-05
-2.980847469580059472e-05
-2.732671569090869650e-05
-2.504735480253033182e-05
-2.295434517953870730e-05
-2.103286118983290059e-05
-1.926921131057861142e-05
-1.765075653836994349e-05
-1.616583405759121678e-05
-1.480368590508149499e-05
-1.355439237143319017e-05
-1.240880988343055453e-05
-1.135851311786683214e-05
-1.039574110393381568e-05
-9.513347079270292696e-06
-8.704751873346275838e-06
-7.963900600941465000e-06
-7.285222457880023798e-06
-6.663593420764507678e-06
-6.094301662091191280e-06
-5.573015501729691834e-06
-5.095753725230617576e-06
-4.658858108723179427e-06
-4.258967999227956756e-06
-3.892996808000009424e-06
