0.000000000000000000e+00
-5.845845833368218392e-02
-1.057908010020234268e-01
-1.435852128459403354e-01
-1.732283643462191325e-01
-1.959293824070317269e-01
-2.127410837934705090e-01
-2.245787751314981540e-01
-2.322368903264721562e-01
-2.364037067426685845e-01
-2.376743551368515617e-01
-2.365623148189295311e-01
-2.335095645222218241e-01
-2.288955407364041961e-01
-2.230450385475552799e-01
-2.162351751268939415e-01
-2.087015227203970480e-01
-2.006435061434033162e-01
-1.922291492235662924e-01
-1.835992452244064876e-01
-1.748710178970557527e-01
-1.661413323394566044e-01
-1.574895081918066542e-01
-1.489797817763922894e-01
-1.406634585204641907e-01
-1.325807923121511966e-01
-1.247626242687642217e-01
-1.172318096880752836e-01
-1.100044586561314403e-01
-1.030910128551023319e-01
-9.649717851157522952e-02
-9.022473311390775963e-02
-8.427222147486126969e-02
-7.863555489432637324e-02
-7.330852556114685059e-02
-6.828324690020572130e-02
-6.355052930087391749e-02
-5.910019953762749717e-02
-5.492137119706490267e-02
-5.100267254339268391e-02
-4.733243747394560996e-02
-4.389886452610525930e-02
-4.069014828696296965e-02
-3.769458701822533953e-02
-3.490066983316565674e-02
-3.229714634273910673e-02
-2.987308131795343019e-02
-2.761789658956993049e-02
-2.552140211917335727e-02
-2.357381792313217872e-02
-2.176578830899668360e-02
-2.008838968893042129e-02
-1.853313306370321656e-02
-1.709196212081420113e-02
-1.575724775899172217e-02
-1.452177973644341001e-02
-1.337875603986510113e-02
-1.232177048363819298e-02
-1.134479897232839977e-02
-1.044218479319413556e-02
-9.608623247723534558e-03
-8.839145881189629586e-03
-8.129104525906335685e-03
-7.474155336458510913e-03
-6.870242962936696021e-03
-6.313584980486226621e-03
-5.800656669713673795e-03
-5.328176222178257135e-03
-4.893090427891236445e-03
-4.492560887062952216e-03
-4.123950775932707334e-03
-3.784812186090946284e-03
-3.472874047991224202e-03
-3.186030642119975533e-03
-2.922330695341745881e-03
-2.679967055088098259e-03
-2.457266930154645632e-03
-2.252682683776098451e-03
-2.064783162245426452e-03
-1.892245540526817831e-03
-1.733847664992754604e-03
-1.588460872515468384e-03
-1.455043264594067407e-03
-1.332633414942323508e-03
-1.220344488947565104e-03
-1.117358753594843365e-03
-1.022922456794667524e-03
-9.363410555251919058e-04
-8.569747727730831930e-04
-7.842344639079266945e-04
-7.175777738331877995e-04
-6.565055670053826856e-04
-6.005586131882996751e-04
-5.493145125989116334e-04
-5.023848448962366662e-04
-4.594125272558421480e-04
-4.200693675542405896e-04
-3.840537994539211714e-04
-3.510887869268976107e-04
-3.209198864792531984e-04
