0.000000000000000000e+00
-5.466461251431891516e-03
-9.892517369078505582e-03
-1.342667981116932134e-02
-1.619861639084532387e-02
-1.832139278855931738e-02
-1.989345809474719895e-02
-2.100040280130054809e-02
-2.171651456965019433e-02
-2.210615434343540450e-02
-2.222497290979833645e-02
-2.212098581398318220e-02
-2.183552256909232492e-02
-2.140406435145704098e-02
-2.085698280965159884e-02
-2.022019122161308746e-02
-1.951571799163494270e-02
-1.876221137108568734e-02
-1.797538329916739674e-02
-1.716839937999340912e-02
-1.635222122821411439e-02
-1.553590671705456713e-02
-1.472687304074085136e-02
-1.393112694965130058e-02
-1.315346602377772713e-02
-1.239765441164454238e-02
-1.166657607183595527e-02
-1.096236820747400337e-02
-1.028653727568472169e-02
-9.640059680099117081e-03
-9.023469011020805036e-03
-8.436931481714876266e-03
-7.880311017353489392e-03
-7.353225282833156760e-03
-6.855093784584446494e-03
-6.385179047509445538e-03
-5.942621749418490300e-03
-5.526470590111167737e-03
-5.135707579056715544e-03
-4.769269343137739169e-03
-4.426064982936214580e-03
-4.104990941499860914e-03
-3.804943292484024280e-03
-3.524827804176500039e-03
-3.263568091430387244e-03
-3.020112128285199014e-03
-2.793437359455257403e-03
-2.582554618378482460e-03
-2.386511032677883851e-03
-2.204392074275142790e-03
-2.035322890638830481e-03
-1.878469035419826592e-03
-1.733036700729967622e-03
-1.598272539297177636e-03
-1.473463152450443488e-03
-1.357934309146133049e-03
-1.251049951862053542e-03
-1.152211036996102136e-03
-1.060854250269984604e-03
-9.764506314289524364e-04
-8.985041371339890079e-04
-8.265501662645950882e-04
-7.601540678007061031e-04
-6.989096479541017769e-04
-6.424376902046588771e-04
-5.903844993046094896e-04
-5.424204780915313712e-04
-4.982387440511141467e-04
-4.575537909525801534e-04
-4.201001995065993576e-04
-3.856313998355943157e-04
-3.539184875714150949e-04
-3.247490945807098993e-04
-2.979263146422851606e-04
-2.732676838443311488e-04
-2.506042150159172089e-04
-2.297794851421165534e-04
-2.106487744227515863e-04
-1.930782554099674917e-04
-1.769442304899918170e-04
-1.621324158510622701e-04
-1.485372699953402850e-04
-1.360613648012949227e-04
-1.246147971190726764e-04
-1.141146388800111085e-04
-1.044844237186320511e-04
-9.565366813763095596e-05
-8.755742529057036793e-05
-8.013586951059840100e-05
-7.333390977435505107e-05
-6.710083035644776289e-05
-6.138995699988378956e-05
-5.615834700033438411e-05
-5.136650167596038593e-05
-4.697809976883316537e-05
-4.295975039799297023e-05
-3.928076425726907982e-05
-3.591294182266226961e-05
-3.283037740395412611e-05
-3.000927794296588078e-05
