0.000000000000000000e+00
1.480852091480848107e-02
2.679860765897362773e-02
3.637257444165658410e-02
4.388168846014570135e-02
4.963224210667074171e-02
5.389093175896271515e-02
5.688962013972055642e-02
5.882955085745288776e-02
5.988507626483195040e-02
6.020695309595229527e-02
5.992525438586895903e-02
5.915194085853570094e-02
5.798313022477433187e-02
5.650109859932204298e-02
5.477604447086328182e-02
5.286764229252141623e-02
5.082640975896463714e-02
4.869491016106510667e-02
4.650880882505511321e-02
4.429780051914834066e-02
4.208642281873908181e-02
3.989476873661458589e-02
3.773911042481551542e-02
3.563244441992768907e-02
3.358496771587209800e-02
3.160449289176479881e-02
2.969680958292492123e-02
2.786599874791633943e-02
2.611470544227425389e-02
2.444437515016247703e-02
2.285545813958789890e-02
2.134758578689411462e-02
1.991972235486173803e-02
1.857029529943192425e-02
1.729730681710634280e-02
1.609842902334819928e-02
1.497108486725269236e-02
1.391251663530599335e-02
1.291984367358504741e-02
1.199011076003581727e-02
1.112032838362787997e-02
1.030750603265516430e-02
9.548679457953439947e-03
8.840932756303583259e-03
8.181416012976078928e-03
7.567359148638421948e-03
6.996082533261415749e-03
6.465004856949172103e-03
5.971648683650826461e-03
5.513644057482093574e-03
5.088730482000234506e-03
4.694757549441702996e-03
4.329684458944381940e-03
3.991578629510366544e-03
3.678613584365780006e-03
3.389066257950074969e-03
3.121313854581986465e-03
2.873830368517022414e-03
2.645182858289899051e-03
2.434027553621707571e-03
2.239105860498238551e-03
2.059240319055567064e-03
1.893330559432522152e-03
1.740349292582098065e-03
1.599338366011643147e-03
1.469404908401176222e-03
1.349717581902951449e-03
1.239502956541831818e-03
1.138042017416503269e-03
1.044666812259287692e-03
9.587572442713007464e-04
8.797380129428102611e-04
8.070757037373030036e-04
7.402760260104387013e-04
6.788811973066281695e-04
6.224674711870776655e-04
5.706428049592397831e-04
5.230446630686890006e-04
4.793379514543118030e-04
4.392130778334843791e-04
4.023841326559080022e-04
3.685871853257142203e-04
3.375786902265203609e-04
3.091339970804358041e-04
2.830459602185569543e-04
2.591236414276641763e-04
2.371911011575469246e-04
2.170862730186216415e-04
1.986599166643238025e-04
1.817746443321428687e-04
1.663040165068110942e-04
1.521317023655272135e-04
1.391507008651631004e-04
1.272626185326931924e-04
1.163770002205707953e-04
1.064107092867551358e-04
9.728735385326101558e-05
8.893675598636369617e-05
8.129446082514648622e-05
