0.000000000000000000e+00
5.851737835196392512e-02
1.058974270764487940e-01
1.437299317387578657e-01
1.734029604386431722e-01
1.961268587538669006e-01
2.129555045788227297e-01
2.248051270729213846e-01
2.324709608478948142e-01
2.366419769796913042e-01
2.379139060546987261e-01
2.368007449163218037e-01
2.337449177662652422e-01
2.291262435265430941e-01
2.232698446427461569e-01
2.164531175912488559e-01
2.089118720502395055e-01
2.008457338344347975e-01
1.924228961219515699e-01
1.837842940812098591e-01
1.750472696126351979e-01
1.663087854440683799e-01
1.576482411616170753e-01
1.491299378310691204e-01
1.408052325901854862e-01
1.327144198988085555e-01
1.248883719588732150e-01
1.173499671039037323e-01
1.101153316572307111e-01
1.031949178251484883e-01
9.659443758552455073e-02
9.031567021823905250e-02
8.435715906937667208e-02
7.871481131784548169e-02
7.338241289566420356e-02
6.835206927887216288e-02
6.361458159467285600e-02
5.915976636399392780e-02
5.497672620106651420e-02
5.105407790857561384e-02
4.738014362564337695e-02
4.394310999501006149e-02
4.073115970514423756e-02
3.773257922362287242e-02
3.493584606194810593e-02
3.232969849185839822e-02
2.990319026279318268e-02
2.764573254382435979e-02
2.554712502604260943e-02
2.359757786861471293e-02
2.178772594953045164e-02
2.010863668690916414e-02
1.855181252549638338e-02
1.710918903286995363e-02
1.577312941842123201e-02
1.453641617318744347e-02
1.339224042814568701e-02
1.233418954091156962e-02
1.135623334439200827e-02
1.045270942446997926e-02
9.618307736051753820e-03
8.848054816727100175e-03
8.137297813942545241e-03
7.481688504140611429e-03
6.877167450042832864e-03
6.319948414505478264e-03
5.806503125586231703e-03
5.333546467124285206e-03
4.898022151814229730e-03
4.497088919055972599e-03
4.128107287445960047e-03
3.788626881338715783e-03
3.476374342186973158e-03
3.189241828131901806e-03
2.925276099358594794e-03
2.682668181877637115e-03
2.459743598485880124e-03
2.254953152561871201e-03
2.066864247945170759e-03
1.894152726330538324e-03
1.735595202287289500e-03
1.590061875113145829e-03
1.456509796182383623e-03
1.333976570191527412e-03
1.221574468691272869e-03
1.118484934477228122e-03
1.023953455756547708e-03
9.372847894805859739e-04
8.578385138076237079e-04
7.850248903110123569e-04
7.183010172569450789e-04
6.571672560254595728e-04
6.011639135242464191e-04
5.498681642354295244e-04
5.028911963309048690e-04
4.598755670840611303e-04
4.204927535880394760e-04
3.844408855579684796e-04
3.514426477424902745e-04
3.212433401952304122e-04
