0.000000000000000000e+00
5.722323953089161752e-02
1.035554566175704572e-01
1.405512779840659421e-01
1.695680739636754863e-01
1.917894227832784293e-01
2.082458953413944547e-01
2.198334579668429767e-01
2.273297582910112358e-01
2.314085304766246021e-01
2.326523302532940707e-01
2.315637871870839526e-01
2.285755410643521279e-01
2.240590109364108962e-01
2.183321290159615236e-01
2.116661570283178417e-01
2.042916896118368852e-01
1.964039377642392836e-01
1.881673749939066498e-01
1.797198196229845835e-01
1.711760184816313313e-01
1.626307899222247111e-01
1.541617775723921890e-01
1.458318604501843696e-01
1.376912599065654441e-01
1.297793792708072103e-01
1.221264079918550072e-01
1.147547184383315017e-01
1.076800802924864769e-01
1.009127146052496427e-01
9.445820703146251551e-02
8.831829750140980650e-02
8.249156157574957793e-02
7.697399694801670966e-02
7.175952697721039997e-02
6.684043173040971064e-02
6.220771577213425607e-02
5.785142083564982080e-02
5.376089053590166894e-02
4.992499342023540981e-02
4.633230988905444325e-02
4.297128784294530768e-02
3.983037131567336575e-02
3.689810582498952857e-02
3.416322370754532045e-02
3.161471229339565814e-02
2.924186741336150946e-02
2.703433441339624793e-02
2.498213856912830794e-02
2.307570654657135206e-02
2.130588033770930076e-02
1.966392490883111382e-02
1.814153063203738370e-02
1.673081142354975598e-02
1.542429938390736492e-02
1.421493662268817106e-02
1.309606485214919944e-02
1.206141324845106007e-02
1.110508500442813733e-02
1.022154293286414023e-02
9.405594422762541748e-03
8.652376002128973898e-03
7.957337718390923229e-03
7.316227510961072732e-03
6.725075718889320098e-03
6.180179839413265513e-03
5.678089629952474612e-03
5.215592626205727694e-03
4.789700132071488328e-03
4.397633722738738399e-03
4.036812290152971827e-03
3.704839649856668613e-03
3.399492719675720111e-03
3.118710273646522341e-03
2.860582268753863750e-03
2.623339737302730727e-03
2.405345233925895720e-03
2.205083823199959631e-03
2.021154591489542941e-03
1.852262664861268173e-03
1.697211713617697822e-03
1.554896923120352350e-03
1.424298410033563150e-03
1.304475062870022592e-03
1.194558785704663085e-03
1.093749124103335661e-03
1.001308252649610884e-03
9.165563039156358329e-04
8.388670192841996475e-04
7.676637026660532983e-04
7.024154588497177323e-04
6.426336989538351157e-04
5.878688962109260719e-04
5.377075760845260099e-04
4.917695254995000081e-04
4.497052067400531417e-04
4.111933623349859810e-04
3.759387980000544142e-04
3.436703314386322576e-04
3.141388955111730215e-04
