0.000000000000000000e+00
5.535166602243544315e-02
1.001685171354584902e-01
1.359543336200085550e-01
1.640220909380373238e-01
1.855166565815412894e-01
2.014348950526867743e-01
2.126434687321205053e-01
2.198945910968939377e-01
2.238399608042099809e-01
2.250430802081685999e-01
2.239901396066605044e-01
2.210996286405870481e-01
2.167308185335131421e-01
2.111912430391982842e-01
2.047432918536353508e-01
1.976100176650947282e-01
1.899802467972574738e-01
1.820130734010333706e-01
1.738418082397017728e-01
1.655774451729622732e-01
1.573117013740585324e-01
1.491196810171064036e-01
1.410622065657673729e-01
1.331878568049643108e-01
1.255347463178614897e-01
1.181320771613351001e-01
1.110014899814982386e-01
1.041582386890404499e-01
9.761221003979898836e-02
9.136880700123672927e-02
8.542971259655909866e-02
7.979354897488995235e-02
7.445644473131421415e-02
6.941252197066248575e-02
6.465431325221912551e-02
6.017311734996968337e-02
5.595930169751362621e-02
5.200255844315658516e-02
4.829212020541646250e-02
4.481694088015510807e-02
4.156584619702652361e-02
3.852765814533382072e-02
3.569129687917683286e-02
3.304586326135830476e-02
3.058070480813539216e-02
2.828546744654224926e-02
2.615013518731882161e-02
2.416505954469941667e-02
2.232098029521752819e-02
2.060903895750629267e-02
1.902078619048273508e-02
1.754818414532829246e-02
1.618360466468760778e-02
1.491982409816556762e-02
1.375001539443361682e-02
1.266773803522589642e-02
1.166692629358096790e-02
1.074187622642420320e-02
9.887231748710216886e-03
9.097970081721478905e-03
8.369386820748487762e-03
7.697080826371732569e-03
7.076939108144224451e-03
6.505121838944435617e-03
5.978047612021689626e-03
5.492379030252471893e-03
5.045008697890442616e-03
4.633045668707968037e-03
4.253802390523998660e-03
3.904782174367898463e-03
3.583667206657143237e-03
3.288307114517871610e-03
3.016708087531981986e-03
2.767022553560371644e-03
2.537539401700171070e-03
2.326674741737546747e-03
2.132963186527539381e-03
1.955049641456361054e-03
1.791681583421701404e-03
1.641701810517339410e-03
1.504041642756138259e-03
1.377714553645704955e-03
1.261810212188312205e-03
1.155488914862913812e-03
1.057976387321038275e-03
9.685589358541876618e-04
8.865789291378419227e-04
8.114305913000351145e-04
7.425560879785354914e-04
6.794418877011719309e-04
6.216153816327070480e-04
5.686417454656456398e-04
5.201210279801896878e-04
4.756854515509417085e-04
4.349969106273325939e-04
3.977446549547663168e-04
3.636431450292377794e-04
3.324300679856051965e-04
3.038645028057932471e-04
