0.000000000000000000e+00
5.329292341060985067e-02
9.644286243688873772e-02
1.308976659530874664e-01
1.579214747839002564e-01
1.786165743698689690e-01
1.939427519655122500e-01
2.047344354244730602e-01
2.117158604943200906e-01
2.155144866378097823e-01
2.166728573763345711e-01
2.156590797095639112e-01
2.128760780295414490e-01
2.086697608730277431e-01
2.033362236236493092e-01
1.971280966894342901e-01
1.902601365661980848e-01
1.829141463960857195e-01
1.752433030030084438e-01
1.673759588071874194e-01
1.594189793772511909e-01
1.514606705699218236e-01
1.435733431445061214e-01
1.358155573419232709e-01
1.282340851141363369e-01
1.208656234154985715e-01
1.137382881654097899e-01
1.068729151106277558e-01
1.002841908098869583e-01
9.398163429232374300e-02
8.797044756813726663e-02
8.225225106238844008e-02
7.682571817180601503e-02
7.168712148400196993e-02
6.683080172546948527e-02
6.224956919850424542e-02
5.793504630935181893e-02
5.387795876402397266e-02
5.006838209971133102e-02
4.649594941550751204e-02
4.315002545462400668e-02
4.001985156106159514e-02
3.709466547758831501e-02
3.436379946064030411e-02
3.181675975410082347e-02
2.944329008131127759e-02
2.723342147733873869e-02
2.517751048631503008e-02
2.326626748698952529e-02
2.149077667943372072e-02
1.984250906347573978e-02
1.831332956171751597e-02
1.689549928403601825e-02
1.558167379376084599e-02
1.436489811600297553e-02
1.323859912388623133e-02
1.219657584693706331e-02
1.123298816604767839e-02
1.034234428985463146e-02
9.519487346837759989e-03
8.759581374852882033e-03
8.058096944202720185e-03
7.410796610870534588e-03
6.813720362436984611e-03
6.263171189807264193e-03
5.755700892604014886e-03
5.288096204414945850e-03
4.857365305563860446e-03
4.460724775298237181e-03
4.095587021900627504e-03
3.759548217922761143e-03
3.450376758236735775e-03
3.166002250655539953e-03
2.904505042284461457e-03
2.664106279340400923e-03
2.443158493755158683e-03
2.240136706319934175e-03
2.053630033307188903e-03
1.882333781314606035e-03
1.725042013419990578e-03
1.580640568533162515e-03
1.448100515010368895e-03
1.326472019096283346e-03
1.214878608525003572e-03
1.112511811598195823e-03
1.018626152226031600e-03
9.325344817302731303e-04
8.536036286396968091e-04
7.812503482307278256e-04
7.149375541592952908e-04
6.541708151755021121e-04
5.984951005951901588e-04
5.474917589091706340e-04
5.007757146308981474e-04
4.579928692077746603e-04
4.188176925427678009e-04
3.829509923855251127e-04
3.501178495509314976e-04
3.200657076041734089e-04
2.925626063119474889e-04
