0.000000000000000000e+00
5.526363953164435683e-02
1.000092178101661400e-01
1.357381236347199593e-01
1.637612444249144927e-01
1.852216269747440913e-01
2.011145504594965272e-01
2.123052989951057790e-01
2.195448898035244623e-01
2.234839851369116726e-01
2.246851912040776778e-01
2.236339251080148860e-01
2.207480109599818385e-01
2.163861486297373182e-01
2.108553827960212568e-01
2.044176858730026303e-01
1.972957558252944055e-01
1.896781186835633237e-01
1.817236155891745752e-01
1.735653452995273016e-01
1.653141251593095440e-01
1.570615264827242563e-01
1.488825340047201518e-01
1.408378734621856254e-01
1.329760463845557350e-01
1.253351067408660646e-01
1.179442101475733085e-01
1.108249628353831923e-01
1.039925944564881605e-01
9.745697604368615263e-02
9.122350197202899746e-02
8.529385258818793225e-02
7.966665223250139760e-02
7.433803565680105474e-02
6.930213431361237353e-02
6.455149263779003110e-02
6.007742324099505510e-02
5.587030887562538517e-02
5.191985808270033198e-02
4.821532060424779664e-02
4.474566790289598306e-02
4.149974347888966963e-02
3.846638709807107676e-02
3.563453653496635037e-02
3.299330998542112509e-02
3.053207190647914959e-02
2.824048469139454551e-02
2.610854827946822165e-02
2.412662952904974512e-02
2.228548294332917748e-02
2.057626412870040139e-02
1.899053718117997905e-02
1.752027703464723377e-02
1.615786766290693358e-02
1.489609690343127527e-02
1.372814856204225206e-02
1.264759236291587534e-02
1.164837222549698278e-02
1.072479327776749806e-02
9.871507952535329977e-03
9.083501458874758405e-03
8.356076873553672582e-03
7.684840056343125551e-03
7.065684557739551619e-03
6.494776657149570719e-03
5.968540643381305306e-03
5.483644426818282298e-03
5.036985553446953097e-03
4.625677674549925379e-03
4.247037511996135974e-03
3.898572347332631294e-03
3.577968053026658966e-03
3.283077675970943847e-03
3.011910576530616671e-03
2.762622120785123390e-03
2.533503919034026282e-03
2.322974599945167983e-03
2.129571106798259280e-03
1.951940500004502744e-03
1.788832248365739182e-03
1.639090990289333340e-03
1.501649745324147318e-03
1.375523555863992445e-03
1.259803538622637038e-03
1.153651325470714511e-03
1.056293873398549263e-03
9.670186236942422383e-04
8.851689908731167180e-04
8.101401624366342310e-04
7.413751911539698865e-04
6.783613622288841953e-04
6.206268184222571470e-04
5.677374269334740497e-04
5.192938725904821737e-04
4.749289626495339293e-04
4.343051292538150179e-04
3.971121163389929932e-04
3.630648384983343698e-04
3.319014000263362804e-04
3.033812630448232562e-04
