0.000000000000000000e+00
5.230946662284178400e-02
9.466312543570074012e-02
1.284821070036804569e-01
1.550072239533734630e-01
1.753204203736151989e-01
1.903637717998092616e-01
2.009563077234136630e-01
2.078088989925638563e-01
2.115374260604928891e-01
2.126744204606101085e-01
2.116793508410597380e-01
2.089477061089663745e-01
2.048190114751881064e-01
1.995838982392626748e-01
1.934903348189637440e-01
1.867491146373380928e-01
1.795386858782598294e-01
1.720093986716334789e-01
1.642872368481787804e-01
1.564770939010192152e-01
1.486656461085270331e-01
1.409238698219390795e-01
1.333092446233789807e-01
1.258676793447050801e-01
1.186351937421260827e-01
1.116393848895740337e-01
1.049007040351666170e-01
9.843356671486543086e-02
9.224731629557594847e-02
8.634705879065737721e-02
8.073438472217553397e-02
7.540799196772660085e-02
7.036422189983390640e-02
6.559751968007487832e-02
6.110082828796678522e-02
5.686592472816931476e-02
5.288370585263238444e-02
4.914443034256821274e-02
4.563792260575479098e-02
4.235374364627294413e-02
3.928133334617678329e-02
3.641012805274407294e-02
3.372965688278466156e-02
3.122961972982647369e-02
2.889994958445789991e-02
2.673086144700072622e-02
2.471288981996331777e-02
2.283691651087940352e-02
2.109419025018204399e-02
1.947633943013677219e-02
1.797537909641203774e-02
1.658371317079180077e-02
1.529413274934872391e-02
1.409981120288821520e-02
1.299429670368283316e-02
1.197150271270907076e-02
1.102569688323134546e-02
1.015148876828895000e-02
9.343816660221682460e-03
8.597933838748851934e-03
7.909394459349138734e-03
7.274039274937294658e-03
6.687981350359105404e-03
6.147591900374943866e-03
5.649486356997075569e-03
5.190510750779143458e-03
4.767728472477784050e-03
4.378407466021882501e-03
4.020007890586148151e-03
3.690170278465955151e-03
3.386704206121316559e-03
3.107577487962257228e-03
2.850905895978808439e-03
2.614943402994397616e-03
2.398072942982044670e-03
2.198797678389630226e-03
2.015732761651450791e-03
1.847597575912324859e-03
1.693208438365160010e-03
1.551471748422310034e-03
1.421377562135656527e-03
1.301993573789135116e-03
1.192459485358075225e-03
1.091981744516708165e-03
9.998286320396026442e-04
9.153256797507060630e-04
8.378514005965635421e-04
7.668333129333039120e-04
7.017442416991970288e-04
6.420988797782399690e-04
5.874505935301284690e-04
5.373884571556191043e-04
4.915345012730076542e-04
4.495411617924879063e-04
4.110889158833409482e-04
3.758840925282527952e-04
3.436568458449296517e-04
3.141592800237256685e-04
2.871637153783846244e-04
