0.000000000000000000e+00
5.303447649934871916e-02
9.597515756511894314e-02
1.302628706502249323e-01
1.571556260601356114e-01
1.777503636425973033e-01
1.930022161119848145e-01
2.037415647189843582e-01
2.106891329907795984e-01
2.144693374915634387e-01
2.156220906486100708e-01
2.146132293514043665e-01
2.118437239883824708e-01
2.076578055941680212e-01
2.023501336218279101e-01
1.961721133345780688e-01
1.893374597550050442e-01
1.820270943610940717e-01
1.743934511374733154e-01
1.665642600523678241e-01
1.586458684240575068e-01
1.507261538652416022e-01
1.428770764602929066e-01
1.351569124590786264e-01
1.276122069904538081e-01
1.202794790449090573e-01
1.131867081921740376e-01
1.063546291349269785e-01
9.979785720864230159e-02
9.352586527941031402e-02
8.754383013000066605e-02
8.185336432713537225e-02
7.645314770097745571e-02
7.133947091542659769e-02
6.650670214192863638e-02
6.194768654960668836e-02
5.765408717229982688e-02
5.361667469220957744e-02
4.982557277574512639e-02
4.627046479684612107e-02
4.294076707497641865e-02
3.982577312882032428e-02
3.691477289329373607e-02
3.419715035863154368e-02
3.166246265875424099e-02
2.930050325537097641e-02
2.710135152858284685e-02
2.505541078898190430e-02
2.315343646583764917e-02
2.138655599687501810e-02
1.974628174376924852e-02
1.822451808061961720e-02
1.681356364746884602e-02
1.550610962488895538e-02
1.429523476651738817e-02
1.317439782221187759e-02
1.213742789344019260e-02
1.117851318306766970e-02
1.029218853246977733e-02
9.473322078653393860e-03
8.717101311734020211e-03
8.019018767728404440e-03
7.374857552333493466e-03
6.780676857424115453e-03
6.232797602750804120e-03
5.727788310170222122e-03
5.262451296179142431e-03
4.833809250092524490e-03
4.439092249507161844e-03
4.075725251371434613e-03
3.741316085728151747e-03
3.433643969739042651e-03
3.150648551695861121e-03
2.890419488164317971e-03
2.651186552008838633e-03
2.431310264646625256e-03
2.229273042337938642e-03
2.043670843512100915e-03
1.873205301947936455e-03
1.716676328979505842e-03
1.572975166701028960e-03
1.441077873328348033e-03
1.320039221376248777e-03
1.208986989078433523e-03
1.107116625463748505e-03
1.013686269668937325e-03
9.280121053804008891e-04
8.494640317261729825e-04
7.774616324594755407e-04
7.114704258654798875e-04
6.509983784653472407e-04
5.955926662708057109e-04
5.448366680457778074e-04
4.983471757480944673e-04
4.557718080452186787e-04
4.167866135159106452e-04
3.810938508587999665e-04
3.484199341242124833e-04
3.185135316634097810e-04
2.911438081467716712e-04
