0.000000000000000000e+00
5.284995991712290730e-02
9.564124254942690806e-02
1.298096624492615925e-01
1.566088530756124253e-01
1.771319378231376029e-01
1.923307263259127486e-01
2.030327107873395875e-01
2.099561072064663469e-01
2.137231596887776697e-01
2.148719022080896324e-01
2.138665509226873040e-01
2.111066811721532266e-01
2.069353263487809513e-01
2.016461207318488158e-01
1.954895948999715860e-01
1.886787203223316833e-01
1.813937890182117374e-01
1.737867046267041193e-01
1.659847527202607254e-01
1.580939106155136442e-01
1.502017501829765733e-01
1.423799811448108743e-01
1.346866769972192290e-01
1.271682209300943889e-01
1.198610048777219717e-01
1.127929110638236504e-01
1.059846020512786313e-01
9.945064232615309641e-02
9.320047179671457627e-02
8.723924923476465698e-02
8.156858159661266316e-02
7.618715330553239851e-02
7.109126793087797158e-02
6.627531323825031073e-02
6.173215928972942967e-02
5.745349812497488329e-02
5.343013253666211576e-02
4.965222055275982788e-02
4.610948144062465559e-02
4.279136834226852926e-02
3.968721202617003785e-02
3.678633968950795891e-02
3.407817225754452423e-02
3.155230319682917478e-02
2.919856147947273370e-02
2.700706100121588737e-02
2.496823846127723887e-02
2.307288145246797276e-02
2.131214828176968001e-02
1.967758084089387197e-02
1.816111167009363050e-02
1.675506620384261888e-02
1.545216105142394915e-02
1.424549904674902827e-02
1.312856169787363775e-02
1.209519957594303897e-02
1.113962110412104051e-02
1.025638013806320047e-02
9.440362669460414941e-03
8.686772932024701063e-03
7.991119144059186108e-03
7.349199082602477645e-03
6.757085650317076579e-03
6.211112567142336970e-03
5.707860293671020158e-03
5.244142271721954213e-03
4.816991549215068023e-03
4.423647840810599266e-03
4.061545062499696997e-03
3.728299367119201381e-03
3.421697698337942180e-03
3.139686872785713966e-03
2.880363193460220867e-03
2.641962592167815087e-03
2.422851294369646451e-03
2.221516996275612124e-03
2.036560541230829011e-03
1.866688080266169824e-03
1.710703700042268344e-03
1.567502500223604423e-03
1.436064101505578165e-03
1.315446565021182032e-03
1.204780703622161317e-03
1.103264765516409228e-03
1.010159470909439104e-03
9.247833826088831463e-04
8.465085919782234332e-04
7.747567021442893593e-04
7.089950909512745311e-04
6.487334367942355169e-04
5.935204911418516310e-04
5.429410822590426946e-04
4.966133353540622521e-04
4.541860950930711447e-04
4.153365371406989807e-04
3.797679560916742401e-04
3.472077178515632786e-04
3.174053652001105914e-04
2.901308659257598502e-04
