0.000000000000000000e+00
5.328206636569950833e-02
9.642321471592038562e-02
1.308709989634205262e-01
1.578893023971308929e-01
1.785801858956484189e-01
1.939032411818402413e-01
2.046927261164102896e-01
2.116727289027594550e-01
2.154705811751233269e-01
2.166287159257846984e-01
2.156151447898056184e-01
2.128327100738806876e-01
2.086272498449166790e-01
2.032947991648187680e-01
1.970879369747502718e-01
1.902213760194847447e-01
1.828768824035128249e-01
1.752076017449580581e-01
1.673418603155794604e-01
1.593865019129296068e-01
1.514298144037126703e-01
1.435440938158018542e-01
1.357878884599926506e-01
1.282079607596813553e-01
1.208410001931726208e-01
1.137151169519801386e-01
1.068511425381209884e-01
1.002637605183258895e-01
9.396248798247697209e-02
8.795252588099934654e-02
8.223549430883449196e-02
7.681006693297202925e-02
7.167251710038712031e-02
6.681718669050251691e-02
6.223688747032749685e-02
5.792324355282414683e-02
5.386698253340003323e-02
5.005818197109657142e-02
4.648647707699337522e-02
4.314123476095847037e-02
4.001169855878855541e-02
3.708710840578121476e-02
3.435679873164745185e-02
3.181027791809999672e-02
2.943729177792945434e-02
2.722787337711981073e-02
2.517238122440581746e-02
2.326152759105519843e-02
2.148639849350143446e-02
1.983846666913425746e-02
1.830959869786571298e-02
1.689205726617003939e-02
1.557849943361449413e-02
1.436197164220501254e-02
1.323590210416879763e-02
1.219409111231850411e-02
1.123069973731847387e-02
1.034023730661469756e-02
9.517547999265253342e-03
8.757796838327273903e-03
8.056455316856796570e-03
7.409286854105912902e-03
6.812332244404661376e-03
6.261895231827534561e-03
5.754528318478177931e-03
5.287018892563629877e-03
4.856375743913017573e-03
4.459816018823292878e-03
4.094752652731415907e-03
3.758782307906339323e-03
3.449673833851575784e-03
3.165357260168589516e-03
2.903913325041940566e-03
2.663563537083649992e-03
2.442660763854221772e-03
2.239680336819645495e-03
2.053211659683188816e-03
1.881950304839830317e-03
1.724690581045608840e-03
1.580318554191643791e-03
1.447805502252201559e-03
1.326201784975841649e-03
1.214631108655053575e-03
1.112285166296553100e-03
1.018418633681846030e-03
9.323445021213373372e-04
8.534297291359978395e-04
7.810911888231718671e-04
7.147919042561403377e-04
6.540375449124940328e-04
5.983731728087237365e-04
5.473802217249797196e-04
5.006736946238164558e-04
4.578995650909917421e-04
4.187323693477508989e-04
3.828729760963687470e-04
3.500465221593527187e-04
3.200005025536839694e-04
2.925030043019143490e-04
