0.000000000000000000e+00
5.624376419113218811e-02
1.017829247426548234e-01
1.381454982364382911e-01
1.666656212500667034e-01
1.885066130090868597e-01
2.046814043974151953e-01
2.160706257207531122e-01
2.234386138178062198e-01
2.274475707184923923e-01
2.286700806971910804e-01
2.276001699401329903e-01
2.246630728507369446e-01
2.202238509968093005e-01
2.145949946278802312e-01
2.080431223527126339e-01
2.007948817810855380e-01
1.930421425347352560e-01
1.849465628716865928e-01
1.766436021136333911e-01
1.682460429990225437e-01
1.598470808991027114e-01
1.515230304356782465e-01
1.433356943429670016e-01
1.353344343461027055e-01
1.275579793177965271e-01
1.200360019620313190e-01
1.127904917054023959e-01
1.058369483046012333e-01
9.918541785948144229e-02
9.284139041668029724e-02
8.680657612454738270e-02
8.107957492549928979e-02
7.565645301951194612e-02
7.053123777787145832e-02
6.569634140774513464e-02
6.114292244618709654e-02
5.686119307953031721e-02
5.284067932529736694e-02
4.907044026501996420e-02
4.553925176542406028e-02
4.223575946138369980e-02
3.914860518713912663e-02
3.626653052384110759e-02
3.357846067381037997e-02
3.107357146811515897e-02
2.874134195806217484e-02
2.657159472753074445e-02
2.455452578691760465e-02
2.268072566650967264e-02
2.094119311353728058e-02
1.932734260959438968e-02
1.783100676052573608e-02
1.644443446660229582e-02
1.516028565446011882e-02
1.397162324175576197e-02
1.287190290892951082e-02
1.185496116820614759e-02
1.091500214653789817e-02
1.004658343530497218e-02
9.244601304085621127e-03
8.504275527673372387e-03
7.821134033853037112e-03
7.190997543454823865e-03
6.609964343184855824e-03
6.074395305059598904e-03
5.580899243405417626e-03
5.126318680838797166e-03
4.707716077993705922e-03
4.322360567635527041e-03
3.967715221866439414e-03
3.641424871096396280e-03
3.341304485071900417e-03
3.065328119299212412e-03
2.811618424473692843e-03
2.578436711861259965e-03
2.364173563822066088e-03
2.167339975689179521e-03
1.986559012902335605e-03
1.820557965549211973e-03
1.668160981197315366e-03
1.528282156033598533e-03
1.399919063800756465e-03
1.282146701772560269e-03
1.174111832996593396e-03
1.075027704209511551e-03
9.841691191610490996e-04
9.008678475376677257e-04
8.245083502283729422e-04
7.545238023012040959e-04
6.903923957402324264e-04
6.316339047131775720e-04
5.778064968855723370e-04
5.285037750572827223e-04
4.833520341617031867e-04
4.420077194294035950e-04
4.041550722699424267e-04
3.695039511630263552e-04
3.377878155690200706e-04
3.087618615659635450e-04
