1.575391129587390138e-01
1.213930580227468442e-01
9.232312239141796106e-02
6.915540297866666630e-02
5.089003950477413024e-02
3.667732162512887112e-02
2.579690048071532626e-02
1.763971752417698227e-02
1.169231025111753391e-02
7.523195730759685285e-03
4.771069219431586794e-03
3.134587218641626816e-03
2.363532606637096245e-03
2.251184371267367368e-03
2.627736395078079934e-03
3.354629038361436888e-03
4.319674240069008853e-03
5.432869782418948967e-03
6.622811483725059289e-03
7.833623608667183991e-03
9.022337904511762430e-03
1.015666055242219618e-02
1.121307411237245505e-02
1.217522836853830726e-02
1.303257996444696920e-02
1.377924595522277140e-02
1.441304098767069719e-02
1.493467182684622696e-02
1.534706644999931507e-02
1.565481798693092730e-02
1.586372645414473731e-02
1.598042355654771124e-02
1.601206785698222612e-02
1.596609937765384318e-02
1.585004423119900849e-02
1.567136121143281741e-02
1.543732342997961721e-02
1.515492908720931370e-02
1.483083633367300591e-02
1.447131792866656122e-02
1.408223205066724826e-02
1.366900617335614979e-02
1.323663140230065156e-02
1.278966508123825958e-02
1.233223983212617357e-02
1.186807749744381822e-02
1.140050671342638516e-02
1.093248306488090425e-02
1.046661096115262049e-02
1.000516653317246388e-02
9.550120987248549020e-03
9.103163965783131473e-03
8.665726561373147951e-03
8.239003711370224831e-03
7.823975767177443474e-03
7.421429088289716036e-03
7.031975557027251786e-03
6.656070947523982928e-03
6.294032113074974483e-03
5.946052980504425330e-03
5.612219359725304987e-03
5.292522591927705661e-03
4.986872071546882834e-03
4.695106685915932665e-03
4.417005222808907498e-03
4.152295800359733641e-03
3.900664376469109226e-03
3.661762396097417716e-03
3.435213635051505635e-03
3.220620298229766830e-03
3.017568428980973994e-03
2.825632684414671001e-03
2.644380529305559446e-03
2.473375898769479726e-03
2.312182377243748258e-03
2.160365938552563821e-03
2.017497289038415204e-03
1.883153852940058683e-03
1.756921436434527020e-03
1.638395604064018379e-03
1.527182798660563874e-03
1.422901233378892887e-03
1.325181582062362213e-03
1.233667491906125131e-03
1.148015940250313432e-03
1.067897455335896102e-03
9.929962189866845847e-04
9.230100674409755885e-04
8.576504049422719374e-04
7.966420432062432371e-04
7.397229785057546705e-04
6.866441168518489782e-04
6.371689565904103134e-04
5.910732366757748008e-04
5.481445579178171722e-04
5.081819836220029859e-04
4.709956252465514050e-04
4.364062179814959946e-04
4.042446905053707646e-04
3.743517325911866964e-04
