1.453114137180301635e-01
1.101284841131703468e-01
8.189188422265458733e-02
5.944913598977794034e-02
4.181838366570503340e-02
2.816500722940250279e-02
1.778127015288288523e-02
1.006862356448977661e-02
4.522334480121948525e-03
7.181460193449659690e-04
-1.699286980232250777e-03
-3.026412241909651191e-03
-3.509441933341621300e-03
-3.351835568429745171e-03
-2.720755945453408320e-03
-1.752631305611936086e-03
-5.579403253510653582e-04
7.746780174886433445e-04
2.174900474368211822e-03
3.587703480110095156e-03
4.970786941634060263e-03
6.292378448933259871e-03
7.529366107239671146e-03
8.665714862815504516e-03
9.691127042571703876e-03
1.059991294882765833e-02
1.139004183245816842e-02
1.206234748762335246e-02
1.261986613735800733e-02
1.306728727158083803e-02
1.341050071053250664e-02
1.365622544393879645e-02
1.381170778043978864e-02
1.388447806923238936e-02
1.388215675831312376e-02
1.381230185921663092e-02
1.368229102138276976e-02
1.349923240192141272e-02
1.326989936762298233e-02
1.300068480230177209e-02
1.269757142863363331e-02
1.236611510242999201e-02
1.201143851005971597e-02
1.163823310637523804e-02
1.125076747967389788e-02
1.085290062950441947e-02
1.044809889913278500e-02
1.003945552299876677e-02
9.629711935575479068e-03
9.221280146097651439e-03
8.816265617491729836e-03
8.416490200869068336e-03
8.023514772044118559e-03
7.638661296244006471e-03
7.263034113682893637e-03
6.897540293890505429e-03
6.542908952262418282e-03
6.199709459669566596e-03
5.868368506362549655e-03
5.549186005899564914e-03
5.242349844334382239e-03
4.947949495214492774e-03
4.665988532738654659e-03
4.396396084290446482e-03
4.139037269999080310e-03
3.893722681405849349e-03
3.660216954097541414e-03
3.438246490614537115e-03
3.227506390312466153e-03
3.027666642372571840e-03
2.838377637002648547e-03
2.659275048203267773e-03
2.489984139422289459e-03
2.330123541092299355e-03
2.179308546529201696e-03
2.037153970038371124e-03
1.903276608386844995e-03
1.777297344103251700e-03
1.658842926399378866e-03
1.547547462898110279e-03
1.443053652824251168e-03
1.345013789884737633e-03
1.253090560744688203e-03
1.166957662804081518e-03
1.086300262901326473e-03
1.010815316617074983e-03
9.402117660243632319e-04
8.742106320282156187e-04
8.125450158563575888e-04
7.549600227988281960e-04
7.012126199436561919e-04
6.510714384130858109e-04
6.043165294648575152e-04
5.607390827799957345e-04
5.201411143066730740e-04
4.823351301633291939e-04
4.471437723174809622e-04
4.143994510441355002e-04
3.839439685239029302e-04
3.556281373606895316e-04
