1.572839559501612583e-01
1.204389449440182169e-01
9.087856639683687676e-02
6.738859822694946711e-02
4.893530925422882871e-02
3.464064115971322161e-02
2.376061855746305213e-02
1.566658429825553908e-02
9.828905829390131854e-03
5.802841398377368842e-03
3.216292773646219072e-03
1.759204550381469889e-03
1.174399535077016998e-03
1.249665619893168544e-03
1.810932376261981114e-03
2.716395678456613727e-03
3.851466332581786334e-03
5.124434218392766305e-03
6.462753101591119098e-03
7.809863264891712953e-03
9.122479633657476494e-03
1.036828230993618039e-02
1.152395453082748905e-02
1.257352016890704582e-02
1.350693911376098927e-02
1.431892432034648222e-02
1.500794907529529043e-02
1.557541719883708681e-02
1.602497254044359110e-02
1.636192730469557266e-02
1.659279151676226055e-02
1.672488835405142038e-02
1.676604217589276746e-02
1.672432791516790043e-02
1.660787208857282884e-02
1.642469706558107728e-02
1.618260143644173824e-02
1.588907035978820784e-02
1.555121067093103576e-02
1.517570631046638585e-02
1.476879030507104174e-02
1.433623011197537357e-02
1.388332363761069985e-02
1.341490366983345839e-02
1.293534883113784881e-02
1.244859947543293724e-02
1.195817722031462631e-02
1.146720703645650111e-02
1.097844101113836131e-02
1.049428306870822322e-02
1.001681407100734472e-02
9.547816839029398678e-03
9.088800736419646795e-03
8.641025538531570127e-03
8.205524379974068333e-03
7.783125630921569442e-03
7.374473599670226115e-03
6.980047997517840538e-03
6.600182133329825056e-03
6.235079830254968217e-03
5.884831076943238329e-03
5.549426441127986234e-03
5.228770285282806699e-03
4.922692832862149252e-03
4.630961139909748996e-03
4.353289031016612659e-03
4.089346061112058769e-03
3.838765565699544125e-03
3.601151862177475599e-03
3.376086664043955604e-03
3.163134768267063853e-03
2.961849074070885615e-03
2.771774988976492132e-03
2.592454275258360488e-03
2.423428387121856313e-03
2.264241345951288186e-03
2.114442197981588820e-03
1.973587095757998056e-03
1.841241041805885114e-03
1.716979330066698136e-03
1.600388717888365404e-03
1.491068358706243002e-03
1.388630523025175326e-03
1.292701132922289978e-03
1.202920133037840627e-03
1.118941718909451100e-03
1.040434441532758509e-03
9.670812051965475310e-04
8.985791739393347681e-04
8.346396004023383906e-04
7.749875894056609815e-04
7.193618072442405954e-04
6.675141464816807544e-04
6.192093549069555090e-04
5.742246363047697486e-04
5.323492297686623163e-04
4.933839734503659043e-04
4.571408578834204204e-04
4.234425733375608066e-04
3.921220550473362206e-04
