4.544228276830315078e-02
3.335581068820414608e-02
2.720968316242295543e-02
2.559720542607984636e-02
2.736230696369055040e-02
3.156108879374033838e-02
3.742875190276807179e-02
4.435119926643549954e-02
5.184069283970917791e-02
5.951502503581812542e-02
6.707973282270822402e-02
7.431294277685385197e-02
8.105248824683283781e-02
8.718498607608274331e-02
9.263660089580139090e-02
9.736526051390452519e-02
1.013541170024321036e-01
1.046060752604667243e-01
1.071392345759253351e-01
1.089831094449942583e-01
1.101755140005362399e-01
1.107600101747870935e-01
1.107838334627362087e-01
1.102962221122296416e-01
1.093470859663914080e-01
1.079859602181146572e-01
1.062611971763362528e-01
1.042193559400132058e-01
1.019047557603379728e-01
9.935916396078268986e-02
9.662159367986582204e-02
9.372819049237585132e-02
9.071219022942800247e-02
8.760393312471910499e-02
8.443092182369793530e-02
8.121791285657546655e-02
7.798703294106121287e-02
7.475791298651680850e-02
7.154783395286415382e-02
6.837187980560156808e-02
6.524309372926594131e-02
6.217263453880078616e-02
5.916993088169775900e-02
5.624283137098658181e-02
5.339774924536153794e-02
5.063980053113588398e-02
4.797293499273089235e-02
4.540005941391898892e-02
4.292315295958309962e-02
4.054337453470081842e-02
3.826116218995177093e-02
3.607632472724585371e-02
3.398812573825945454e-02
3.199536036876788475e-02
3.009642514460925816e-02
2.828938122443794279e-02
2.657201146252396312e-02
2.494187167384367965e-02
2.339633649538273505e-02
2.193264023344777477e-02
2.054791307813035386e-02
1.923921305395112635e-02
1.800355406102192857e-02
1.683793034453336113e-02
1.573933771261334588e-02
1.470479180410137234e-02
1.373134368894836019e-02
1.281609306510354471e-02
1.195619929714419882e-02
1.114889052374062536e-02
1.039147104347851527e-02
9.681327171697572814e-03
9.015931744927815211e-03
8.392847434267276807e-03
7.809729014677664963e-03
7.264324723690842450e-03
6.754476830418590372e-03
6.278121524027693856e-03
5.833288219961280802e-03
5.418098372127785715e-03
5.030763870007155455e-03
4.669585091104627717e-03
4.332948671375799234e-03
4.019325049113216773e-03
3.727265831283336009e-03
3.455401025393056019e-03
3.202436174606583877e-03
2.967149428987549131e-03
2.748388581369912327e-03
2.545068092427969081e-03
2.356166125986272879e-03
2.180721612451153642e-03
2.017831355426131113e-03
1.866647194064343512e-03
1.726373231484773204e-03
1.596263137610193965e-03
1.475617533049236509e-03
1.363781459121042290e-03
1.260141937787965767e-03
1.164125624101082024e-03
