4.168409681939284211e-02
3.318167819014256753e-02
2.955596013314416154e-02
2.960977328079081664e-02
3.236256371486170846e-02
3.701687364476421993e-02
4.292953818873131155e-02
4.958697583713492923e-02
5.658402863111834658e-02
6.360587699163411379e-02
7.041261461569794933e-02
7.682612191895787923e-02
8.271892303093934806e-02
8.800475212293247529e-02
9.263059055854393209e-02
9.656996761275657426e-02
9.981734484471065094e-02
1.023834281068305846e-01
1.042912720468744669e-01
1.055730601789387074e-01
1.062674594895998414e-01
1.064174623926811142e-01
1.060686409028705202e-01
1.052677483866391178e-01
1.040616133639909180e-01
1.024962777483324622e-01
1.006163387752236904e-01
9.846445981664836422e-02
9.608102042225891148e-02
9.350388037507768868e-02
9.076823638609059219e-02
8.790655335870251053e-02
8.494855499905466789e-02
8.192126099207121259e-02
7.884906005861647138e-02
7.575381000247612129e-02
7.265495738738395048e-02
6.956967078922879355e-02
6.651298267764313432e-02
6.349793592119747088e-02
6.053573170474817883e-02
5.763587631643292408e-02
5.480632482304109016e-02
5.205362012135162503e-02
4.938302624284201386e-02
4.679865511146702461e-02
4.430358621897191596e-02
4.189997889808064202e-02
3.958917704833323642e-02
3.737180630877350029e-02
3.524786378163113909e-02
3.321680049636291376e-02
3.127759686798625011e-02
2.942883145104953704e-02
2.766874332381678847e-02
2.599528845883950987e-02
2.440619044820794073e-02
2.289898595624512145e-02
2.147106527077926458e-02
2.011970831770487286e-02
1.884211649341241412e-02
1.763544065674434863e-02
1.649680560717830050e-02
1.542333135957340423e-02
1.441215150855722910e-02
1.346042895789559615e-02
1.256536927231474872e-02
1.172423189150208732e-02
1.093433942861012607e-02
1.019308525869089439e-02
9.497939586216514948e-03
8.846454165285734875e-03
8.236265831335585000e-03
7.665098989211109257e-03
7.130767189313326829e-03
6.631173911250806338e-03
6.164312662956598389e-03
5.728266492582419385e-03
5.321207000622591929e-03
4.941392930621828911e-03
4.587168408449917960e-03
4.256960892447488043e-03
3.949278889722010119e-03
3.662709487464068780e-03
3.395915742321773279e-03
3.147633965578058423e-03
2.916670937083557132e-03
2.701901076570798355e-03
2.502263597078334487e-03
2.316759661712455495e-03
2.144449561837788194e-03
1.984449931985564786e-03
1.835931014271759837e-03
1.698113982899487721e-03
1.570268337356274307e-03
1.451709371183750649e-03
1.341795721673237022e-03
1.239927004505738057e-03
1.145541536190390619e-03
1.058114146144560402e-03
