4.467023751574530910e-02
3.162253374239601400e-02
2.478902032540583611e-02
2.271160271905025424e-02
2.419087323452635829e-02
2.824651696927432329e-02
3.408324998136488815e-02
4.106156307032404751e-02
4.867263579508795956e-02
5.651686554636457804e-02
6.428552690513354706e-02
7.174513832022674786e-02
7.872416735032132518e-02
8.510175324452476375e-02
9.079816728078451971e-02
9.576676774890241495e-02
9.998723837851046514e-02
1.034599269222746809e-01
1.062011249963249471e-01
1.082391515816126248e-01
1.096111211790377904e-01
1.103602938203692291e-01
1.105339182592206815e-01
1.101814919596213194e-01
1.093533721911028600e-01
1.080996818284736261e-01
1.064694615172226411e-01
1.045100268561772044e-01
1.022664953032575152e-01
9.978145274701361034e-02
9.709473421060073328e-02
9.424329705760506326e-02
9.126116843102262399e-02
8.817945154810066799e-02
8.502637795630176021e-02
8.182739498325422578e-02
7.860527943335467171e-02
7.538027013686637856e-02
7.217021327987344081e-02
6.899071556666776239e-02
6.585530121740332254e-02
6.277556960696252519e-02
5.976135102665332960e-02
5.682085861660514381e-02
5.396083498918865379e-02
5.118669245601471796e-02
4.850264609481867717e-02
4.591183915798156823e-02
4.341646054036080865e-02
4.101785419809100830e-02
3.871662054859916630e-02
3.651270999088771646e-02
3.440550876899661770e-02
3.239391746460749261e-02
3.047642245053817922e-02
2.865116066841941547e-02
2.691597811372360705e-02
2.526848242171443257e-02
2.370608995065959929e-02
2.222606775536191404e-02
2.082557083602991355e-02
1.950167503583412343e-02
1.825140594609507907e-02
1.707176416168958502e-02
1.595974721157068787e-02
1.491236847078909744e-02
1.392667334149930158e-02
1.299975297146665348e-02
1.212875575983132781e-02
1.131089688153881674e-02
1.054346604407466192e-02
9.823833673063355615e-03
9.149455706991939732e-03
8.517877165856386004e-03
7.926734643937347405e-03
7.373757863207300658e-03
6.856770411055245276e-03
6.373689774076373403e-03
5.922526768593189966e-03
5.501384458324211704e-03
5.108456640163800376e-03
4.742025970346584740e-03
4.400461795302826676e-03
4.082217744227322094e-03
3.785829133742822043e-03
3.509910228999016998e-03
3.253151400068770346e-03
3.014316207545809922e-03
2.792238446773723758e-03
2.585819176108163694e-03
2.394023750997863621e-03
2.215878882431433165e-03
2.050469735404942748e-03
1.896937080490018312e-03
1.754474509295727127e-03
1.622325722594137936e-03
1.499781898094552229e-03
1.386179143282891815e-03
1.280896037369506912e-03
1.183351265191824250e-03
