1.000013989545053272e+00
3.422898430152277252e-03
2.243289175963187904e-03
1.921577561184346439e-03
2.600746525717457548e-03
3.422898430152275517e-03
4.066321659709958014e-03
4.423779009464226357e-03
1.421137271528366466e-03
3.101186815373435136e-03
3.959910592337563193e-03
2.708809868197622692e-03
3.745436182485003228e-03
2.850966670545446776e-03
2.350526380889469621e-03
2.028814766110627939e-03
2.600746525717454079e-03
1.993069031135200845e-03
2.529255055766605528e-03
2.028814766110627939e-03
2.457763585815750471e-03
2.993949610447153419e-03
3.673118574980264311e-03
9.206969818723948406e-04
4.388033274488799262e-03
2.028814766110627072e-03
8.849512468969676377e-04
3.923338719808250503e-03
9.206969818723945154e-04
1.599865946405505191e-03
2.100306236061480827e-03
-2.589122723166913630e-04
1.957323296159772449e-03
1.742848886307213135e-03
1.778594621282638929e-03
3.208424020299711649e-03
1.456883006503798114e-03
2.457763585815750038e-03
1.635611681380932285e-03
2.958203875471723723e-03
2.672237995668310870e-03
2.457763585815747869e-03
1.742848886307212485e-03
1.170917126700383093e-03
1.957323296159774618e-03
1.135171391724957516e-03
8.492055119215408685e-04
-1.152555646702363087e-03
8.492055119215413022e-04
6.704768370444065886e-04
6.347311020689802531e-04
1.564120211430079614e-03
-5.806238870955331534e-04
1.135171391724955564e-03
9.564427168478219351e-04
1.027934186798674715e-03
2.100306236061480827e-03
6.704768370444068055e-04
1.850086091233494635e-03
1.993069031135200845e-03
1.170917126700384177e-03
3.130194872901381374e-04
1.342908124130041828e-04
-4.443786246413061205e-05
6.339049645150943331e-04
-1.167554699688688508e-04
1.742022748753328625e-03
9.198708443185090291e-04
-4.027213497722840888e-04
5.981592295396686481e-04
8.126336393922301308e-04
1.813514218704181729e-03
3.836848196871067858e-04
-2.597384098705762530e-04
-9.746531093791134265e-04
-4.384670847477109123e-04
-1.882469399197223350e-04
-8.665897668989478494e-04
-1.688741671333765602e-03
1.850086091233493551e-03
-2.189181960989741455e-03
9.206969818723952743e-04
4.917481621672724172e-04
-8.692127488703534495e-06
1.099425656749528687e-03
2.705360748672442058e-05
9.854507743757703409e-05
-1.474267261481205637e-03
-8.665897668989484999e-04
-1.516750673904108926e-04
9.206969818723959248e-04
-1.545758731432059392e-03
1.170917126700382442e-03
6.704768370444072392e-04
1.528374476454651869e-03
4.560024271918460817e-04
-8.018359743955682563e-05
5.274938971427000538e-04
1.850086091233493551e-03
9.206969818723950575e-04
