1.000084502258448804e+00
5.784574344580605595e-04
-1.179302151954760318e-03
1.896777124267677193e-03
4.313696555585305736e-03
2.775656917474087198e-03
6.071456141998127914e-03
6.071456141998127914e-03
3.429738704793719364e-03
-5.252203646351253329e-04
1.896777124267677193e-03
-2.497621841764375433e-03
5.192576348791716825e-03
7.981773827596646328e-04
4.748058394603339033e-03
1.671979118380901739e-03
4.088898549698527680e-03
1.891699066682504078e-03
3.869178601396927510e-03
-7.449403129367263704e-04
2.770578859888914516e-03
7.930993251744913007e-04
-1.623820106143138110e-03
-1.404100157841535988e-03
3.869178601396924475e-03
4.308618498000132621e-03
1.339394802696820624e-04
5.407218239508145181e-03
-3.055004163335222895e-04
-9.646602612383297932e-04
2.331138963285708104e-03
1.339394802696832550e-04
2.770578859888912782e-03
3.536594285712856478e-04
1.671979118380899571e-03
6.286098032714556270e-03
2.770578859888914516e-03
1.339394802696832550e-04
2.111419014984107934e-03
3.429738704793723267e-03
-2.063260002746344739e-03
4.967778342904941372e-03
2.770578859888914083e-03
2.770578859888914516e-03
1.339394802696835531e-04
1.452259170079299184e-03
5.733793768728877695e-04
-3.821019589159162580e-03
1.012819273476092989e-03
1.891699066682503861e-03
-1.404100157841535988e-03
4.088898549698531150e-03
-1.184380209539931915e-03
1.671979118380900872e-03
3.429738704793723700e-03
1.232539221777696412e-03
5.187498291206541975e-03
-2.942139795952753226e-03
2.990298808190517722e-03
3.869178601396929679e-03
-8.578046803192005939e-05
1.232539221777697062e-03
1.671979118380901739e-03
3.429738704793722399e-03
-2.502699899349548982e-03
1.339394802696824418e-04
3.649458653095325605e-03
5.187498291206543710e-03
-2.942139795952752792e-03
-5.252203646351238150e-04
1.012819273476094073e-03
-1.623820106143136592e-03
2.550858911587312178e-03
-1.623820106143136809e-03
3.536594285712871114e-04
-9.646602612383302269e-04
-3.601299640857561542e-03
-2.058181945161170756e-03
-3.376501634970785221e-03
-1.838461996859566683e-03
-4.255381428177196744e-03
2.555936969172485727e-03
1.237617279362869310e-03
-9.595822036531575453e-04
5.784574344580606679e-04
3.874256658982101927e-03
1.677057175966074638e-03
-1.399022100256363740e-03
1.390175378548558552e-04
7.981773827596636570e-04
3.874256658982100192e-03
3.587374861564587088e-04
7.170055883506141342e-03
1.677057175966075071e-03
3.654536710680498287e-03
-1.618742048557965862e-03
3.587374861564581125e-04
1.677057175966075071e-03
3.587374861564590340e-04
6.510896038601332592e-03
