9.993176210303874596e-01
5.371809181424269447e-04
1.937209569827660384e-03
2.497221030501753456e-03
1.657203839490614065e-03
1.097192378816519908e-03
5.017272603535172064e-03
4.177255412524031805e-03
2.497221030501749119e-03
-1.142853463879852814e-03
2.503692382938437974e-03
-2.816416493465445994e-03
2.503692382938438408e-03
8.236580009161597335e-04
4.743738225634811130e-03
1.943680922264344902e-03
3.623715304286621083e-03
1.103663731253205294e-03
2.503692382938438408e-03
-1.635919009497954942e-05
2.636465402420662277e-04
5.436522705791120048e-04
-2.542882115565084193e-03
-2.262876385228038308e-03
2.777226760838797173e-03
3.617243951849939167e-03
-1.142853463879852814e-03
5.577284064209263835e-03
-5.828420032057587659e-04
-5.828420032057585491e-04
1.097192378816519041e-03
1.097192378816520125e-03
2.217215300164704101e-03
-8.628477335428051936e-04
1.937209569827659517e-03
8.097335637242681142e-03
1.937209569827659733e-03
-2.283054253166614780e-05
1.097192378816521860e-03
4.457261142861080293e-03
-1.982870654890993289e-03
1.937209569827662336e-03
3.337238221512893715e-03
3.617243951849939167e-03
-3.028362728687119588e-04
2.777226760838800209e-03
-2.542882115565085061e-03
-4.502922227924407994e-03
2.217215300164705836e-03
-1.422859194216899133e-03
-1.982870654890991555e-03
4.737266873198125311e-03
-1.422859194216898266e-03
1.097192378816519475e-03
1.937209569827662336e-03
2.777226760838800209e-03
5.577284064209263835e-03
-2.542882115565084193e-03
3.617243951849940034e-03
4.737266873198127913e-03
-3.028362728687115793e-04
-5.828420032057582238e-04
2.217215300164706270e-03
3.057232491175847396e-03
-2.542882115565084627e-03
5.371809181424268363e-04
3.617243951849940034e-03
5.297278333872218817e-03
-4.222916497587362976e-03
5.371809181424294383e-04
-2.283054253166455876e-05
-3.942910767250316223e-03
4.457261142861080293e-03
-1.702864924553943934e-03
-3.028362728687116878e-04
-1.702864924553944585e-03
-3.662905036913270771e-03
-2.816416493465445994e-03
-3.936439414813631271e-03
-5.056462336161817415e-03
-2.822887845902130946e-03
3.337238221512894582e-03
2.217215300164707571e-03
-8.693190859794897116e-04
-3.093076253053968021e-04
5.850818442109628238e-03
2.210743947728022185e-03
-2.269347737664723259e-03
-1.149324816316536248e-03
2.210743947728021751e-03
5.284335628998848913e-03
8.042439436061047699e-04
8.644404393043408213e-03
1.084249673943152173e-03
4.724324168324757142e-03
-2.282290442538091862e-03
1.357784051843513107e-03
1.357784051843515276e-03
-1.722278981863998790e-03
4.157841355213978685e-03
