1.000021785275954755e+00
2.594590916387336157e-03
1.204373962739390931e-03
2.541121033554720986e-03
2.487651150722107983e-03
4.252157284198344010e-03
4.305627167030956146e-03
5.856253769176739295e-03
2.273771619391650768e-03
3.823162452340353283e-03
3.824398221537438254e-03
2.059892088061203094e-03
4.679916346859249766e-03
2.113361970893815663e-03
3.182759627546080487e-03
3.182759627546080487e-03
3.557048807374367603e-03
1.952952322395976222e-03
2.380711385056881978e-03
6.696751344132590615e-04
1.364783611237230373e-03
3.824398221537439989e-03
2.808470447717787300e-03
2.419160717523524923e-04
4.091747635700501533e-03
2.648060799219946124e-03
-1.323731080759400715e-04
4.305627167030956146e-03
2.220301736559041669e-03
2.327241502224268108e-03
5.627353687480320804e-04
2.803654042190024777e-05
2.059892088061200926e-03
1.364783611237230590e-03
1.150904079906777495e-03
3.557048807374368904e-03
2.434181267889494980e-03
2.380711385056882845e-03
2.380711385056881978e-03
4.412566932696182151e-03
2.487651150722107983e-03
2.273771619391654238e-03
1.685602908232910341e-03
2.273771619391655105e-03
1.685602908232910341e-03
2.487651150722108417e-03
8.835546657437115059e-04
-3.462526394063927598e-04
1.311313728404617154e-03
1.364783611237230156e-03
1.043964314241551056e-03
3.236229510378693924e-03
6.696751344132591700e-04
1.632133025400296037e-03
2.419160717523532241e-04
1.043964314241551056e-03
2.059892088061200926e-03
5.092654859154188609e-04
3.182759627546080487e-03
1.311313728404617154e-03
1.899482439563363002e-03
1.097434197074164492e-03
1.349763060871266495e-04
6.696751344132586279e-04
-1.415650296058658343e-03
4.557956030828053703e-04
1.685602908232909690e-03
2.701530682052559560e-03
-8.809514677325251718e-04
3.488558374175797987e-04
1.364783611237230590e-03
1.204373962739391148e-03
-7.890322524332720432e-05
-8.809514677325244129e-04
-4.531924050716188194e-04
-1.858429909085537247e-04
2.803654042189971244e-05
-1.949113355187702097e-03
-5.054265187071451705e-04
1.847248325927835404e-03
-2.430342300681221940e-03
8.274219245159943103e-05
1.526429028932156304e-03
1.362120752842122440e-04
1.579898911764768439e-03
1.740308560262610700e-03
-2.419757321362742136e-05
-1.360944644028957984e-03
-1.093595229865891886e-03
6.174410207777313551e-04
2.221537505756127941e-03
-1.895643472355090613e-03
2.221537505756127507e-03
8.313205521081848837e-04
1.740308560262608531e-03
2.966217237820519296e-04
3.500916066146652034e-04
1.633368794597382743e-03
2.061127857258288499e-03
1.846012556730748915e-03
