1.000725421928732484e+00
-2.841909681614248218e-03
1.138244041486275631e-03
5.686991153601161052e-03
-2.273316292599888381e-03
5.696506524719148175e-04
3.412617597543719534e-03
5.118397764586802082e-03
6.824177931629878124e-03
-2.273316292599887514e-03
3.994352032668284369e-03
-5.543950794466000762e-04
6.837318977740089627e-03
3.994352032668286104e-03
3.425758643653925399e-03
2.288571865625201388e-03
5.131538810697004911e-03
1.419830956775879048e-05
5.827916985821222006e-04
3.994352032668286971e-03
5.131538810697006646e-03
1.419830956775973916e-05
1.151385087596480629e-03
-1.691581857475322895e-03
6.268725588725725453e-03
5.131538810697005779e-03
-5.543950794466012688e-04
1.151385087596482363e-03
1.719978476610841550e-03
2.288571865625203122e-03
6.837318977740085291e-03
-5.543950794466027867e-04
1.419830956775828565e-05
-1.691581857475321594e-03
5.827916985821201407e-04
1.138606608985497093e-02
7.405912366754449465e-03
-2.828768635504044088e-03
-1.122988468460960022e-03
5.131538810697007513e-03
-2.260175246489683817e-03
5.700132199711369953e-03
8.543099144783168272e-03
3.425758643653924098e-03
-1.691581857475322028e-03
-1.691581857475321377e-03
-2.260175246489682949e-03
-8.514702525647649400e-03
1.151385087596480195e-03
-2.828768635504044955e-03
-8.514702525647651135e-03
5.700132199711365616e-03
-5.543950794466009436e-04
-5.543950794466013772e-04
1.419830956776106392e-05
3.994352032668284369e-03
9.111692533797529844e-03
-1.704722903585525508e-03
6.255584542615521756e-03
-5.675361255568047488e-04
2.844024208529357962e-03
1.706837430500637636e-03
-5.675361255568050741e-04
1.138244041486275848e-03
-1.704722903585527459e-03
-1.704722903585527459e-03
2.275430819514998558e-03
2.275430819514996390e-03
-3.410503070628609357e-03
2.844024208529360130e-03
-1.136129514571166755e-03
-6.822063404714773585e-03
1.057263457556572776e-06
-1.704722903585526158e-03
3.412617597543718233e-03
-2.273316292599886212e-03
-4.547689848657330766e-03
-2.828768635504043654e-03
1.419830956776062177e-05
-2.828768635504042353e-03
-2.828768635504044955e-03
9.680285922811893151e-03
1.719978476610843285e-03
-2.828768635504043654e-03
-5.543950794466010520e-04
5.700132199711370820e-03
1.719978476610841550e-03
-1.122988468460961540e-03
-1.691581857475321594e-03
-1.691581857475321377e-03
6.268725588725727188e-03
4.562945421682646809e-03
1.138606608985497266e-02
3.425758643653927134e-03
2.857165254639565562e-03
-2.260175246489682949e-03
1.419830956776093687e-05
-5.543950794465989920e-04
-1.122988468460960022e-03
7.974505755768810170e-03
