1.001404697715861047e+00
-3.948803322304659386e-03
1.763432479048553537e-03
1.318790408175498502e-02
-5.214618414927298540e-04
-5.214618414927321309e-04
2.905879639319196208e-03
1.318790408175498502e-02
9.760562600943049200e-03
-3.948803322304659386e-03
7.502071947946363679e-03
6.359624787675721008e-03
6.359624787675722743e-03
-4.950581739481353443e-04
5.217177627405079204e-03
1.321430774929957704e-02
1.321430774929957530e-02
9.786966268487646420e-03
4.074730467134437401e-03
6.359624787675722743e-03
4.074730467134431329e-03
-4.950581739481385969e-04
-5.064846815030710041e-03
1.789836146593149022e-03
6.359624787675720141e-03
5.217177627405077470e-03
6.473889863225078690e-04
6.473889863225065679e-04
5.217177627405076602e-03
4.074730467134437401e-03
5.217177627405075735e-03
2.932283306863790392e-03
-5.064846815030711775e-03
-8.492188295842636320e-03
-8.492188295842634585e-03
1.321430774929957530e-02
-4.950581739481374043e-04
-1.637505334218778775e-03
-5.064846815030707439e-03
-4.950581739481368622e-04
-6.207293975301352712e-03
8.644519108217009820e-03
5.217177627405077470e-03
4.074730467134434798e-03
1.789836146593151191e-03
-2.779952494489421229e-03
-3.922399654760066502e-03
-1.306197693692520527e-02
6.473889863225055922e-04
-7.349741135571994516e-03
-1.306197693692521047e-02
2.932283306863792995e-03
-5.064846815030707439e-03
2.932283306863789091e-03
-2.779952494489420362e-03
8.644519108217004616e-03
7.502071947946361945e-03
-4.950581739481345854e-04
1.789836146593150540e-03
6.473889863225060258e-04
6.359624787675718406e-03
-4.950581739481357780e-04
1.763432479048555272e-03
2.905879639319195774e-03
-1.663909001763373393e-03
-1.663909001763375561e-03
6.333221120131127257e-03
4.048326799589838446e-03
-5.091250482575302924e-03
-2.806356162034014112e-03
6.209853187779124919e-04
-9.661039123657871874e-03
6.209853187779140098e-04
-2.806356162034015413e-03
5.190773959860483719e-03
-2.806356162034015413e-03
-1.663909001763374260e-03
-2.779952494489422096e-03
6.473889863225071100e-04
-6.207293975301350110e-03
1.789836146593148589e-03
9.786966268487649889e-03
-2.779952494489421663e-03
-6.207293975301350110e-03
2.932283306863792127e-03
4.074730467134436533e-03
6.359624787675718406e-03
-5.064846815030710041e-03
-3.922399654760066502e-03
-5.064846815030707439e-03
6.473889863225071100e-04
4.074730467134436533e-03
9.786966268487649889e-03
7.502071947946366282e-03
8.644519108217009820e-03
-2.779952494489424265e-03
-4.950581739481355612e-04
6.359624787675726212e-03
-4.950581739481356696e-04
2.932283306863792995e-03
