1.000244409415161462e+00
6.740331593967655239e-04
6.740331593967661744e-04
1.429892793596869091e-03
3.157571957482817500e-03
5.209190964597382699e-03
4.777271173625897115e-03
6.396970389768972393e-03
1.861812584568352724e-03
2.185752427796971466e-03
2.188248006359230693e-03
-1.267110321412667859e-03
5.859566229616874206e-03
1.648348267644871978e-03
4.455826908959539118e-03
2.836127692816462972e-03
4.131887065730920593e-03
3.160067536045077161e-03
2.446089469875374319e-04
1.648348267644871327e-03
1.108448528930512395e-03
2.296227954102102523e-03
-1.051150425926924417e-03
-1.051150425926924417e-03
4.995726647673895231e-03
2.944107640559333067e-03
-1.267110321412668944e-03
4.995726647673898700e-03
1.366289992446655750e-04
-2.952907917268215543e-04
8.924886334447678683e-04
-1.873108439839491011e-04
3.376027431530819953e-03
8.924886334447685188e-04
-1.873108439839512695e-04
4.239867013473794591e-03
1.972288110873487901e-03
2.080268058616358863e-03
1.756328215387743591e-03
5.535626386388255681e-03
2.080268058616357996e-03
3.052087588302204897e-03
2.404207901844975220e-03
2.296227954102102089e-03
7.845086857018973396e-04
2.404207901844974352e-03
5.685487902161528127e-04
-1.375090269155539906e-03
1.216428476673383358e-03
1.864308163130614770e-03
2.446089469875372692e-04
2.620167797330718879e-03
-6.192306349554370978e-04
1.648348267644870893e-03
1.000468581187641433e-03
5.685487902161530296e-04
2.728147745073588541e-03
-7.272105826983086023e-04
3.052087588302205765e-03
3.268047483787950725e-03
2.944107640559333935e-03
2.864905150179432463e-05
1.648348267644872195e-03
7.845086857018970143e-04
-9.431704781840538881e-04
8.924886334447683020e-04
1.648348267644871761e-03
3.699967274759434575e-03
-2.952907917268209038e-04
8.924886334447694946e-04
1.648348267644871327e-03
-5.112506872125651596e-04
7.845086857018964722e-04
-7.933089624107728490e-05
2.864905150179422637e-05
-8.351905304411816246e-04
-2.022969955612771535e-03
-3.208253802222101134e-03
-3.208253802222101134e-03
1.218924055235643235e-03
-3.100273854479229738e-03
1.110944107492772490e-03
3.114463006405396843e-05
-7.247150041360497005e-04
1.326904002978515499e-03
1.002964159749901527e-03
-2.927952131645625983e-04
-1.848152654216908498e-04
-4.007751609074340486e-04
-8.326949518789212050e-04
3.550844732926689224e-04
-1.588554586079024122e-03
4.242362592036055119e-03
4.630644210355412400e-04
2.730643323635848201e-03
-9.406748996217934684e-04
-8.326949518789218555e-04
2.622663375892978106e-03
1.434883950721387979e-03
1.974783689435745827e-03
