1.000061205458030678e+00
2.881001017661143603e-03
2.047350729436673688e-03
3.096136575912615974e-03
3.311272134164090948e-03
3.149920465475485043e-03
4.225598256732860346e-03
3.418839913289827784e-03
1.724647392059456890e-03
3.015460741568314756e-03
4.495139217729019268e-03
2.693378917372916525e-03
3.392569481690211382e-03
2.289999745651402196e-03
1.967296408274187350e-03
1.940404463492753249e-03
2.370675579995699944e-03
1.671485015678409423e-03
2.612703083028613572e-03
1.913512518711319365e-03
2.128648076962794990e-03
3.150541978657301224e-03
3.553921150378818155e-03
4.344555557324265892e-04
4.037976156444632835e-03
2.263107800869964843e-03
1.644593070896975323e-03
3.042974199531564387e-03
1.429457512645498831e-03
1.133646120049721122e-03
2.101756132181360672e-03
4.184439229476259537e-06
2.101756132181358504e-03
1.268105843956894010e-03
1.644593070896974672e-03
3.285001702564471944e-03
1.268105843956893793e-03
2.720270862154351276e-03
1.483241402208368984e-03
2.989190309968692717e-03
2.935406420405825383e-03
2.316891690432833911e-03
1.832836684367016846e-03
6.764830587653363142e-04
1.537025291771237619e-03
1.348781678301197396e-03
3.806716661695579000e-04
-6.950061250878184329e-04
1.052970285705417735e-03
5.151313900767294333e-04
8.486027357377936371e-05
1.510133346989803735e-03
3.107638401091037631e-05
6.495911139839008041e-04
1.214321954394024508e-03
1.052970285705417085e-03
1.832836684367015112e-03
7.302669483282048409e-04
1.886620573929886132e-03
1.052970285705418169e-03
7.840508378910746685e-04
1.924280526995167287e-04
-4.959945033339261013e-05
2.999958318252545137e-04
5.689152796395972010e-04
-3.991947324920402896e-04
9.185105617982460393e-04
1.348781678301195878e-03
-3.185188981477372287e-04
-1.571672294591301851e-04
5.689152796395991526e-04
2.397567524777137297e-03
4.075636109509913501e-04
5.796832879234484290e-05
-1.044601407246465753e-03
-7.756819594321217107e-04
-7.649139511482715126e-05
-8.557362805946086993e-04
-7.481685014688704534e-04
9.729159645429313972e-04
-2.092765740540590558e-03
1.295619301920144508e-03
-2.208599237014226768e-05
9.191320749800624369e-04
9.460240197614959955e-04
-3.716812745287888155e-04
6.233206823842833179e-04
-1.608710734474772409e-03
-3.178973849659209394e-04
2.199415106627673354e-04
-2.641134954030511660e-04
-1.904522127070552070e-03
1.107375688450101684e-03
-4.897793715157633447e-05
1.026699854105799815e-03
-1.834376610587484845e-04
3.169789719272678749e-05
4.805952411292744409e-06
7.039965167285863789e-04
5.858984197416124053e-05
