1.000149836458938069e+00
-1.861879238106734511e-03
-3.539609300600152827e-04
5.300732725115182148e-03
1.153957377986703945e-03
-1.484899661095054812e-03
4.169793994080142618e-03
4.169793994080143486e-03
3.038855263045099619e-03
-7.309405070716951981e-04
3.047567826539208762e-03
-1.853166674612627971e-03
3.801526980562569026e-03
1.916629095504169666e-03
1.916629095504169666e-03
2.293608672515848063e-03
7.194343173667684145e-03
-3.452483665659090680e-04
2.293608672515850232e-03
1.162669941480811353e-03
1.162669941480809618e-03
3.047567826539208328e-03
-1.099207520589269007e-03
-3.452483665659101522e-04
2.670588249527526027e-03
1.162669941480809835e-03
4.087107874574494077e-04
3.801526980562566858e-03
4.087107874574501666e-04
1.162669941480810485e-03
3.047567826539207460e-03
1.916629095504168148e-03
7.856903644691278594e-04
-1.476187097600948923e-03
-1.099207520589269441e-03
9.833200212749441602e-03
3.801526980562567725e-03
-1.476187097600949140e-03
1.539649518492490834e-03
3.424547403550890195e-03
-7.222279435775903929e-04
3.424547403550891062e-03
4.932465711597607688e-03
4.932465711597605953e-03
-1.476187097600948489e-03
1.162669941480810919e-03
-1.476187097600949356e-03
-4.115044136682704211e-03
2.293608672515848063e-03
4.087107874574496245e-04
-3.738064559671027982e-03
7.571322750679365145e-03
-1.853166674612628838e-03
-3.452483665659102606e-04
2.293608672515851533e-03
6.063404442632647218e-03
6.063404442632645483e-03
-2.607125828635986717e-03
4.555486134585927556e-03
4.555486134585929291e-03
7.856903644691294857e-04
3.173121044577120660e-05
-7.222279435775888750e-04
2.670588249527528196e-03
-3.452483665659090680e-04
3.173121044576945155e-05
3.047567826539209195e-03
3.424547403550888026e-03
-3.738064559671027114e-03
1.153957377986706331e-03
-1.107920084083374029e-03
-6.385634162246890677e-03
2.661875686033424691e-03
-2.238858815118412258e-03
3.999982239633448735e-04
3.999982239633451445e-04
-3.746777123165132353e-03
-3.361084982659347416e-03
-3.452483665659085801e-04
-2.230146251624307453e-03
-3.361084982659347849e-03
6.817363596656008350e-03
1.916629095504170316e-03
-1.099207520589268790e-03
-1.476187097600949140e-03
5.309445288609288688e-03
-1.099207520589269007e-03
-3.738064559671028415e-03
-2.230146251624307886e-03
7.856903644691301362e-04
4.178506557574247424e-03
1.539649518492490184e-03
7.562610187185260339e-03
1.153957377986706114e-03
4.169793994080142618e-03
-2.615838392130093257e-03
1.907916532010064210e-03
1.530936954998385596e-03
-7.309405070716948729e-04
4.923753148103502016e-03
