9.999665543608803331e-01
2.455835739971685017e-03
2.585262124759118030e-03
3.102967663908868731e-03
2.995112343252671373e-03
3.016683407383910064e-03
4.246234062864559684e-03
3.361820433483739962e-03
2.412195072060530077e-03
3.102469124260198545e-03
4.699226409620589108e-03
3.448104690008699930e-03
3.771670651977293304e-03
2.714688509546557982e-03
2.067556585609371667e-03
2.240125098659289000e-03
2.347980419315481588e-03
1.290998276884750386e-03
2.779401701940274923e-03
2.024414457346893851e-03
1.787132751903259360e-03
3.124538728040107422e-03
2.844114894333993164e-03
5.144399681601282380e-04
3.102967663908863527e-03
2.887257022596471413e-03
1.549851046459624002e-03
2.736259573677796240e-03
1.420424661672186652e-03
1.226285084491031277e-03
2.542119996496640649e-03
1.161571892097313253e-03
2.412693611709201998e-03
9.027191225224395288e-04
1.636135302984582235e-03
3.879525972633486759e-03
1.312569341015989944e-03
2.498977868234161532e-03
1.485137854065905760e-03
2.391122547577961138e-03
2.606833188890358456e-03
2.434264675840441556e-03
2.002843393215653425e-03
6.438663529475649374e-04
1.830274880165737392e-03
1.183142956228553028e-03
7.948638018662416288e-04
-8.229660079767204747e-04
6.438663529475648290e-04
1.693029420602958470e-04
1.477318779290567494e-04
1.722419559509540034e-03
-1.758340840395360019e-04
4.497267757664086415e-04
1.636135302984581368e-03
8.164348659974798861e-04
1.269427212753509960e-03
5.575820964226072462e-04
1.851845944296977601e-03
5.360110322913673626e-04
6.654374170788050378e-04
-8.954982751457803971e-05
-5.209711101393679593e-04
6.144762140409876011e-05
3.203003909789713458e-04
-2.189762123020152270e-04
8.164348659974818376e-04
1.032145507309875903e-03
-4.131157894831709266e-04
-7.798238797142416833e-04
5.360110322913680132e-04
1.959701264953173875e-03
2.987293268477324380e-04
5.360110322913675795e-04
-9.523923927641580415e-04
-4.778289818768886258e-04
-1.111208916458175303e-04
-5.425421742706073008e-04
-8.661081362391992661e-04
1.075287635572355670e-03
-1.577953252570104149e-03
1.441995725803427077e-03
1.693029420602959825e-04
6.654374170788043873e-04
7.301506094725231707e-04
-4.567564573943179527e-04
7.727941980863329684e-04
-1.298027958512660077e-03
3.937801762418982870e-05
8.590784546112908765e-04
-1.336890350743943304e-04
-1.686805652523641445e-03
1.052719492143776390e-03
-4.356839329117479843e-04
8.154377867001429830e-04
-4.788260611742271551e-04
3.840165040753529551e-04
-9.054690681191570169e-05
6.212982095189868497e-04
3.193033116816343885e-04
