0.000000000000000000e+00
2.088061037464033695e-02
3.778711515680886757e-02
5.128679357027161878e-02
6.187494649795709928e-02
6.998345853790578774e-02
7.598838231439837554e-02
8.021665359643785631e-02
8.295203396992661959e-02
8.444036726795207948e-02
8.489422655193545886e-02
8.449702003535439210e-02
8.340661684420669353e-02
8.175854681846211891e-02
7.966882259063470806e-02
7.723642685450875234e-02
7.454550299024741145e-02
7.166728298013032294e-02
6.866178277700499266e-02
6.557929192600729651e-02
6.246168124521567916e-02
5.934354970331136986e-02
5.625322925685350556e-02
5.321366429499968520e-02
5.024318045730766930e-02
4.735615591552610332e-02
4.456360672058148897e-02
4.187369649124476900e-02
3.929217954330598006e-02
3.682278551150498097e-02
3.446755258667805188e-02
3.222711566483336953e-02
3.010095497178225110e-02
2.808761007636800464e-02
2.618486362818955512e-02
2.438989864392400800e-02
2.269943271270200708e-02
2.110983208904901320e-02
1.961720828594201715e-02
1.821749946543396725e-02
1.690653864551256227e-02
1.568011049532901796e-02
1.453399827304162686e-02
1.346402226804946888e-02
1.246607093947962180e-02
1.153612579288485103e-02
1.067028090494022592e-02
9.864757889478097119e-03
9.115916995675116957e-03
8.420264939009229968e-03
7.774459986318194710e-03
7.175314746656913725e-03
6.619797058547848174e-03
6.105029310654981438e-03
5.628286486005529797e-03
5.186993178852149222e-03
4.778719797419487929e-03
4.401178134496773475e-03
4.052216460578844139e-03
3.729814270539062639e-03
3.432076794211771920e-03
3.157229363391973308e-03
2.903611712291351721e-03
2.669672275127526334e-03
2.453962533006808899e-03
2.255131452359159308e-03
2.071920048694873319e-03
1.903156102196160854e-03
1.747749045475786378e-03
1.604685038590228678e-03
1.473022241964118710e-03
1.351886294158758176e-03
1.240465998305725686e-03
1.138009218444300781e-03
1.043818984876046128e-03
9.572498059177279211e-04
8.777041820393800819e-04
8.046293172689804665e-04
7.375140218866061206e-04
6.758857997821313482e-04
6.193081133792744481e-04
5.673778187073093976e-04
5.197227630056749405e-04
4.759995371551623174e-04
4.358913752241720370e-04
3.991061934841500175e-04
3.653747613712333281e-04
3.344489970399379094e-04
3.061003803595100151e-04
2.801184764359643470e-04
2.563095629957711798e-04
2.344953552345634552e-04
2.145118220111185629e-04
1.962080875489769546e-04
1.794454130918865173e-04
1.640962532419530922e-04
1.500433819885375213e-04
1.371790837097237458e-04
1.254044046950477851e-04
1.146284609969975209e-04
