0.000000000000000000e+00
1.751084452194710123e-02
3.168893468973548594e-02
4.301000076745561257e-02
5.188941072553223538e-02
5.868935053037251104e-02
6.372518448013157755e-02
6.727108662034535225e-02
6.956502437260191074e-02
7.081316666877793264e-02
7.119378099058566722e-02
7.086067666891301964e-02
6.994624550986933142e-02
6.856414520416445613e-02
6.681166597148484321e-02
6.477181642748498780e-02
6.251516068026097273e-02
6.010143511415738660e-02
5.758097015535875579e-02
5.499593949467937448e-02
5.238145673139741471e-02
4.976653716488996931e-02
4.717494046872059560e-02
4.462590820834074629e-02
4.213480858512498595e-02
3.971369938500404762e-02
3.737181886067066777e-02
3.511601316539669781e-02
3.295110796889780258e-02
3.088023100800167675e-02
2.890509154513884807e-02
2.702622201518969230e-02
2.524318652644217190e-02
2.355476033582311682e-02
2.195908393456208127e-02
2.045379495124831706e-02
1.903614069880231463e-02
1.770307385480890741e-02
1.645133346614155098e-02
1.527751320456135695e-02
1.417811856618008196e-02
1.314961450093083198e-02
1.218846477546341005e-02
1.129116421147285595e-02
1.045426479897863976e-02
9.674396558357783657e-03
8.948283914096437017e-03
8.272758245568162874e-03
7.644767194167408075e-03
7.061381230486789631e-03
6.519797918735975237e-03
6.017344257203385317e-03
5.551477422319881297e-03
5.119784198964090483e-03
4.719979340312575877e-03
4.349903066128383601e-03
4.007517878317987288e-03
3.690904846352877165e-03
3.398259492291931440e-03
3.127887385249582437e-03
2.878199537874387946e-03
2.647707682416594165e-03
2.435019490991016580e-03
2.238833793435797501e-03
2.057935836509562459e-03
1.891192619865844724e-03
1.737548337124504095e-03
1.596019944274539373e-03
1.465692872459199063e-03
1.345716897796009901e-03
1.235302177168655586e-03
1.133715455804677839e-03
1.040276449843368419e-03
9.543544049326637118e-04
8.753648301114822687e-04
8.027664047813112304e-04
7.360580554015088393e-04
6.747761976158349155e-04
6.184921387976762604e-04
5.668096354573460725e-04
5.193625995596240540e-04
4.758129475300990237e-04
4.358485855644386449e-04
3.991815247779316933e-04
3.655461197282961925e-04
3.346974238997774327e-04
3.064096558396413295e-04
2.804747697797303676e-04
2.567011247474884020e-04
2.349122463657561004e-04
2.149456757527598431e-04
1.966519001579676400e-04
1.798933602016884433e-04
1.645435288228685382e-04
1.504860572775626795e-04
1.376139837676269568e-04
1.258290005132886211e-04
1.150407753128488032e-04
1.051663238565715946e-04
9.612942927886393505e-05
