0.000000000000000000e+00
2.013469580602790521e-02
3.643725233213150616e-02
4.945468398079593680e-02
5.966459808395696562e-02
6.748345109805109487e-02
7.327386198205979029e-02
7.735108743293193923e-02
7.998875226867188659e-02
8.142391808404096654e-02
8.186156422837233271e-02
8.147854705406382125e-02
8.042709615460422179e-02
7.883789986005043660e-02
7.682282650295677029e-02
7.447732283481417470e-02
7.188252639582277947e-02
6.910712456001662229e-02
6.620898934034989691e-02
6.323661379690881379e-02
6.023037300350749662e-02
5.722362995562830373e-02
5.424370451206237537e-02
5.131272142337277298e-02
4.844835168534582931e-02
4.566445984069423397e-02
4.297166841579095481e-02
4.037784940181251420e-02
3.788855155408384079e-02
3.550737127422383399e-02
3.323627394311678973e-02
3.107587177648648766e-02
2.902566356795105787e-02
2.708424105709290874e-02
2.524946610355024643e-02
2.351862235462650816e-02
2.188854465646942332e-02
2.035572907128916156e-02
1.891642601983736793e-02
1.756671876452783193e-02
1.630258917975303118e-02
1.511997251822641726e-02
1.401480267207316603e-02
1.298304924179839552e-02
1.202074756241938193e-02
1.112402269149710340e-02
1.028910823635538485e-02
9.512360785486690534e-03
8.790270610280462651e-03
8.119469216236128647e-03
7.496734246368935359e-03
6.918992172369943516e-03
6.383319150161340105e-03
5.886940364837854600e-03
5.427228144754415139e-03
5.001699084954486230e-03
4.608010385565274210e-03
4.243955580621301682e-03
3.907459806492340204e-03
3.596574736220058827e-03
3.309473286198021287e-03
3.044444184398105175e-03
2.799886474430381394e-03
2.574304016838638905e-03
2.366300037928507124e-03
2.174571766877274499e-03
1.997905193688590247e-03
1.835169973558088523e-03
1.685314497255769803e-03
1.547361142073651157e-03
1.420401713614735618e-03
1.303593085108452430e-03
1.196153037937078105e-03
1.097356304567616422e-03
1.006530813034149175e-03
9.230541304453937198e-04
8.463501016476324221e-04
7.758856781073332270e-04
7.111679312498449951e-04
6.517412438649318896e-04
5.971846727354834837e-04
5.471094753357323053e-04
5.011567932562338091e-04
4.589954849245805987e-04
4.203201001858186941e-04
3.848489893698087074e-04
3.523225395913042748e-04
3.225015311912915223e-04
2.951656074256082496e-04
2.701118507309577016e-04
2.471534591423403689e-04
2.261185166937781552e-04
2.068488519012016090e-04
1.891989786983988130e-04
1.730351144706126078e-04
1.582342701029665940e-04
1.446834072300861294e-04
1.322786581372864187e-04
1.209246040210305221e-04
1.105336075659346765e-04
