0.000000000000000000e+00
2.272229445281278085e-02
4.111996448907184742e-02
5.581032374703318033e-02
6.733235898535533392e-02
7.615604731822406270e-02
8.269060946789548450e-02
8.729181716120881784e-02
9.026845994950313812e-02
9.188806525963971739e-02
9.238195524205794484e-02
9.194971483977101845e-02
9.076313734337580763e-02
8.896970641717530381e-02
8.669566708700610080e-02
8.404873238776255917e-02
8.112046720313428882e-02
7.798838622482694161e-02
7.471779885366736096e-02
7.136343020697602513e-02
6.797084413754694854e-02
6.457769126669973825e-02
6.121480244888792555e-02
5.790714578404367735e-02
5.467466324563406699e-02
5.153300116996366309e-02
4.849414723116496351e-02
4.556698508475309772e-02
4.275777658109592566e-02
4.007058031126144171e-02
3.750761423590796145e-02
3.506956924930468289e-02
3.275587973282492044e-02
3.056495644428776012e-02
2.849438646147426160e-02
2.654110434121092002e-02
2.470153816175069475e-02
2.297173367878953265e-02
2.134745943809657903e-02
1.982429534484717384e-02
1.839770688637314133e-02
1.706310693676946558e-02
1.581590683468766384e-02
1.465155821620074683e-02
1.356558689972622335e-02
1.255361995686550547e-02
1.161140695919209327e-02
1.073483626430102311e-02
9.919947092863576343e-03
9.162938050280004798e-03
8.460172660243684556e-03
7.808182401753973288e-03
7.203667674622707059e-03
6.643497060231148138e-03
6.124705193250722102e-03
5.644489515390424712e-03
5.200206143223040818e-03
4.789365048100969677e-03
4.409624716508952873e-03
4.058786433389952389e-03
3.734788308557233320e-03
3.435699146859577842e-03
3.159712245933635720e-03
2.905139190836663037e-03
2.670403702320481298e-03
2.454035584732602859e-03
2.254664810292549611e-03
2.071015768595006051e-03
1.901901703465281798e-03
1.746219353585273934e-03
1.602943808486616533e-03
1.471123587455296609e-03
1.349875945505762389e-03
1.238382407772509446e-03
1.135884531354279569e-03
1.041679891761073621e-03
9.551182895968146538e-04
8.755981719076738612e-04
8.025632616917370262e-04
7.354993883596654168e-04
6.739315114231771457e-04
6.174209293383347294e-04
5.655626652172417819e-04
5.179830210221282290e-04
4.743372918501545261e-04
4.343076319886712356e-04
3.976010645544345284e-04
3.639476267139665202e-04
3.330986427051024507e-04
3.048251171326649459e-04
2.789162412864568900e-04
2.551780055207539407e-04
2.334319110357882944e-04
2.135137747087010533e-04
1.952726209303018282e-04
1.785696547116006662e-04
1.632773106278575311e-04
1.492783724658281483e-04
1.364651587302870815e-04
1.247387694475577226e-04
