0.000000000000000000e+00
1.032522649504367257e-02
1.868530256482359500e-02
2.536074139196351634e-02
3.059646368077593992e-02
3.460603149743038398e-02
3.757539862632720828e-02
3.966623112050415151e-02
4.101884588605097387e-02
4.175480992764298016e-02
4.197923822834524754e-02
4.178282408261759645e-02
4.124363199399972563e-02
4.042867994086567912e-02
3.939533486247163291e-02
3.819254258530806190e-02
3.686191106252648120e-02
3.543866370654311093e-02
3.395247772963039257e-02
3.242822074506896551e-02
3.088659740049299815e-02
2.934471649596717344e-02
2.781658786469427130e-02
2.631355724851765568e-02
2.484468646965926064e-02
2.341708537199940765e-02
2.203620126856468270e-02
2.070607097682914191e-02
1.942953994109685931e-02
1.820845242371179479e-02
1.704381628707102997e-02
1.593594548009500192e-02
1.488458298030553156e-02
1.388900662095544219e-02
1.294811994726208400e-02
1.206052999272113659e-02
1.122461364215215918e-02
1.043857404937217209e-02
9.700488401373549147e-03
9.008348165070472272e-03
8.360092814821888305e-03
7.753637917032022223e-03
7.186898340384996822e-03
6.657807265096144650e-03
6.164331580542987271e-03
5.704484186511862495e-03
5.276333647940360458e-03
4.878011595452931559e-03
4.507718213289293313e-03
4.163726111624403703e-03
3.844382841072583896e-03
3.548112272735018998e-03
3.273415036935084770e-03
3.018868187299280324e-03
2.783124233646907045e-03
2.564909666862050155e-03
2.363023081194546866e-03
2.176332983967941854e-03
2.003775369193030922e-03
1.844351119856823835e-03
1.697123293467436584e-03
1.561214336598921266e-03
1.435803266531004985e-03
1.320122851471244602e-03
1.213456815152263958e-03
1.115137086700521531e-03
1.024541112475260566e-03
9.410892429881048855e-04
8.642422049573210635e-04
7.934986659573355127e-04
7.283928969331446334e-04
6.684925360078150872e-04
6.133964554725184187e-04
5.627327325716372820e-04
5.161567236445013460e-04
4.733492403287748091e-04
4.340148258410161594e-04
3.978801288033554382e-04
3.646923716606617844e-04
3.342179104117521055e-04
3.062408821451580230e-04
2.805619367109954171e-04
2.569970487635197176e-04
2.353764063636795266e-04
2.155433723284139018e-04
1.973535145458865767e-04
1.806737015366342955e-04
1.653812596240750946e-04
1.513631881790906985e-04
1.385154295183147659e-04
1.267421901608365407e-04
1.159553102802579047e-04
1.060736783259595830e-04
9.702268792692994635e-05
8.873373433185941807e-05
8.114374777899156538e-05
7.419476132726274948e-05
6.783351081564589844e-05
6.201106474957581794e-05
5.668248204131655507e-05
