0.000000000000000000e+00
2.187818386631191700e-02
3.959239880181932708e-02
5.373702585853232933e-02
6.483102897435465140e-02
7.332692608221191843e-02
7.961873576249076101e-02
8.404901317705602837e-02
8.691507665325452769e-02
8.847451524074438634e-02
8.895005770268700485e-02
8.853387460043382617e-02
8.739137727510104536e-02
8.566457051989292970e-02
8.347500948379309171e-02
8.092640576983133049e-02
7.810692271755152738e-02
7.509119542513878476e-02
7.194210711428779270e-02
6.871234991876741527e-02
6.544579503966409251e-02
6.217869441525027130e-02
5.894073356447256801e-02
5.575595304724198509e-02
5.264355401259196432e-02
4.961860155103156589e-02
4.669263800655007457e-02
4.387421701571658089e-02
4.116936780740036717e-02
3.858199820005735886e-02
3.611424375931856362e-02
3.376676971341983913e-02
3.153903145590260942e-02
2.942949878334862393e-02
2.743584841119387288e-02
2.555512877442273414e-02
2.378390064462012482e-02
2.211835667371580758e-02
2.055442260178516264e-02
1.908784253611976039e-02
1.771425041667648234e-02
1.642922952470465825e-02
1.522836166305036217e-02
1.410726743497210146e-02
1.306163887027276052e-02
1.208726549048427454e-02
1.118005476635883060e-02
1.033604779890781242e-02
9.551430947805960095e-03
8.822544036473204537e-03
8.145885680072417062e-03
7.518116209700275408e-03
6.936058602026151307e-03
6.396697767511205432e-03
5.897178501192571268e-03
5.434802357025817626e-03
5.007023669217295497e-03
4.611444911201291637e-03
4.245811554355325909e-03
3.908006563694776080e-03
3.596044646197794122e-03
3.308066348687773665e-03
3.042332085993016983e-03
2.797216166102679293e-03
2.571200866971220123e-03
2.362870609248967236e-03
2.170906260321672429e-03
1.994079597438890190e-03
1.831247951234712566e-03
1.681349045449135942e-03
1.543396044015935258e-03
1.416472812781067927e-03
1.299729399855165590e-03
1.192377735898019061e-03
1.093687553406041133e-03
1.002982522258771955e-03
9.196365973194985935e-04
8.430705727269239549e-04
7.727488366151886610e-04
7.081763193197581664e-04
6.488956276329109485e-04
5.944843573357140197e-04
5.445525760279249167e-04
4.987404681813278114e-04
4.567161343365786679e-04
4.181735364323847684e-04
3.828305813846389098e-04
3.504273352099941457e-04
3.207243602029390237e-04
2.935011679189359658e-04
2.685547809812110207e-04
2.456983970089656106e-04
2.247601482548933975e-04
2.055819508354713755e-04
1.880184377348792697e-04
1.719359700595999077e-04
1.572117213132492386e-04
1.437328297480491986e-04
1.313956141289716873e-04
1.201048485177662366e-04
