0.000000000000000000e+00
2.155895588184922676e-02
3.901469995136723490e-02
5.295294055416421841e-02
6.388506934458880460e-02
7.225700149600744471e-02
7.845700640240142743e-02
8.282264094997625337e-02
8.564688524810953885e-02
8.718356982456175464e-02
8.765217357246027352e-02
8.724206306259919830e-02
8.611623609348284525e-02
8.441462544428564307e-02
8.225701263390157447e-02
7.974559599322586512e-02
7.696725245679919558e-02
7.399552811047781231e-02
7.089238863708566263e-02
6.770975733127029828e-02
6.449086526259791008e-02
6.127143541166973906e-02
5.808072015140718081e-02
5.494240926217149740e-02
5.187542372604339591e-02
4.889460881645257134e-02
4.601133846125150112e-02
4.323404148956734583e-02
4.056865915685298890e-02
3.801904226197730385e-02
3.558729521020094488e-02
3.327407352331107626e-02
3.107884054128669596e-02
2.900008838814568599e-02
2.703552767873054763e-02
2.518224991476998922e-02
2.343686605016578883e-02
2.179562429045572153e-02
2.025450982387557927e-02
1.880932885610954106e-02
1.745577903297582459e-02
1.618950808075417941e-02
1.500616226889269975e-02
1.390142610110907048e-02
1.287105446546952907e-02
1.191089831925237937e-02
1.101692484794075146e-02
1.018523291745706931e-02
9.412064532895367958e-03
8.693812923881478680e-03
8.027027794829158167e-03
7.408418206463616984e-03
6.834853491895903459e-03
6.303362555227709149e-03
5.811131852235975129e-03
5.355502310322311950e-03
4.933965407898703755e-03
4.544158601082550451e-03
4.183860257429246506e-03
3.850984231940985953e-03
3.543574199315262935e-03
3.259797837946051564e-03
2.997940945219528235e-03
2.756401549849893384e-03
2.533684075110090913e-03
2.328393596588965945e-03
2.139230229341467036e-03
1.964983671806380498e-03
1.804527927484284467e-03
1.656816219953347828e-03
1.520876112225913457e-03
1.395804837603907078e-03
1.280764845978207616e-03
1.174979566850951852e-03
1.077729388165308416e-03
9.883478482388234621e-04
9.062180366567703683e-04
8.307691988406832586e-04
7.614735381207647777e-04
6.978432084709753659e-04
6.394274905790456234e-04
5.858101435917160765e-04
5.366069246730592775e-04
4.914632684192095282e-04
4.500521181674689672e-04
4.120719013055085451e-04
3.772446408132975487e-04
3.453141954446788814e-04
3.160446211669525355e-04
2.892186467167772389e-04
2.646362563918616315e-04
2.421133734740067299e-04
2.214806379649453575e-04
2.025822726076926649e-04
1.852750314591714671e-04
1.694272255717506120e-04
1.549178206295633476e-04
1.416356016681517512e-04
1.294784002815180918e-04
1.183523799878915698e-04
