0.000000000000000000e+00
2.316611062233413232e-02
4.192312744289646703e-02
5.690042158713438936e-02
6.864750740541367136e-02
7.764354169414863782e-02
8.430573815244100933e-02
8.899681750804878944e-02
9.203160064845754273e-02
9.368284039702523547e-02
9.418637713235467057e-02
9.374569412846103789e-02
9.253594017511145020e-02
9.070747961554269378e-02
8.838902331740608465e-02
8.569038818704494131e-02
8.270492757084248192e-02
7.951167019218041698e-02
7.617720108750281049e-02
7.275731427551224151e-02
6.929846357082669606e-02
6.583903499385011793e-02
6.241046159313903136e-02
5.903819915029416554e-02
5.574257914919474033e-02
5.253955353335676426e-02
4.944134412243999382e-02
4.645700808920581043e-02
4.359292959167240106e-02
4.085324649407909292e-02
3.824022007871291651e-02
3.575455473452109761e-02
3.339567379510655076e-02
3.116195697690833655e-02
2.905094422805258939e-02
2.705951023054770782e-02
2.518401329519289258e-02
2.342042194263354790e-02
2.176442206907135829e-02
2.021150724555031281e-02
1.875705439043983194e-02
1.739638678122077189e-02
1.612482612993994258e-02
1.493773523316253328e-02
1.383055251874187874e-02
1.279881964541162293e-02
1.183820316457021189e-02
1.094451112443255332e-02
1.011370538297605079e-02
9.341910296039864642e-03
8.625418358971693664e-03
7.960693302960146142e-03
7.344371079399687058e-03
6.773259106208559532e-03
6.244334097979556582e-03
5.754738756321016793e-03
5.301777556972630916e-03
4.882911835574472656e-03
4.495754343724720804e-03
4.138063420646377090e-03
3.807736902922087292e-03
3.502805874930265285e-03
3.221428345453963317e-03
2.961882921109196612e-03
2.722562534462224463e-03
2.501968273719928915e-03
2.298703351459097967e-03
2.111467241809779783e-03
1.939050008650350940e-03
1.780326841553168341e-03
1.634252811303998692e-03
1.499857852686864966e-03
1.376241978773552277e-03
1.262570728092079434e-03
1.158070843690435850e-03
1.062026181190114547e-03
9.737738413769814758e-04
8.927005216506970998e-04
8.182390797013261701e-04
7.498653020619533080e-04
6.870948696632840592e-04
6.294805121595288414e-04
5.766093425773237760e-04
5.281003637378715171e-04
4.836021378967212455e-04
4.427906111184149135e-04
4.053670840395978280e-04
3.710563208614708355e-04
3.396047886396667240e-04
3.107790191974702876e-04
2.843640862689306961e-04
2.601621907750867888e-04
2.379913474437223442e-04
2.176841662960493304e-04
1.990867228386130326e-04
1.820575111123455710e-04
1.664664740604101644e-04
1.521941059802296378e-04
1.391306221211684689e-04
1.271751907764860135e-04
