0.000000000000000000e+00
1.423338389789739929e-02
2.575779667217616836e-02
3.495992735272068080e-02
4.217740053408066542e-02
4.770461274840755855e-02
5.179790235320930192e-02
5.468012692911609907e-02
5.654471413533708468e-02
5.755924478452482257e-02
5.786862048325467495e-02
5.759786245770810720e-02
5.685458307340682943e-02
5.573116699762344084e-02
5.430669488489589525e-02
5.264863883755270535e-02
5.081435565747085409e-02
4.885240102053356459e-02
4.680368513394021768e-02
4.470248814511595947e-02
4.257735152948402546e-02
4.045185986598512362e-02
3.834532578998045560e-02
3.627338947162422195e-02
3.424854268478318142e-02
3.228058638999330848e-02
3.037702973948061200e-02
2.854343750926831291e-02
2.678373216063699436e-02
2.510045601979737917e-02
2.349499843083995357e-02
2.196779217415081517e-02
2.051848294277077225e-02
1.914607522570006479e-02
1.784905755373696057e-02
1.662550971457208565e-02
1.547319423462703049e-02
1.438963415114072851e-02
1.337217885536241303e-02
1.241805957292226037e-02
1.152443585741508812e-02
1.068843430518310635e-02
9.907180550757370072e-03
9.177825471219647202e-03
8.497566411924978302e-03
7.863664143840640164e-03
7.273456172663931955e-03
6.724366940502924522e-03
6.213915391017219882e-03
5.739720307433224082e-03
5.299503778802493528e-03
4.891093102405126049e-03
4.512421388548918701e-03
4.161527097503010808e-03
3.836552706330765162e-03
3.535742675417336781e-03
3.257440860050799143e-03
3.000087491092008445e-03
2.762215830186964469e-03
2.542448588807263467e-03
2.339494186358169903e-03
2.152142910412704543e-03
1.979263031585870840e-03
1.819796916454735711e-03
1.672757174079699634e-03
1.537222864932832151e-03
1.412335795252458743e-03
1.297296914896847383e-03
1.191362832556521834e-03
1.093842458609663084e-03
1.004093782884828536e-03
9.215207920567739007e-04
8.455705292799926874e-04
7.757302969043554592e-04
7.115250016684548321e-04
6.525146405855238420e-04
5.982919247863080058e-04
5.484800378298209343e-04
5.027305244076315290e-04
4.607213049250815859e-04
4.221548111215888918e-04
3.867562376730507637e-04
3.542719045856980919e-04
3.244677251283465238e-04
2.971277740464494982e-04
2.720529508460919161e-04
2.490597330198492890e-04
2.279790142015033160e-04
2.086550223762012341e-04
1.909443134310618597e-04
1.747148355036516371e-04
1.598450597680316275e-04
1.462231734868180773e-04
1.337463313499979664e-04
1.223199613147131547e-04
1.118571213529259548e-04
1.022779037041681355e-04
9.350888341720387789e-05
8.548260814634576067e-05
7.813712634458979333e-05
