0.000000000000000000e+00
1.730423253279024173e-02
3.131503417212755380e-02
4.250252199902360833e-02
5.127716302081745947e-02
5.799686973995681061e-02
6.297328544360447644e-02
6.647734917370463903e-02
6.874422055338266779e-02
6.997763590921948773e-02
7.035375932928733533e-02
7.002458533469922697e-02
6.912094362904142031e-02
6.775515084597019677e-02
6.602334926934344539e-02
6.400756808888473370e-02
6.177753882059448809e-02
5.939229301398316063e-02
5.690156724212579176e-02
5.434703758476266966e-02
5.176340333273674738e-02
4.917933743136487790e-02
4.661831921173995724e-02
4.409936320639635393e-02
4.163765628595374191e-02
3.924511396546993131e-02
3.693086549468450192e-02
3.470167624850685473e-02
3.256231495815274657e-02
3.051587245600894532e-02
2.856403783676875197e-02
2.670733725306673537e-02
2.494533995631536064e-02
2.327683565429231743e-02
2.169998677873410942e-02
2.021245883205730412e-02
1.881153160637848154e-02
1.749419373490672391e-02
1.625722274078720761e-02
1.509725248734646898e-02
1.401082970265389582e-02
1.299446104700814966e-02
1.204465201138623862e-02
1.115793877538922077e-02
1.033091401240850658e-02
9.560247505506032015e-03
8.842702327970504081e-03
8.175147246007954255e-03
7.554565916059526043e-03
6.978063374492055049e-03
6.442870251700701795e-03
5.946345084955344425e-03
5.485975053684986717e-03
5.059375416504967304e-03
4.664287890419396669e-03
4.298578178627619588e-03
3.960232823654679345e-03
3.647355536601546745e-03
3.358163130720471720e-03
3.090981167864402523e-03
2.844239409282916728e-03
2.616467147427870617e-03
2.406288482612818982e-03
2.212417597296679073e-03
2.033654071218030795e-03
1.868878272400791409e-03
1.717046852016830636e-03
1.577188365077586201e-03
1.448399033804399988e-03
1.329838666180901529e-03
1.220726738518924720e-03
1.120338647783334588e-03
1.028002136842314255e-03
9.430938936696796988e-04
8.650363237644235993e-04
7.932944936172159475e-04
7.273732418980351482e-04
6.668144541230883659e-04
6.111944958476343446e-04
5.601217988936476461e-04
5.132345947307194239e-04
4.701987888621622928e-04
4.307059699057931351e-04
3.944715469829906105e-04
3.612330090253273356e-04
3.307482996624548557e-04
3.027943014567873229e-04
2.771654233904188142e-04
2.536722856794236189e-04
2.321404961832847366e-04
2.124095128868123039e-04
1.943315871535212039e-04
1.777707826788969001e-04
1.626020653057679000e-04
1.487104590992154897e-04
1.359902643127261154e-04
1.243443331086362699e-04
1.136833991228115582e-04
1.039254571846593848e-04
9.499518971806341055e-05
