0.000000000000000000e+00
1.209116325427952304e-02
2.188107388010710960e-02
2.969822159029529562e-02
3.582941619203010991e-02
4.052474554616539854e-02
4.400196735186787111e-02
4.645039761502782472e-02
4.803435182254339741e-02
4.889618874015869143e-02
4.915900130160461012e-02
4.892899419206732381e-02
4.829758338746907576e-02
4.734324903716847360e-02
4.613316962178071190e-02
4.472466223541467223e-02
4.316645109293119204e-02
4.149978391224735247e-02
3.975941363739686485e-02
3.797446102152400582e-02
3.616917185476101887e-02
3.436358107723889999e-02
3.257409464194097742e-02
3.081399876752162134e-02
2.909390513130521994e-02
2.742213958290976722e-02
2.580508109631063016e-02
2.424745691106326706e-02
2.275259913146854621e-02
2.132266744642968490e-02
1.995884209434501538e-02
1.866149071922238237e-02
1.743031233969879329e-02
1.626446127592004465e-02
1.516265354503265432e-02
1.412325793968058699e-02
1.314437374120777484e-02
1.222389678651894518e-02
1.135957540142623970e-02
1.054905753084845604e-02
9.789930234795603606e-03
9.079752576314742418e-03
8.416082801400862415e-03
7.796500599424891279e-03
7.218625134241273694e-03
6.680129449332638733e-03
6.178751773815232065e-03
5.712304188697649165e-03
5.278679053416689138e-03
4.875853540445188906e-03
4.501892579855017694e-03
4.154950475395882518e-03
3.833271418268112060e-03
3.535189093750926072e-03
3.259125548685991042e-03
3.003589464056360264e-03
2.767173956142163216e-03
2.548554011620099164e-03
2.346483646188981999e-03
2.159792862568851203e-03
1.987384471789112143e-03
1.828230831333392233e-03
1.681370544751499725e-03
1.545905159611349073e-03
1.420995893994871388e-03
1.305860416008301425e-03
1.199769695861489143e-03
1.102044945868994180e-03
1.012054660146539942e-03
9.292117627394067816e-04
8.529708703536774623e-04
7.828256737048592748e-04
7.183064396964834774e-04
6.589776351459792573e-04
6.044356715443953507e-04
5.543067693335090775e-04
5.082449393764340963e-04
4.659300786577841498e-04
4.270661767522605941e-04
3.913796292248376742e-04
3.586176538528338406e-04
3.285468053739906778e-04
3.009515843511391311e-04
2.756331356910199522e-04
2.524080323518156977e-04
2.311071398119533913e-04
2.115745569439131792e-04
1.936666290345256654e-04
1.772510288118262845e-04
1.622059014731094134e-04
1.484190698552935363e-04
1.357872960435532847e-04
1.242155958745081313e-04
1.136166029536152228e-04
1.039099789707656290e-04
9.502186726178142985e-05
8.688438672515961690e-05
7.943516336194823737e-05
7.261689686117127731e-05
6.637695980309116098e-05
