0.000000000000000000e+00
2.195055572943211200e-02
3.972336834134759104e-02
5.391478506851449942e-02
6.504548655381114930e-02
7.356948763530400670e-02
7.988211028578831585e-02
8.432704282129920015e-02
8.720258708232248024e-02
8.876718420932767917e-02
8.924429974032273283e-02
8.882673992660695961e-02
8.768046328117387600e-02
8.594794434149531648e-02
8.375114035449211791e-02
8.119410599563491038e-02
7.836529624408353212e-02
7.533959308693960466e-02
7.218008776023487894e-02
6.893964670050098387e-02
6.566228623241324169e-02
6.238437821371867198e-02
5.913570636147425647e-02
5.594039076047852693e-02
5.281769607613986950e-02
4.978273723348171365e-02
4.684709475795047207e-02
4.401935058108790572e-02
4.130555387613023266e-02
3.870962538838799982e-02
3.623370774782921216e-02
3.387846838322916554e-02
3.164336088660022611e-02
2.952684999269302238e-02
2.752660473164233665e-02
2.563966377481320669e-02
2.386257651700673943e-02
2.219152301564873003e-02
2.062241553338044209e-02
1.915098409922779549e-02
1.777284821045435614e-02
1.648357653803985204e-02
1.527873626967025597e-02
1.415393352179368340e-02
1.310484607367781197e-02
1.212724951881680169e-02
1.121703779009477868e-02
1.037023889269682655e-02
9.583026570979282649e-03
8.851728540693534764e-03
8.172831834608523111e-03
7.542985736374652542e-03
6.959002713237889479e-03
6.417857701904317556e-03
5.916686052545627565e-03
5.452780392802071205e-03
5.023586635953586690e-03
4.626699324544699884e-03
4.259856472092721051e-03
3.920934040574429284e-03
3.607940169724748597e-03
3.319009255395327651e-03
3.052395957959679745e-03
2.806469207704661000e-03
2.579706262041306809e-03
2.370686858959100782e-03
2.178087502223597770e-03
2.000675906189126278e-03
1.837305621600577449e-03
1.686910858244844566e-03
1.548501515654729290e-03
1.421158429153363077e-03
1.304028835255946484e-03
1.196322057731005403e-03
1.097305413389074082e-03
1.006300334845795525e-03
9.226787060405984000e-04
8.458594051301477658e-04
7.753050484731537724e-04
7.105189287410864675e-04
6.510421396939351357e-04
5.964508798221827704e-04
5.463539268500435106e-04
5.003902749987620144e-04
4.582269269033185303e-04
4.195568321448673015e-04
3.840969644904531645e-04
3.515865301090024078e-04
3.217852992478686686e-04
2.944720540985220985e-04
2.694431458458730459e-04
2.465111541768293286e-04
2.255036428147606483e-04
2.062620049431049512e-04
1.886403926797215942e-04
1.725047250607749565e-04
1.577317692863944179e-04
1.442082902681713415e-04
1.318302637990925589e-04
1.205021489385924900e-04
