0.000000000000000000e+00
1.426021017762251278e-02
2.580634351554013384e-02
3.502581785332554987e-02
4.225689412133454281e-02
4.779452371370906949e-02
5.189552812004515764e-02
5.478318495037988456e-02
5.665128642547219429e-02
5.766772920484485726e-02
5.797768799745413315e-02
5.770641966244192261e-02
5.696173938705106909e-02
5.583620595996788977e-02
5.440904908249073746e-02
5.274786802456362528e-02
5.091012769093087448e-02
4.894447527247683394e-02
4.689189808165356715e-02
4.478674087517593022e-02
4.265759892183133145e-02
4.052810125144556269e-02
3.841759689874641587e-02
3.634175551159925938e-02
3.431309240766217128e-02
3.234142701976909506e-02
3.043428265297293961e-02
2.859723457147311104e-02
2.683421262938412780e-02
2.514776394454986547e-02
2.353928047961824366e-02
2.200919583065543556e-02
2.055715502292446151e-02
1.918216066914254711e-02
1.788269845137599109e-02
1.665684453820749644e-02
1.550235723899456158e-02
1.441675492253631855e-02
1.339738198436402593e-02
1.244146443167798953e-02
1.154615646455973282e-02
1.070857926372221353e-02
9.925853046254458703e-03
9.195123319371946782e-03
8.513582146144210022e-03
7.878485134794039821e-03
7.287164772899541731e-03
6.737040648302436603e-03
6.225627028507181061e-03
5.750538208757017232e-03
5.309491984825338851e-03
4.900311559004619580e-03
4.520926146045460212e-03
4.169370509217476713e-03
3.843783624629496052e-03
3.542406643924557452e-03
3.263580300982526529e-03
3.005741886899300237e-03
2.767421898895100658e-03
2.547240452605733802e-03
2.343903533138157365e-03
2.156199148067593913e-03
1.982993434989290850e-03
1.823226767112450658e-03
1.675909892518684559e-03
1.540120135945147141e-03
1.414997686154932871e-03
1.299741987001639797e-03
1.193608246073751952e-03
1.095904071222683759e-03
1.005986242252407100e-03
9.232576225053558839e-04
8.471642129541279327e-04
7.771923496449602373e-04
7.128660438874447189e-04
6.537444634019845850e-04
5.994195516842212162e-04
5.495137820907789209e-04
5.036780425643016092e-04
4.615896464726643427e-04
4.229504647153996873e-04
3.874851740308189654e-04
3.549396163033992357e-04
3.250792636084791571e-04
2.976877837277627390e-04
2.725657009139459733e-04
2.495291467667263923e-04
2.284086961977381438e-04
2.090482836018146752e-04
1.913041945106959310e-04
1.750441281780409485e-04
1.601463267272294538e-04
1.464987666825324619e-04
1.339984088968933955e-04
1.225505030833981524e-04
1.120679433505749386e-04
1.024706713323125351e-04
9.368512369016549965e-05
8.564372094806713478e-05
7.828439479622947882e-05
