0.000000000000000000e+00
2.365800019677192015e-02
4.281328762788266101e-02
5.810859695226636146e-02
7.010511044264122749e-02
7.929215890505658670e-02
8.609581480097810990e-02
9.088650056292237045e-02
9.398572171848967871e-02
9.567202249350496845e-02
9.618625090144586331e-02
9.573621080784559811e-02
9.450076996354617176e-02
9.263348542091072446e-02
9.026580098515382677e-02
8.750986532180826671e-02
8.446101396315683352e-02
8.119995366156708416e-02
7.779468326375851839e-02
7.430218147137700180e-02
7.076988846000009659e-02
6.723700530628129446e-02
6.373563248151070670e-02
6.029176627379802950e-02
5.692616986853316768e-02
5.365513391929167125e-02
5.049113975350173061e-02
4.744343685626096346e-02
4.451854494139240864e-02
4.172068973304045303e-02
3.905218052764520414e-02
3.651373667055228533e-02
3.410476925091867478e-02
3.182362358145447712e-02
2.966778737562765153e-02
2.763406895509108729e-02
2.571874930609949553e-02
2.391771134827978124e-02
2.222654937580703302e-02
2.064066127402910608e-02
1.915532579871519897e-02
1.776576692578073560e-02
1.646720703246799811e-02
1.525491045289151248e-02
1.412421875834468134e-02
1.307057894291830183e-02
1.208956554523304798e-02
1.117689760514963340e-02
1.032845123815750304e-02
9.540268507949848167e-03
8.808563187860324675e-03
8.129723922940337161e-03
7.500315235225146239e-03
6.917076754048752558e-03
6.376921000121917905e-03
5.876930005598673262e-03
5.414351011739304380e-03
4.986591450334767160e-03
4.591213384172347818e-03
4.225927554948487319e-03
3.888587163688073719e-03
3.577181488482611589e-03
3.289829426833566946e-03
3.024773034747623313e-03
2.780371121682117305e-03
2.555092949220288869e-03
2.347512071737668706e-03
2.156300349099349572e-03
1.980222154424750997e-03
1.818128794014169320e-03
1.668953151511347885e-03
1.531704564157026485e-03
1.405463935462721199e-03
1.289379085708229362e-03
1.182660339258263717e-03
1.084576345731060607e-03
9.944501304719574782e-04
9.116553685325822030e-04
8.356128753834820731e-04
7.657873068529221731e-04
7.016840602506425276e-04
6.428463682711074885e-04
5.888525770486195601e-04
5.393135996329391458e-04
4.938705361481691416e-04
4.521924519720152305e-04
4.139743054117987200e-04
3.789350165448557121e-04
3.468156691229857982e-04
3.173778377039250878e-04
2.904020324594044022e-04
2.656862544123287729e-04
2.430446541693281220e-04
2.223062875345613147e-04
2.033139617122324701e-04
1.859231661255750494e-04
1.700010821963478193e-04
1.554256667390900961e-04
1.420848039267438639e-04
1.298755210774982607e-04
