0.000000000000000000e+00
2.313186411238960308e-02
4.186115239562657186e-02
5.681630557450285945e-02
6.854602565116701962e-02
7.752876108353576323e-02
8.418110880282395070e-02
8.886525332597662585e-02
9.189555014010075684e-02
9.354434885748319495e-02
9.404714121340017330e-02
9.360710967211592626e-02
9.239914410057410710e-02
9.057338655808737371e-02
8.825835763876133111e-02
8.556371190637619695e-02
8.258266470286733385e-02
7.939412792328884305e-02
7.606458817128568251e-02
7.264975698514554436e-02
6.919601950671475099e-02
6.574170501026274649e-02
6.231820007680441420e-02
5.895092285660512993e-02
5.566017477746882519e-02
5.246188420111994044e-02
4.936825487967657494e-02
4.638833059666262748e-02
4.352848607238207074e-02
4.079285305406085693e-02
3.818368948112766531e-02
3.570169870123006406e-02
3.334630490045809720e-02
3.111589019051944072e-02
2.900799815624005226e-02
2.701950809979248788e-02
2.514678371549272998e-02
2.338579948373057521e-02
2.173224767825640905e-02
2.018162853197759399e-02
1.872932579757483409e-02
1.737066966613769192e-02
1.610098876563588119e-02
1.491565274782215636e-02
1.381010678393153161e-02
1.277989912347289765e-02
1.182070272399086096e-02
1.092833183067145469e-02
1.009875427108590171e-02
9.328100130446260324e-03
8.612667384912136084e-03
7.948924993345742041e-03
7.333513880221656685e-03
6.763246183058913182e-03
6.235103085779466515e-03
5.746231513941862240e-03
5.293939928084961423e-03
4.875693416761690650e-03
4.489108260644547946e-03
4.131946112808365136e-03
3.802107917468381098e-03
3.497627669655103619e-03
3.216666101171065852e-03
2.957504363371736035e-03
2.718537764554531267e-03
2.498269608770783794e-03
2.295305173471060087e-03
2.108345855355530946e-03
1.936183506953680382e-03
1.777694980647480556e-03
1.631836891943748468e-03
1.497640609675951603e-03
1.374207477368439168e-03
1.260704267135375313e-03
1.156358865132124051e-03
1.060456185657916326e-03
9.723343094639166689e-04
8.913808405963071814e-04
8.170294751528191495e-04
7.487567746124054128e-04
6.860791358756679510e-04
6.285499497975078438e-04
5.757569397762405186e-04
5.273196718619974034e-04
4.828872278414827004e-04
4.421360328288512199e-04
4.047678290286439067e-04
3.705077875237205065e-04
3.391027501679974706e-04
3.103195939212551480e-04
2.839437102434926420e-04
2.597775924625422860e-04
2.376395243353976840e-04
2.173623633362276378e-04
1.987924125184791369e-04
1.817883751116405357e-04
1.662203863224950894e-04
1.519691171139965144e-04
1.389249450305364510e-04
1.269871874250980202e-04
