0.000000000000000000e+00
2.167447042160723300e-02
3.922374370716773251e-02
5.323666647254680917e-02
6.422737044781438864e-02
7.264416005404931986e-02
7.887738506243638370e-02
8.326641101487694541e-02
8.610578783065397923e-02
8.765070608097123850e-02
8.812182064370532864e-02
8.770951273026607320e-02
8.657765349386845055e-02
8.486692548425422977e-02
8.269775201888605876e-02
8.017287901515743331e-02
7.737964890089002457e-02
7.439200182751105894e-02
7.127223549472748443e-02
6.807255140618341527e-02
6.483641226683277414e-02
6.159973246374778055e-02
5.839192110630834348e-02
5.523679490653655294e-02
5.215337622658682698e-02
4.915658988200295038e-02
4.625787074301548896e-02
4.346569280106479805e-02
4.078602914530631701e-02
3.822275120748473004e-02
3.577797466842553425e-02
3.345235856225192705e-02
3.124536335347732549e-02
2.915547308680442595e-02
2.718038611037438754e-02
2.531717834195902975e-02
2.356244257669109707e-02
2.191240691770578175e-02
2.036303504156939531e-02
1.891011068329440103e-02
1.754930843635520502e-02
1.627625270721502759e-02
1.508656643769961878e-02
1.397591100876647424e-02
1.294001856284637646e-02
1.197471782632838176e-02
1.107595437656601518e-02
1.023980617690599913e-02
9.462495096817317639e-03
8.740395040573405508e-03
8.070037225639538694e-03
7.448113079635790279e-03
6.871475161319815297e-03
6.337136455433517446e-03
5.842268342568018510e-03
5.384197502609925322e-03
4.960401973120083345e-03
4.568506551524499637e-03
4.206277701701473422e-03
3.871618100928237837e-03
3.562560941761212623e-03
3.277264084874620138e-03
3.014004142825506879e-03
2.771170560843011239e-03
2.547259748785222263e-03
2.340869308128962645e-03
2.150692389045910560e-03
1.975512205086223192e-03
1.814196726574843167e-03
1.665693568381554704e-03
1.529025083126709121e-03
1.403283667018997722e-03
1.287627282291552719e-03
1.181275197522199845e-03
1.083503944917493626e-03
9.936434918421505579e-04
9.110736224281084945e-04
8.352205239500781102e-04
7.655535717632093494e-04
7.015823059250244275e-04
6.428535921345964344e-04
5.889489592882378747e-04
5.394821057474245797e-04
4.940965663196522726e-04
4.524635319475306286e-04
4.142798141695349951e-04
3.792659465434332008e-04
3.471644153986184014e-04
3.177380124961602203e-04
2.907683024166179573e-04
2.660541977582208751e-04
2.434106355055903198e-04
2.226673482165939747e-04
2.036677239677518367e-04
1.862677492932329803e-04
1.703350296459207565e-04
1.557478821987974917e-04
1.423944960890926085e-04
1.301721554846499353e-04
1.189865211206296558e-04
