0.000000000000000000e+00
2.197256613220213359e-02
3.976320001337230181e-02
5.396884684942084703e-02
6.511070938347744697e-02
7.364325770629431833e-02
7.996221019046416412e-02
8.441159977738632580e-02
8.729002742269145743e-02
8.885619341261578874e-02
8.933378735997234144e-02
8.891580884798788720e-02
8.776838280064613862e-02
8.603412661840573183e-02
8.383511983794453282e-02
8.127552147310819486e-02
7.844387519920363594e-02
7.541513808948135944e-02
7.225246464322412909e-02
6.900877430753767083e-02
6.572812754343015929e-02
6.244693267967236366e-02
5.919500329824203821e-02
5.599648366978467184e-02
5.287065777689816531e-02
4.983265570074101036e-02
4.689406957885876998e-02
4.406348994812294556e-02
4.134697204743573162e-02
3.874844055354268596e-02
3.627004024488356126e-02
3.391243921948213641e-02
3.167509052145304344e-02
2.955645734609582340e-02
2.755420638622014043e-02
2.566537334378848900e-02
2.388650415358887363e-02
2.221377504268965200e-02
2.064309417484972570e-02
1.917018729748218298e-02
1.779066951540464805e-02
1.650010505618603601e-02
1.529405666261417739e-02
1.416812604527394569e-02
1.311798664942797482e-02
1.213940983264629597e-02
1.122828541055094324e-02
1.038063740550274755e-02
9.592635725170318289e-03
8.860604403008507865e-03
8.181026949241096413e-03
7.550549287666591218e-03
6.965980689307563374e-03
6.424293057559126059e-03
5.922618870132823586e-03
5.458248039915038034e-03
5.028623919135405233e-03
4.631338638322640006e-03
4.264127942840385127e-03
3.924865664836315812e-03
3.611557946754388911e-03
3.322337313755632879e-03
3.055456676115357074e-03
2.809283328603678215e-03
2.582293001737365722e-03
2.373064009371621784e-03
2.180271528167323798e-03
2.002682036833393093e-03
1.839147936539730927e-03
1.688602368377196570e-03
1.550054239078667382e-03
1.422583462296543762e-03
1.305336419457526478e-03
1.197521641498172293e-03
1.098405710548204040e-03
1.007309378805801682e-03
9.236039003818079024e-04
8.467075707266462099e-04
7.760824673502368393e-04
7.112313848624751082e-04
6.516949568659262003e-04
5.970489568940910707e-04
5.469017703822611582e-04
5.008920295616389046e-04
4.586864031619395212e-04
4.199775328767417363e-04
3.844821086752011718e-04
3.519390752213722687e-04
3.221079618778822191e-04
2.947673290152538761e-04
2.697133236143446698e-04
2.467583374307575684e-04
2.257297612814473389e-04
2.064688293106020590e-04
1.888295473905523777e-04
1.726777001109340841e-04
1.578899311030889502e-04
1.443528917347903823e-04
1.319624534912016030e-04
1.206229796303291522e-04
