0.000000000000000000e+00
2.208721470431893388e-02
3.997067664932365399e-02
5.425044578478635526e-02
6.545044438827452016e-02
7.402751388699058133e-02
8.037943743495085114e-02
8.485204307046119443e-02
8.774548979080243338e-02
8.931982772993662945e-02
8.979991366952506937e-02
8.937975422704365347e-02
8.822634113398561406e-02
8.648303594063826150e-02
8.427255517093346082e-02
8.169960132017184407e-02
7.885318006731899254e-02
7.580863959703985910e-02
7.262946393649852284e-02
6.936884865617255758e-02
6.607108411597729936e-02
6.277276861625447069e-02
5.950387130044804823e-02
5.628866241930696040e-02
5.314652657549578246e-02
5.009267279599075723e-02
4.713875370385420260e-02
4.429340465970647844e-02
4.156271249750743968e-02
3.895062237220180829e-02
3.645929025326562906e-02
3.408938772472810963e-02
3.184036497679455097e-02
2.971067718601678662e-02
2.769797887046184307e-02
2.579929026496218317e-02
2.401113928166604197e-02
2.232968219593907400e-02
2.075080582113534439e-02
1.927021360245012929e-02
1.788349776517169504e-02
1.658619939187204809e-02
1.537385807259479716e-02
1.424205256850697571e-02
1.318643374975095491e-02
1.220275090966386859e-02
1.128687241772590062e-02
1.043480155042066614e-02
9.642688230740690397e-03
8.906837311663085011e-03
8.223713955052627811e-03
7.589946583791227358e-03
7.002327820298871394e-03
6.457813767952146067e-03
5.953521942289589051e-03
5.486728115490665386e-03
5.054862299694712000e-03
4.655504061636345746e-03
4.286377332239355888e-03
3.945344849721519644e-03
3.630402352966262576e-03
3.339672623014491686e-03
3.071399454167483400e-03
2.823941622057346123e-03
2.595766903859453648e-03
2.385446195347500596e-03
2.191647760512118685e-03
2.013131641788292684e-03
1.848744252398660821e-03
1.697413166772007926e-03
1.558142120309504320e-03
1.430006225832125728e-03
1.312147410751052798e-03
1.203770076271365149e-03
1.104136977691131533e-03
1.012565323025748504e-03
9.284230857124232137e-04
8.511255259804946125e-04
7.801319145650610415e-04
7.149424517550959915e-04
6.550953742687391172e-04
6.001642421083844834e-04
5.497553973407702825e-04
5.035055866504382005e-04
4.610797395094332171e-04
4.221688938755323501e-04
3.864882614613095700e-04
3.537754247949026162e-04
3.237886585099715247e-04
2.963053675481658019e-04
2.711206352249781611e-04
2.480458743927189979e-04
2.269075752272320184e-04
2.075461434633807910e-04
1.898148232045621163e-04
1.735786987305317104e-04
1.587137700231165823e-04
1.451060970189956641e-04
1.326510078810151367e-04
1.212523668532818533e-04
