0.000000000000000000e+00
2.269917859196671564e-02
4.107813229738458555e-02
5.575354674855755033e-02
6.726386038174930748e-02
7.607857219369164314e-02
8.260648659792275972e-02
8.720301338733427166e-02
9.017662797525800855e-02
9.179458562736196592e-02
9.228797316527000139e-02
9.185617249009830898e-02
9.067080212357049585e-02
8.887919569180267876e-02
8.660746978895146608e-02
8.396322787120953646e-02
8.103794167141348259e-02
7.790904702396737880e-02
7.464178688909167692e-02
7.129083071111139147e-02
6.790169598976918131e-02
6.451199504362768733e-02
6.115252736227348718e-02
5.784823564507349247e-02
5.461904157811206528e-02
5.148057558035172565e-02
4.844481313061574368e-02
4.552062884689247330e-02
4.271427820923967555e-02
4.002981567983657923e-02
3.746945696296417883e-02
3.503389225003061130e-02
3.272255649782473963e-02
3.053386208093465323e-02
2.846539853185715147e-02
2.651410352595758718e-02
2.467640877527889701e-02
2.294836405825167666e-02
2.132574222539111025e-02
1.980412767852657643e-02
1.837899051804356074e-02
1.704574828461525790e-02
1.579981698503343454e-02
1.463665288251593706e-02
1.355178634715788720e-02
1.254084889923134417e-02
1.159959443435869264e-02
1.072391549299396216e-02
9.909855325191296166e-03
9.153616403588415995e-03
8.451565951341378363e-03
7.800238976047804348e-03
7.196339234271154073e-03
6.636738493049720508e-03
6.118474403782503575e-03
5.638747259279107242e-03
5.194915865789693880e-03
4.784492727824388864e-03
4.405138713938135456e-03
4.054657345872273236e-03
3.730988831043666795e-03
3.432203938945928377e-03
3.156497805211450763e-03
2.902183732556986445e-03
2.667687045315888811e-03
2.451539043496163677e-03
2.252371093074974351e-03
2.068908881351895056e-03
1.899966859463876265e-03
1.744442888463408441e-03
1.601313100544776323e-03
1.469626982955007238e-03
1.348502688743310118e-03
1.237122575695615533e-03
1.134728972490340639e-03
1.040620169228470560e-03
9.541466279752429955e-04
8.747074077491106929e-04
8.017467974602768407e-04
7.347511495957943697e-04
6.732459069359108617e-04
6.167928142368572049e-04
5.649873066021143331e-04
5.174560661646671837e-04
4.738547386971146062e-04
4.338658018378349201e-04
3.971965767550367926e-04
3.635773752540250297e-04
3.327597745556392077e-04
3.045150122264612112e-04
2.786324940163616842e-04
2.549184076496479527e-04
2.331944359170788183e-04
2.132965627226873480e-04
1.950739660478979342e-04
1.783879921027380544e-04
1.631112052374168416e-04
1.491265084851719320e-04
1.363263298973936457e-04
1.246118701133972981e-04
