0.000000000000000000e+00
2.137492970654282162e-02
3.868167241273667845e-02
5.250093688688020621e-02
6.333974956959140257e-02
7.164021932449168850e-02
7.778730129732351617e-02
8.211567100549801990e-02
8.491580769474872670e-02
8.643937520807383479e-02
8.690397897768339930e-02
8.649736915074018873e-02
8.538115218464618905e-02
8.369406639933146819e-02
8.155487086460133650e-02
7.906489155148070658e-02
7.631026381731727259e-02
7.336390596223578420e-02
7.028725473307310956e-02
6.713179020981573097e-02
6.394037444376987622e-02
6.074842548595084379e-02
5.758494601247943906e-02
5.447342358892983544e-02
5.143261768882059770e-02
4.847724686706568475e-02
4.561858796423502727e-02
4.286499786138951718e-02
4.022236709972093482e-02
3.769451360787051675e-02
3.528352382800024889e-02
3.299004768639593466e-02
3.081355310393980168e-02
2.875254507580414856e-02
2.680475375890932141e-02
2.496729548178064709e-02
2.323681012704886112e-02
2.160957792538269195e-02
2.008161833525149917e-02
1.864877336035919431e-02
1.730677737120533272e-02
1.605131524486171427e-02
1.487807041400391293e-02
1.378276421921127877e-02
1.276118778461441013e-02
1.180922748351395310e-02
1.092288492529720940e-02
1.009829227577309363e-02
9.331723618093272846e-03
8.619602969096133716e-03
7.958509484746977697e-03
7.345180317065010296e-03
6.776511522378160512e-03
6.249557365914958258e-03
5.761528319725917752e-03
5.309788008924117703e-03
4.891849324537071893e-03
4.505369889239275484e-03
4.148147034330191066e-03
3.818112422041972792e-03
3.513326426167610091e-03
3.231972365707187246e-03
2.972350670395147720e-03
2.732873043292923312e-03
2.512056673842026373e-03
2.308518544636707984e-03
2.120969866485166496e-03
1.948210668900126393e-03
1.789124566832291834e-03
1.642673719091312847e-03
1.507893989363301088e-03
1.383890316921823453e-03
1.269832300943839979e-03
1.164949999698639167e-03
1.068529943702121359e-03
9.799113601556119074e-04
8.984826045610060010e-04
8.236777942725367202e-04
7.549736378665332847e-04
6.918864535463743488e-04
6.339693693174263192e-04
5.808096973376541483e-04
5.320264746488699093e-04
4.872681623998630454e-04
4.462104956673444071e-04
4.085544760478070146e-04
3.740244993192395288e-04
3.423666106444246010e-04
3.133468799971920234e-04
2.867498907308998340e-04
2.623773344673448237e-04
2.400467057580407660e-04
2.195900902532435214e-04
2.008530404028872494e-04
1.836935330041414652e-04
1.679810031996832110e-04
1.535954498165471242e-04
1.404266072156813011e-04
1.283731790955208697e-04
1.173421299578370831e-04
