0.000000000000000000e+00
2.053596964966676250e-02
3.716342750933860489e-02
5.044028968937475099e-02
6.085368198335957407e-02
6.882836060475557016e-02
7.473417131670599678e-02
7.889265371547619921e-02
8.158288581704746523e-02
8.304665372844721727e-02
8.349302192908285292e-02
8.310237142496419704e-02
8.202996566490534935e-02
8.040909752829565604e-02
7.835386482442042999e-02
7.596161650807198296e-02
7.331510714773500914e-02
7.048439302049791522e-02
6.752849949794027806e-02
6.449688608120103528e-02
6.143073249797196406e-02
5.836406665059878929e-02
5.532475286821629534e-02
5.233535683597047988e-02
4.941390172325231533e-02
4.657452838578154952e-02
4.382807105126641095e-02
4.118255859550618708e-02
3.864365035758622613e-02
3.621501441350851586e-02
3.389865531315942870e-02
3.169519747339847454e-02
2.960412969906554490e-02
2.762401566385738402e-02
2.575267461540505995e-02
2.398733606553871134e-02
2.232477178056298250e-02
2.076140799106018092e-02
1.929342039064965361e-02
1.791681418323559996e-02
1.662749116409124525e-02
1.542130557766534758e-02
1.429411028070260749e-02
1.324179454997679445e-02
1.226031470682790829e-02
1.134571858326252625e-02
1.049416472438946188e-02
9.701937107435842228e-03
8.965456056755244721e-03
8.281285945532382634e-03
7.646140196911227829e-03
7.056884028788398128e-03
6.510535326419235845e-03
6.004263974304256332e-03
5.535389932691563673e-03
5.101380303676636765e-03
4.699845596623688192e-03
4.328535371866950102e-03
3.985333414840875818e-03
3.668252569460795677e-03
3.375429339309845515e-03
3.105118347613009585e-03
2.855686731765819889e-03
2.625608535043603801e-03
2.413459146790637114e-03
2.217909832650393626e-03
2.037722388049055620e-03
1.871743941007837989e-03
1.718901924280698962e-03
1.578199231655884544e-03
1.448709568902162856e-03
1.329573006178126496e-03
1.219991735662504352e-03
1.119226035623764430e-03
1.026590440056984093e-03
9.414501113123932563e-04
8.632174117686329702e-04
7.913486695166825321e-04
7.253411321759739485e-04
6.647301023261237979e-04
6.090862475742271805e-04
5.580130779614785258e-04
5.111445832200359023e-04
4.681430223010045965e-04
4.286968575893121761e-04
3.925188262857813993e-04
3.593441415576016803e-04
3.289288162244135031e-04
3.010481019486301968e-04
2.754950371271865832e-04
2.520790969306696506e-04
2.306249391987789628e-04
2.109712401733815454e-04
1.929696143278739463e-04
1.764836128307082828e-04
1.613877954589641381e-04
1.475668710524003099e-04
1.349149018676857866e-04
1.233345674549702015e-04
1.127364839335017913e-04
