0.000000000000000000e+00
1.067851117490127046e-02
1.932463295993161467e-02
2.622847648793569242e-02
3.164334259248080539e-02
3.579010051175954277e-02
3.886106656596957643e-02
4.102343832262137641e-02
4.242233372662646690e-02
4.318347928079306619e-02
4.341558654915794735e-02
4.321245195922249205e-02
4.265481104485726455e-02
4.181197485036040884e-02
4.074327316401416682e-02
3.949932652720755666e-02
3.812316653764028646e-02
3.665122180085290948e-02
3.511418495521449745e-02
3.353777447638638803e-02
3.194340343566923202e-02
3.034876602241253982e-02
2.876835142583518412e-02
2.721389359009035794e-02
2.569476439383934843e-02
2.421831694912907063e-02
2.279018495252352686e-02
2.141454334396503123e-02
2.009433492657885026e-02
1.883146706540524476e-02
1.762698210754188796e-02
1.648120474388606663e-02
1.539386915775987387e-02
1.436422847298742152e-02
1.339114871883644725e-02
1.247318926750186178e-02
1.160867146780823235e-02
1.079573699325262794e-02
1.003239724046648719e-02
9.316574953032012024e-03
8.646139103015362468e-03
8.018933936500969445e-03
7.432802977980191260e-03
6.885608690017151583e-03
6.375248397720177998e-03
5.899667010883993291e-03
5.456867009075757301e-03
5.044916095385060945e-03
4.661952872125553655e-03
4.306190845648984536e-03
3.975921026884809799e-03
3.669513358606956745e-03
3.385417169180782171e-03
3.122160825150301078e-03
2.878350731037529996e-03
2.652669803741951760e-03
2.443875530594728177e-03
2.250797704124319742e-03
2.072335912649555124e-03
1.907456853686139223e-03
1.755191526614604917e-03
1.614632351918895026e-03
1.484930256393976987e-03
1.365291756887371819e-03
1.254976069249776798e-03
1.153292264106212149e-03
1.059596486717706175e-03
9.732892544925571396e-04
8.938128425452067935e-04
8.206487650185747412e-04
7.533153576198035146e-04
6.913654649149031167e-04
6.343842343363928363e-04
5.819870175374337005e-04
5.338173786390069909e-04
4.895452080308548880e-04
4.488649396738019761e-04
4.114938692858008114e-04
3.771705703549462375e-04
3.456534045909034425e-04
3.167191231851869057e-04
2.901615550863163645e-04
2.657903783955960675e-04
2.434299709424459673e-04
2.229183360955548253e-04
2.041060998996881181e-04
1.868555756908425844e-04
1.710398924287679289e-04
1.565421830906061186e-04
1.432548295882508178e-04
1.310787608013852371e-04
1.199228004549105875e-04
1.097030617110788365e-04
1.003423854909148740e-04
9.176981968466479717e-05
8.392013655557747009e-05
7.673338578409138436e-05
7.015448073951399937e-05
6.413281570275817568e-05
5.862191189606240452e-05
