0.000000000000000000e+00
1.851994273483739684e-02
3.351507433272819803e-02
4.548853998676356813e-02
5.487964409579819403e-02
6.207144433296803154e-02
6.739747850880671576e-02
7.114772050871652487e-02
7.357385111342987227e-02
7.489392016099276350e-02
7.529646816118219788e-02
7.494416802201003813e-02
7.397704089806038386e-02
7.251529423682000208e-02
7.066182480577457015e-02
6.850442476174971318e-02
6.611772461382427191e-02
6.356490317760944697e-02
6.089919127298884516e-02
5.816519293592533474e-02
5.540004525863802265e-02
5.263443560644639335e-02
4.989349285267487277e-02
4.719756739731947176e-02
4.456291306577607469e-02
4.200228249853932977e-02
3.952544632149911086e-02
3.713964521150509707e-02
3.484998292735541625e-02
3.265976744810645399e-02
3.057080653593054892e-02
2.858366330835650573e-02
2.669787675452128806e-02
2.491215155302840475e-02
2.322452103711312651e-02
2.163248669888278089e-02
2.013313722203760245e-02
1.872324967597862114e-02
1.739937518848903505e-02
1.615791113470165311e-02
1.499516163279787477e-02
1.390738791822402481e-02
1.289084997495399537e-02
1.194184063161739424e-02
1.105671317960981240e-02
1.023190343734327323e-02
9.463947067568697497e-03
8.749492851418459380e-03
8.085312531882445086e-03
7.468307759432349022e-03
6.895514602186418943e-03
6.364106021245045236e-03
5.871392657632638901e-03
5.414822229773135973e-03
4.991977798823183689e-03
4.600575122794447330e-03
4.238459288600517592e-03
3.903600783418319925e-03
3.594091142576492925e-03
3.308138290145771956e-03
3.044061670130232371e-03
2.800287250308583151e-03
2.575342467054929016e-03
2.367851167616860306e-03
2.176528596114156357e-03
2.000176460739199608e-03
1.837678112110815347e-03
1.687993856297237373e-03
1.550156420541696752e-03
1.423266585072385142e-03
1.306488990448736879e-03
1.199048126593042557e-03
1.100224506896420144e-03
1.009351028497821635e-03
9.258095179496616612e-04
8.490274599473195171e-04
7.784749055630325746e-04
7.136615554443295111e-04
6.541340126756149068e-04
5.994731994260705989e-04
5.492919310890550686e-04
5.032326413330394594e-04
4.609652513102055309e-04
4.221851761876264431e-04
3.866114621613514816e-04
3.539850471719128261e-04
3.240671386487989705e-04
2.966377017611555736e-04
2.714940518336125428e-04
2.484495447922611955e-04
2.273323597301519551e-04
2.079843679188555442e-04
1.902600828382142997e-04
1.740256860466228464e-04
1.591581239659150442e-04
1.455442709056675829e-04
1.330801538993283328e-04
1.216702351674099110e-04
1.112267482596836064e-04
1.016690841578668514e-04
