0.000000000000000000e+00
1.481643794818247178e-02
2.681293491504687862e-02
3.639202019774587932e-02
4.390514879045449154e-02
4.965877683754933714e-02
5.391974329981447100e-02
5.692003485999349438e-02
5.886100271683808449e-02
5.991709243647530547e-02
6.023914135160247929e-02
5.995729203781591243e-02
5.918356507628219632e-02
5.801412956493523509e-02
5.653130560553497330e-02
5.480532921676504327e-02
5.289590675531564284e-02
5.085358292397259422e-02
4.872094376908757407e-02
4.653367368453505820e-02
4.432148331415008968e-02
4.210892335177440077e-02
3.991609755246003366e-02
3.775928676777757370e-02
3.565149448261067944e-02
3.360292314246740575e-02
3.162138950327864073e-02
2.971268629565819441e-02
2.788089665996008881e-02
2.612866706583732296e-02
2.445744377024840904e-02
2.286767728192560384e-02
2.135899878013640049e-02
1.993037197392844365e-02
1.858022347851856146e-02
1.730655442232896871e-02
1.610703567627322016e-02
1.497908881168581556e-02
1.391995464070515387e-02
1.292675096933314748e-02
1.199652099557460896e-02
1.112627361012615175e-02
1.031301670247375055e-02
9.553784438685888891e-03
8.845659356623191555e-03
8.185790017915117386e-03
7.571404862270283281e-03
6.999822827057242298e-03
6.468461222342443938e-03
5.974841287571109119e-03
5.516591799816828595e-03
5.091451054114695673e-03
4.697267493035364901e-03
4.331999224649715069e-03
3.993712634750089252e-03
3.680580270079024819e-03
3.390878143878805519e-03
3.122982592877970517e-03
2.875366795488333918e-03
2.646597044155582067e-03
2.435328850185091223e-03
2.240302946684458261e-03
2.060341244288060956e-03
1.894342784847420592e-03
1.741279730099189746e-03
1.600193415296636678e-03
1.470190491766769792e-03
1.350439177206281269e-03
1.240165628143577404e-03
1.138650445272649213e-03
1.045225319220579544e-03
9.592698216680656254e-04
8.802083445342571890e-04
8.075071881048900141e-04
7.406717974745575649e-04
6.792441454448636898e-04
6.228002590307768222e-04
5.709478859431869023e-04
5.233242968064150905e-04
4.795942184090546930e-04
4.394478929521248764e-04
4.025992580303952941e-04
3.687842419436058138e-04
3.377591688693400368e-04
3.092992684256295642e-04
2.831972841979276756e-04
2.592621758923129341e-04
2.373179098965615163e-04
2.172023331760411979e-04
1.987661255962862880e-04
1.818718259435949378e-04
1.663929271047355810e-04
1.522130360633217906e-04
1.392250945705913036e-04
1.273306565497227803e-04
1.164392184934159743e-04
1.064675993125463493e-04
9.733936628797710622e-05
8.898430396697359457e-05
8.133792302931770312e-05
