0.000000000000000000e+00
1.537003560389592176e-02
2.781476666189991453e-02
3.775176247443931543e-02
4.554560971157132349e-02
5.151421486786464388e-02
5.593438700782595030e-02
5.904678070618291086e-02
6.106027039716348942e-02
6.215581958709032878e-02
6.248990145676858871e-02
6.219752119621044240e-02
6.139488489536282234e-02
6.018175489011295259e-02
5.864352706976914964e-02
5.685306173392695728e-02
5.487229609254983681e-02
5.275366338796793481e-02
5.054134084084275363e-02
4.827234614775374744e-02
4.597750005354905856e-02
4.368227055801159053e-02
4.140751256783368334e-02
3.917011524822336388e-02
3.698356794299832717e-02
3.485845429927093148e-02
3.280288313627188063e-02
3.082286362274262378e-02
2.892263146046497244e-02
2.710493200111747936e-02
2.537126553923937933e-02
2.372209941625774351e-02
2.215705103091510086e-02
2.067504537254496663e-02
1.927445026881141263e-02
1.795319216280247265e-02
1.670885490043914554e-02
1.553876371329670353e-02
1.444005631991322758e-02
1.340974283672002193e-02
1.244475598451687259e-02
1.154199289494574170e-02
1.069834966102898091e-02
9.910749634163048410e-03
9.176166344888010001e-03
8.491641814408231251e-03
7.854300926551672016e-03
7.261362444137994983e-03
6.710147178257469189e-03
6.198083752570265718e-03
5.722712346373787749e-03
5.281686748928470301e-03
4.872775012555085640e-03
4.493858952588761224e-03
4.142932707747596852e-03
3.818100544270897501e-03
3.517574060793947442e-03
3.239668927899759000e-03
2.982801276222882009e-03
2.745483829521048590e-03
2.526321863962682854e-03
2.324009061724381826e-03
2.137323315606189187e-03
1.965122531536662043e-03
1.806340467362460827e-03
1.659982639028713576e-03
1.525122319007616830e-03
1.400896646491380610e-03
1.286502864315845372e-03
1.181194693720525246e-03
1.084278854789419736e-03
9.951117376757686889e-04
9.130962274233666654e-04
8.376786832962470697e-04
7.683460719640803575e-04
7.046232526155915641e-04
6.460704110459216916e-04
5.922806389502259950e-04
5.428776540237926834e-04
4.975136559913884799e-04
4.558673133416493305e-04
4.176418753056859593e-04
3.825634034747406407e-04
3.503791173843424272e-04
3.208558483885833880e-04
2.937785961964448252e-04
2.689491825325802401e-04
2.461849965092158428e-04
2.253178264465744492e-04
2.061927730502951172e-04
1.886672390405093390e-04
1.726099905240698030e-04
1.579002856052414588e-04
1.444270659378197978e-04
1.320882071305645039e-04
1.207898241259235356e-04
1.104456278775088732e-04
1.009763298533168646e-04
9.230909108812186778e-05
8.437701269898793398e-05
