0.000000000000000000e+00
2.271609669663580272e-02
4.110874856567826863e-02
5.579510086628667459e-02
6.731399334254235811e-02
7.613527491719472573e-02
8.266805469303893650e-02
8.726800735625563077e-02
9.024383823243138647e-02
9.186300177737405370e-02
9.235675704585766255e-02
9.192463454190309691e-02
9.073838069759429525e-02
8.894543894943977846e-02
8.667201988855431638e-02
8.402580716991517318e-02
8.109834070188103039e-02
7.796711403317126143e-02
7.469741875075404380e-02
7.134396504507110881e-02
6.795230434087357052e-02
6.456007698985925802e-02
6.119810543702639688e-02
5.789135097198280094e-02
5.465975012880255890e-02
5.151894497607961698e-02
4.848091991817624763e-02
4.555455618749267022e-02
4.274611392640805668e-02
4.005965061896496482e-02
3.749738362084851367e-02
3.506000363787886015e-02
3.274694520570804041e-02
3.055661951563845916e-02
2.848661430360228605e-02
2.653386496255943569e-02
2.469480054504386707e-02
2.296546788531523414e-02
2.134163668331844760e-02
1.981888804985841926e-02
1.839268870910526141e-02
1.705845278634308959e-02
1.581159287183137377e-02
1.464756184225949123e-02
1.356188673642728069e-02
1.255019581870055710e-02
1.160823982000400850e-02
1.073190821942843903e-02
9.917241317991336638e-03
9.160438757965213077e-03
8.457865054932425103e-03
7.806052633969654507e-03
7.201702794891041808e-03
6.641684973206782652e-03
6.123034612424368452e-03
5.642949918681451627e-03
5.198787729699149915e-03
4.788058696012615148e-03
4.408421942780197701e-03
4.057679354668619794e-03
3.733769603894413272e-03
3.434762022061116013e-03
3.158850399603355553e-03
2.904346782112167055e-03
2.669675320286904463e-03
2.453366219487144399e-03
2.254049825622580876e-03
2.070450876224692351e-03
1.901382938819610449e-03
1.745743053015914046e-03
1.602506587900860008e-03
1.470722322287283711e-03
1.349507751968055105e-03
1.238044625325707224e-03
1.135574706332640469e-03
1.041395762092874999e-03
9.548577705593828307e-04
8.753593428585318545e-04
8.023443537190896912e-04
7.352987727974107058e-04
6.737476891777408484e-04
6.172525209768224379e-04
5.654084017686672632e-04
5.178417354457629960e-04
4.742079111273301401e-04
4.341891697966397201e-04
3.974926144831210655e-04
3.638483559886334859e-04
3.330077863800664432e-04
3.047419727232599331e-04
2.788401638084151628e-04
2.551084029080763526e-04
2.333682399099902495e-04
2.134555364740536659e-04
1.952193581713371553e-04
1.785209478707133074e-04
1.632327749423172919e-04
1.492376551449184937e-04
1.364279363546058309e-04
1.247047455737602321e-04
