0.000000000000000000e+00
2.116757714435796300e-02
3.830643169875570103e-02
5.199163912870942428e-02
6.272530734490507076e-02
7.094525642934487730e-02
7.703270717931298694e-02
8.131908851319129272e-02
8.409206181407276326e-02
8.560084960031165424e-02
8.606094637114500290e-02
8.565828095901782679e-02
8.455289211966161844e-02
8.288217230911329447e-02
8.076372854672722590e-02
7.829790386697621507e-02
7.556999805079735177e-02
7.265222203709509330e-02
6.960541659100981382e-02
6.648056239783370347e-02
6.332010571540458432e-02
6.015912101355521541e-02
5.702632962108566961e-02
5.394499125688392155e-02
5.093368341375784092e-02
4.800698186579753501e-02
4.517605405991326900e-02
4.244917580926426542e-02
3.983218051245397684e-02
3.732884906140365722e-02
3.494124765824952600e-02
3.267001992451370324e-02
3.051463894263776663e-02
2.847362421044201397e-02
2.654472790399655530e-02
2.472509432556402667e-02
2.301139595338859076e-02
2.139994910264135172e-02
1.988681184597643550e-02
1.846786652272446733e-02
1.713888888313307157e-02
1.589560566414481568e-02
1.473374217231775835e-02
1.364906125437914328e-02
1.263739486365561028e-02
1.169466927865674827e-02
1.081692489610387546e-02
1.000033140264647118e-02
9.241199025574013681e-03
8.535986471395501374e-03
7.881306080783049769e-03
7.273926657784575943e-03
6.710774369267887181e-03
6.188932056258520699e-03
5.705637251282772750e-03
5.258279154231985074e-03
4.844394782922624432e-03
4.461664482814555431e-03
4.107906952716046389e-03
3.781073919259064949e-03
3.479244572039470740e-03
3.200619853201150389e-03
2.943516679561968084e-03
2.706362161833544312e-03
2.487687873811995128e-03
2.286124214379090490e-03
2.100394896547465827e-03
1.929311590427429998e-03
1.771768740726954987e-03
1.626738574079675476e-03
1.493266307004096878e-03
1.370465561522102868e-03
1.257513992310281938e-03
1.153649126639822841e-03
1.058164416206138023e-03
9.704054981934029031e-04
8.897666615056600958e-04
8.156875129756160307e-04
7.476498374918479767e-04
6.851746453274250520e-04
6.278193994752120791e-04
5.751754154692132132e-04
5.268654259725388768e-04
4.825413023197668363e-04
4.418819251962060311e-04
4.045911967030953161e-04
3.703961861823773993e-04
3.390454023458102642e-04
3.103071844607823240e-04
2.839682055807923552e-04
2.598320810649729735e-04
2.377180759021152575e-04
2.174599046353475678e-04
1.989046179696003964e-04
1.819115704317200482e-04
1.663514637396691902e-04
1.521054608202488843e-04
1.390643656923238843e-04
1.271278647030658416e-04
1.162038248671055539e-04
