0.000000000000000000e+00
1.984525753462324654e-02
3.591346317577434610e-02
4.874376793904575816e-02
5.880691350308019788e-02
6.651336972098885469e-02
7.222054286785288546e-02
7.623915779398722503e-02
7.883890593319713147e-02
8.025344109604574949e-02
8.068479603316333626e-02
8.030728476914610059e-02
7.927094858181021886e-02
7.770459714336200308e-02
7.571849066785669990e-02
7.340670385016073718e-02
7.084920787019709232e-02
6.811370271410975563e-02
6.525722847886307465e-02
6.232758113194142996e-02
5.936455535142387552e-02
5.640103453638693753e-02
5.346394581991188028e-02
5.057509590705364794e-02
4.775190177126203972e-02
4.500802865105783118e-02
4.235394637293212611e-02
3.979741376739883568e-02
3.734389982586864415e-02
3.499694925132652151e-02
3.275849917210945511e-02
3.062915300327878620e-02
2.860841674334465776e-02
2.669490237577420988e-02
2.488650249618776580e-02
2.318053979973118406e-02
2.157389463195623705e-02
2.006311342453021701e-02
1.864450049878248195e-02
1.731419542062240594e-02
1.606823782540104176e-02
1.490262139698170403e-02
1.381333847819804159e-02
1.279641660695209765e-02
1.184794811071786594e-02
1.096411374974248266e-02
1.014120127362220201e-02
9.375619645255286669e-03
8.663909588731923475e-03
8.002751031997797429e-03
7.388967939772958862e-03
6.819530966026137418e-03
6.291558297231353292e-03
5.802315006725870458e-03
5.349211195908028932e-03
4.929799159016589293e-03
4.541769774161875418e-03
4.182948293547938262e-03
3.851289679917309881e-03
3.544873613707070440e-03
3.261899275820855700e-03
3.000679993937559447e-03
2.759637825575910267e-03
2.537298138434418340e-03
2.332284237580643967e-03
2.143312079653099736e-03
1.969185106170878979e-03
1.808789221149533681e-03
1.661087932347206060e-03
1.525117670480380079e-03
1.399983296537593569e-03
1.284853803780154494e-03
1.178958218061414110e-03
1.081581697641895504e-03
9.920618316575885269e-04
9.097851347524435559e-04
8.341837340608566475e-04
7.647322436754217011e-04
7.009448209191809429e-04
6.423723981249871828e-04
5.886000831766897068e-04
5.392447217613139396e-04
4.939526140950387936e-04
4.523973787987686096e-04
4.142779565941586534e-04
3.793167465533227810e-04
3.472578677522751588e-04
3.178655393385903020e-04
2.909225722184015589e-04
2.662289657887339524e-04
2.436006033815682188e-04
2.228680403401776854e-04
2.038753789114384216e-04
1.864792244059303356e-04
1.705477173473996942e-04
1.559596366018302534e-04
1.426035687416856541e-04
1.303771391610959924e-04
1.191863007113941472e-04
1.089446758723936615e-04
