0.000000000000000000e+00
1.657468361415761343e-02
2.999478785239460127e-02
4.071060959234565346e-02
4.911531049361067547e-02
5.555171341634143611e-02
6.031832272213915463e-02
6.367465462418682443e-02
6.584595438226363562e-02
6.702736877028113438e-02
6.738763477316143946e-02
6.707233880126740877e-02
6.620679475916935175e-02
6.489858399518379228e-02
6.323979542072978577e-02
6.130899986315940103e-02
5.917298894778468682e-02
5.688830544554536461e-02
5.450258902848172105e-02
5.205575870685121703e-02
4.958105084443176908e-02
4.710592953106453734e-02
4.465288420588525709e-02
4.224012774601697967e-02
3.988220674144184186e-02
3.759053434739852845e-02
3.537385492315182206e-02
3.323864861443728141e-02
3.118948310208054589e-02
2.922931890853284684e-02
2.735977391601364037e-02
2.558135209448715239e-02
2.389364085578791694e-02
2.229548093378682511e-02
2.078511223236119768e-02
1.936029867667962701e-02
1.801843474321213751e-02
1.675663602482242720e-02
1.557181590474079717e-02
1.446075016309739635e-02
1.342013111840013526e-02
1.244661271064913775e-02
1.153684775982165116e-02
1.068751848068218331e-02
9.895361199999321011e-03
9.157186103257435039e-03
8.469892733038362348e-03
7.830481868812752891e-03
7.236064336497624420e-03
6.683867224540655620e-03
6.171237920355656693e-03
5.695646325659018371e-03
5.254685560754432730e-03
4.846071425295105095e-03
4.467640845819260270e-03
4.117349507784629631e-03
3.793268841371389474e-03
3.493582505491722116e-03
3.216582492806214187e-03
2.960664959719591996e-03
2.724325868971743617e-03
2.506156518255112271e-03
2.304839016010831482e-03
2.119141754949261693e-03
1.947914924698902978e-03
1.790086097127926773e-03
1.644655911144028357e-03
1.510693878018310420e-03
1.387334323372531927e-03
1.273772477805906441e-03
1.169260724620600593e-03
1.073105010149080990e-03
9.846614197163631836e-04
9.033329202204395253e-04
8.285662686270796546e-04
7.598490843002193070e-04
6.967070819823341929e-04
6.387014613617928273e-04
5.854264484826375309e-04
5.365069837372350801e-04
4.915965508081624954e-04
4.503751406704993208e-04
4.125473446100475080e-04
3.778405701403339252e-04
3.460033736971233767e-04
3.168039040412630155e-04
2.900284503982485454e-04
2.654800894968947713e-04
2.429774258320536887e-04
2.223534196607959723e-04
2.034542974422548208e-04
1.861385396435919371e-04
1.702759410543343711e-04
1.557467389752607671e-04
1.424408048733137480e-04
1.302568953184112140e-04
1.191019582396207055e-04
1.088904907554876623e-04
9.954394504514098502e-05
9.099017893224615734e-05
