0.000000000000000000e+00
2.290913366688506272e-02
4.145808271316991228e-02
5.626923677835887760e-02
6.788601456184573113e-02
7.678225767111504507e-02
8.337055173852420120e-02
8.800959390453953757e-02
9.101071281254501100e-02
9.264363569427989942e-02
9.314158679897363569e-02
9.270579220205107940e-02
9.150945780336228186e-02
8.970127998505365852e-02
8.740854185128869858e-02
8.473984213179448777e-02
8.178749862326158138e-02
7.862966339950983041e-02
7.533218288271079088e-02
7.195023217986055986e-02
6.852974980285563011e-02
6.510869596377949486e-02
6.171815503077142384e-02
5.838330040962201595e-02
5.512423805119321535e-02
5.195674294733466231e-02
4.889290134354531969e-02
4.594166994321046554e-02
4.310936208618127569e-02
4.040006973621031866e-02
3.781602909163992582e-02
3.535793672777394481e-02
3.302522237505838010e-02
3.081628372340844066e-02
2.872868800980556137e-02
2.675934458477525341e-02
2.490465215563465035e-02
2.316062396341004442e-02
2.152299375977949347e-02
1.998730510468723146e-02
1.854898619940733434e-02
1.720341219935278207e-02
1.594595671186755173e-02
1.477203397307178673e-02
1.367713301141127574e-02
1.265684494109294705e-02
1.170688438357959070e-02
1.082310588755504115e-02
1.000151610528519919e-02
9.238282384341982290e-03
8.529738346668458079e-03
7.872386950564235278e-03
7.262901464131046522e-03
6.698124719951114095e-03
6.175066969307617566e-03
5.690902609239063131e-03
5.242966016387759151e-03
4.828746687281413284e-03
4.445883854779395135e-03
4.092160724391975292e-03
3.765498451573217990e-03
3.463949961482244537e-03
3.185693695736198979e-03
2.929027356017945005e-03
2.692361701766066151e-03
2.474214448311236846e-03
2.273204302509161841e-03
2.088045164958968105e-03
1.917540521114447514e-03
1.760578037841356840e-03
1.616124377112801306e-03
1.483220234449030223e-03
1.360975606293854910e-03
1.248565287686756670e-03
1.145224599257889863e-03
1.050245340672745871e-03
9.629719661234052014e-04
8.827979762505889930e-04
8.091625199387056855e-04
7.415471987142555066e-04
6.794730659609172748e-04
6.224978128119170156e-04
5.702131323651461574e-04
5.222422537660548463e-04
4.782376376976438855e-04
4.378788248888808863e-04
4.008704293877231339e-04
3.669402685301319483e-04
3.358376217611484978e-04
3.073316107190777829e-04
2.812096932713424439e-04
2.572762644839515799e-04
2.353513578103158988e-04
2.152694400946516683e-04
1.968782942966170184e-04
1.800379841539798793e-04
1.646198953063941978e-04
1.505058477037459538e-04
1.375872744153190772e-04
1.257644622399966563e-04
