0.000000000000000000e+00
2.270452250386856968e-02
4.108780304027955660e-02
5.576667242360491827e-02
6.727969585097576255e-02
7.609648285005193857e-02
8.262593407639041987e-02
8.722354299457225901e-02
9.019785764017973495e-02
9.181619619695470524e-02
9.230969988970620654e-02
9.187779755866366804e-02
9.069214812852198493e-02
8.890011991114217527e-02
8.662785919144545821e-02
8.398299475796805469e-02
8.105701987810916276e-02
7.792738861646010540e-02
7.465935929294392759e-02
7.130761422233787561e-02
6.791768162025733913e-02
6.452718266007509418e-02
6.116692408229028322e-02
5.786185445835841101e-02
5.463190016438974200e-02
5.149269529910910359e-02
4.845621816064460408e-02
4.553134545627501861e-02
4.272433413874288100e-02
4.003923962474162379e-02
3.747827814018030862e-02
3.504214003895410323e-02
3.273026014482761925e-02
3.054105045862518311e-02
2.847209994536377409e-02
2.652034555946665428e-02
2.468221817291921250e-02
2.295376663417847060e-02
2.133076279859081464e-02
1.980879002845163314e-02
1.838331735770322092e-02
1.704976124820180641e-02
1.580353662756108640e-02
1.464009868929811928e-02
1.355497675125372573e-02
1.254380130525874389e-02
1.160232524730433687e-02
1.072644015085351052e-02
9.912188334449907601e-03
9.155771376705437725e-03
8.453555645536420943e-03
7.802075332801090835e-03
7.198033419050924551e-03
6.638300934865789572e-03
6.119914834239275486e-03
5.640074750865128016e-03
5.196138869195382655e-03
4.785619108126167379e-03
4.406175785526755644e-03
4.055611906036676005e-03
3.731867192149955926e-03
3.433011959174705075e-03
3.157240917836478221e-03
2.902866973764457563e-03
2.668315080576906355e-03
2.452116192515865940e-03
2.252901353350380501e-03
2.069395950377327532e-03
1.900414155628020896e-03
1.744853570685938812e-03
1.601690086703192817e-03
1.469972967154113035e-03
1.348820157480729769e-03
1.237413822977076819e-03
1.134996113948208820e-03
1.040865155296363635e-03
9.543712561705185822e-04
8.749133341137133165e-04
8.019355472089016029e-04
7.349241270186257328e-04
6.734044046013824055e-04
6.169380215379771659e-04
5.651203176879522356e-04
5.175778872966283915e-04
4.739662950676508499e-04
4.339679438872864198e-04
3.972900860203741591e-04
3.636629697813773291e-04
3.328381139066646593e-04
3.045867021068477320e-04
2.786980905530374742e-04
2.549784213416465741e-04
2.332493352834366911e-04
2.133467776692564650e-04
1.951198909735370548e-04
1.784299887639953443e-04
1.631496053895396521e-04
1.491616163160719389e-04
1.363584242700566663e-04
1.246412066311533649e-04
