0.000000000000000000e+00
2.207730918425518038e-02
3.995275087892607296e-02
5.422611592308208134e-02
6.542109162928029520e-02
7.399431454366486860e-02
8.034338942523645832e-02
8.481398921775333555e-02
8.770613830528187216e-02
8.927977019631302968e-02
8.975964083030632534e-02
8.933966981800242624e-02
8.818677399960703212e-02
8.644425063161888245e-02
8.423476120291872871e-02
8.166296125256208849e-02
7.881781654286813821e-02
7.577464146687329372e-02
7.259689158086773952e-02
6.933773859855045518e-02
6.604145301680494629e-02
6.274461672262235390e-02
5.947718541909414319e-02
5.626341847241639327e-02
5.312269179178222278e-02
5.007020758332948046e-02
4.711761324423334452e-02
4.427354026238783380e-02
4.154407274197196437e-02
3.893315406863485234e-02
3.644293924495839443e-02
3.407409955378447319e-02
3.182608543189325429e-02
2.969735274864821958e-02
2.768555707400177646e-02
2.578771997913070421e-02
2.400037093332098651e-02
2.231966793574510430e-02
2.074149964441039315e-02
1.926157143140107622e-02
1.787547749877348852e-02
1.657876092880384081e-02
1.536696331190930478e-02
1.423566539206327398e-02
1.318051998987556511e-02
1.219727830501059727e-02
1.128181055987340434e-02
1.043012182337030302e-02
9.638363745149510289e-03
8.902842835361914411e-03
8.220025841151855361e-03
7.586542697462641399e-03
6.999187465136597237e-03
6.454917612655845446e-03
5.950851948275458214e-03
5.484267465917601510e-03
5.052595330291849429e-03
4.653416193631856705e-03
4.284455007617002896e-03
3.943575468969328160e-03
3.628774215429311084e-03
3.338174869919930104e-03
3.070022014353349180e-03
2.822675160406539364e-03
2.594602772415483677e-03
2.384376387068578261e-03
2.190664865604134096e-03
2.012228806544660940e-03
1.847915140465352995e-03
1.696651922748937131e-03
1.557443335594386417e-03
1.429364906609629842e-03
1.311558948028260707e-03
1.203230217859959468e-03
1.103641802037158516e-03
1.012111214789043973e-03
9.280067129996891206e-04
8.507438191384488532e-04
7.797820464429122559e-04
7.146218193487425272e-04
6.548015816624571262e-04
5.998950846332869527e-04
5.495088468729355862e-04
5.032797779752591150e-04
4.608729576823969551e-04
4.219795625132687729e-04
3.863149319003141469e-04
3.536167660588292292e-04
3.236434480297809501e-04
2.961724825826987737e-04
2.709990449326814483e-04
2.479346325082885309e-04
2.268058132998400801e-04
2.074530646159229849e-04
1.897296963759954143e-04
1.735008533658746982e-04
1.586425911780515161e-04
1.450410208482499886e-04
1.325915174818121127e-04
1.211979884371383300e-04
