0.000000000000000000e+00
2.311042595837122307e-02
4.182235630776767049e-02
5.676364934655064864e-02
6.848249855070863423e-02
7.745690896159315719e-02
8.410309141662521137e-02
8.878289476730498453e-02
9.181038316229320206e-02
9.345765380564421965e-02
9.395998018355297687e-02
9.352035645479560289e-02
9.231351040184709866e-02
9.048944493532994071e-02
8.817656153900577110e-02
8.548441315097451976e-02
8.250612872303680900e-02
7.932054701626359283e-02
7.599409301583094634e-02
7.258242662767508402e-02
6.913189000481052837e-02
6.568077689869365743e-02
6.226044480187700042e-02
5.889628830758715516e-02
5.560859002866640199e-02
5.241326356474867304e-02
4.932250135775603783e-02
4.634533880961273777e-02
4.348814473265810027e-02
4.075504704489648494e-02
3.814830159314297475e-02
3.566861107319645174e-02
3.331540020479991510e-02
3.108705259908788390e-02
2.898111411744331428e-02
2.699446695423976181e-02
2.512347817384938051e-02
2.336412598743389801e-02
2.171210666105916065e-02
2.016292459792765751e-02
1.871196782896676972e-02
1.735457087315258121e-02
1.608606668778998078e-02
1.490182921594686814e-02
1.379730785018344619e-02
1.276805496580288822e-02
1.180974753056714295e-02
1.091820366893699046e-02
1.008939494542129313e-02
9.319455031792569372e-03
8.604685335172879840e-03
7.941558086923504456e-03
7.326717324643764080e-03
6.756978140300570063e-03
6.229324515594894529e-03
5.740906020258230470e-03
5.289033609294961982e-03
4.871174720563792478e-03
4.484947843921135643e-03
4.128116706897468763e-03
3.798584199071404575e-03
3.494386137527960741e-03
3.213684958667048161e-03
2.954763406839052906e-03
2.716018277537914690e-03
2.495954261923160993e-03
2.293177930046623025e-03
2.106391882128318734e-03
1.934389090384905623e-03
1.776047448109348021e-03
1.630324537796568832e-03
1.496252625988237590e-03
1.372933889065745729e-03
1.259535871362377430e-03
1.155287174613332541e-03
1.059473375845121964e-03
9.714331692625752636e-04
8.905547264683282005e-04
8.162722683993651725e-04
7.480628416471046252e-04
6.854432913059334666e-04
6.279674221392727565e-04
5.752233396352357661e-04
5.268309624226122498e-04
4.824396975121639469e-04
4.417262699008482315e-04
4.043926982126300738e-04
3.701644082363725243e-04
3.387884764479532165e-04
3.100319958609741968e-04
2.836805568303835817e-04
2.595368357292899609e-04
2.374192847257058469e-04
2.171609161981863433e-04
1.986081756434676725e-04
1.816198972420897319e-04
1.660663365569568426e-04
1.518282751428134643e-04
1.387961921399743722e-04
1.268694982121079565e-04
