0.000000000000000000e+00
1.976540127899146029e-02
3.576894931945457518e-02
4.854762562211156068e-02
5.857027762625043044e-02
6.624572347623219892e-02
7.192993126338972920e-02
7.593237549784785656e-02
7.852166238949670474e-02
7.993050553845396089e-02
8.036012472635960247e-02
7.998413254749159318e-02
7.895196652158353867e-02
7.739191799760543333e-02
7.541380350840432012e-02
7.311131919730259887e-02
7.056411444446950010e-02
6.783961681492323148e-02
6.499463687932660605e-02
6.207677827674544513e-02
5.912567555360116051e-02
5.617407978792993833e-02
5.324880975946871819e-02
5.037158442425684196e-02
4.755975067077383017e-02
4.482691874935103987e-02
4.218351635645736092e-02
3.963727110148741045e-02
3.719362996892274648e-02
3.485612339805297527e-02
3.262668072231419969e-02
3.050590292865780484e-02
2.849329800342952426e-02
2.658748351540083515e-02
2.478636054027465174e-02
2.308726254652847254e-02
2.148708243303682625e-02
1.998238052844138885e-02
1.856947602528496305e-02
1.724452402365737880e-02
1.600358009520535738e-02
1.484265404499421695e-02
1.375775434245584544e-02
1.274492451046744558e-02
1.180027260076840258e-02
1.091999474202248396e-02
1.010039362172315998e-02
9.337892652910054561e-03
8.629046479614727733e-03
7.970548389575355525e-03
7.359235127708206418e-03
6.792089537908525300e-03
6.266241402913936241e-03
5.778966801260415620e-03
5.327686255959853019e-03
4.909961910688168119e-03
4.523493935338750854e-03
4.166116333184545148e-03
3.835792296088706699e-03
3.530609231751599339e-03
3.248773567476651546e-03
2.988605418022028965e-03
2.748533190462666958e-03
2.527088186338640515e-03
2.322899250464337435e-03
2.134687506400126823e-03
1.961261210552475796e-03
1.801510749999631717e-03
1.654403803289119287e-03
1.518980678488719054e-03
1.394349838578507438e-03
1.279683620746493696e-03
1.174214153204787645e-03
1.077229470698865595e-03
9.880698278706299617e-04
9.061242079963137625e-04
8.308270233003729353e-04
7.616550020002119245e-04
6.981242564238379460e-04
6.397875259283944275e-04
5.862315879014310879e-04
5.370748298224498106e-04
4.919649751766552552e-04
4.505769559261767611e-04
4.126109242391147068e-04
3.777903962388795707e-04
3.458605206526472694e-04
3.165864653975405951e-04
2.897519153369981304e-04
2.651576746597818939e-04
2.426203675735039199e-04
2.219712312576797603e-04
2.030549952834117145e-04
1.857288419738456736e-04
1.698614424482127979e-04
1.553320633598611093e-04
1.420297396029318278e-04
1.298525085214973342e-04
1.187067014075901696e-04
1.085062883195483789e-04
