0.000000000000000000e+00
1.630835310658554707e-02
2.951281623476317145e-02
4.005645066124929182e-02
4.832610052267948680e-02
5.465908002585941755e-02
5.934909701138343929e-02
6.265149765297017836e-02
6.478790785417087861e-02
6.595033867055960508e-02
6.630481573474027168e-02
6.599458610004969861e-02
6.514295006304086921e-02
6.385576029981129831e-02
6.222362598997394773e-02
6.032385544457492116e-02
5.822216704687320499e-02
5.597419500959802119e-02
5.362681350613338754e-02
5.121930010762930363e-02
4.878435711894341803e-02
4.634900732285138908e-02
4.393537878665951940e-02
4.156139173365072659e-02
3.924135901174705815e-02
3.698651038376182115e-02
3.480544970011538453e-02
3.270455298024182306e-02
3.068831450913122802e-02
2.875964723804340720e-02
2.692014305223746837e-02
2.517029782363006118e-02
2.350970559373374152e-02
2.193722572410145011e-02
2.045112640073671467e-02
1.904920747920406388e-02
1.772890530286042043e-02
1.648738181270103728e-02
1.532159998929575467e-02
1.422838742119136857e-02
1.320448957641653931e-02
1.224661416117766438e-02
1.135146777965536681e-02
1.051578595848703251e-02
9.736357466814716394e-03
9.010043745696579703e-03
8.333794157452627596e-03
7.704657674565486107e-03
7.119791547681469067e-03
6.576467421811650615e-03
6.072075307907815259e-03
5.604125762601753179e-03
5.170250581173166382e-03
4.768202266976638744e-03
4.395852503922924662e-03
4.051189826563129752e-03
3.732316654325308625e-03
3.437445832020758624e-03
3.164896797447012879e-03
2.913091478389340759e-03
2.680550005228848898e-03
2.465886311408340553e-03
2.267803681925676610e-03
2.085090299588104271e-03
1.916614829766223474e-03
1.761322076652836049e-03
1.618228737401644288e-03
1.486419274853338982e-03
1.365041924729076296e-03
1.253304849075086939e-03
1.150472444281644933e-03
1.055861809091112853e-03
9.688393755793825749e-04
8.888177040781919868e-04
8.152524413458125778e-04
7.476394399407343709e-04
6.855120356639288334e-04
6.284384790719706139e-04
5.760195163927053861e-04
5.278861146684194882e-04
4.836973255833998137e-04
4.431382821816798085e-04
4.059183225276199124e-04
3.717692342904696046e-04
3.404436142299991177e-04
3.117133366115444398e-04
2.853681246748105511e-04
2.612142194126181299e-04
2.390731400757253172e-04
2.187805310013671604e-04
2.001850895607101073e-04
1.831475702292704457e-04
1.675398600006015718e-04
1.532441205838880067e-04
1.401519930477607557e-04
1.281638607934395516e-04
1.171881669583385425e-04
1.071407825651057556e-04
9.794442193949612872e-05
8.952810212262315699e-05
