0.000000000000000000e+00
2.345893445905081198e-02
4.245304337160467345e-02
5.761965322819707913e-02
6.951522434017225194e-02
7.862497013268993085e-02
8.537137796162111436e-02
9.012175341045947086e-02
9.319489675976408427e-02
9.486700847801186887e-02
9.537691000893304405e-02
9.493065669200415058e-02
9.370561122943757426e-02
9.185403859701953000e-02
8.950627659109501588e-02
8.677353022360594081e-02
8.375033284415241142e-02
8.051671211350228119e-02
7.714009471502762672e-02
7.367697991393912238e-02
7.017440870949046006e-02
6.667125232834027193e-02
6.319934113847552881e-02
5.978445268718981381e-02
5.644717545200328424e-02
5.320366301188902275e-02
5.006629167252226592e-02
4.704423309096954914e-02
4.414395212216342540e-02
4.136963893369713374e-02
3.872358339087561552e-02
3.620649878625006174e-02
3.381780116425559674e-02
3.155584976065344688e-02
2.941815342806820485e-02
2.740154734392245481e-02
2.550234378740389926e-02
2.371646032052826883e-02
2.203952830844338462e-02
2.046698436011451516e-02
1.899414695732142347e-02
1.761628026292474253e-02
1.632864685456370674e-02
1.512655091371166959e-02
1.400537320912332954e-02
1.296059904529073097e-02
1.198784019803663010e-02
1.108285172854565903e-02
1.024154445194820802e-02
9.459993735238854048e-03
8.734445210234571474e-03
8.061317909045304445e-03
7.437205260881470624e-03
6.858874328845200249e-03
6.323263612653821746e-03
5.827479697146167176e-03
5.368792986146761308e-03
4.944632726118080614e-03
4.552581493405857826e-03
4.190369292234609987e-03
3.855867387460410346e-03
3.547081976011382063e-03
3.262147783567767925e-03
2.999321658021237430e-03
2.756976218314433763e-03
2.533593606137523203e-03
2.327759378421120819e-03
2.138156570412581316e-03
1.963559952178424352e-03
1.802830495483349069e-03
1.654910063018479212e-03
1.518816327767700874e-03
1.393637926804919573e-03
1.278529850913916405e-03
1.172709069034668684e-03
1.075450384593936489e-03
9.860825192113799407e-04
9.039844180306411733e-04
8.285817699602025842e-04
7.593437353799226434e-04
6.957798733396965618e-04
6.374372599155041881e-04
5.838977891678098732e-04
5.347756480444270689e-04
4.897149565641234102e-04
4.483875646909673413e-04
4.104909974475174934e-04
3.757465400045962049e-04
3.438974547154710236e-04
3.147073223233612057e-04
2.879584998553625557e-04
2.634506880163082934e-04
2.409996012071597272e-04
2.204357336094604780e-04
2.016032150962624033e-04
1.843587510475296141e-04
1.685706404616563051e-04
1.541178670623264530e-04
1.408892583997598945e-04
1.287827082361688502e-04
