0.000000000000000000e+00
2.248876892857192000e-02
4.069735922427265840e-02
5.523674016205922660e-02
6.664035913194781002e-02
7.537336311742591499e-02
8.184076712623020167e-02
8.639468648601042466e-02
8.934073720231756888e-02
9.094369722252101940e-02
9.143251131274442167e-02
9.100471320684407062e-02
8.983033061147320530e-02
8.805533144611887852e-02
8.580466326923812115e-02
8.318493210855254505e-02
8.028676180117254313e-02
7.718687039130614491e-02
7.394989607062488202e-02
7.063000152593686132e-02
6.727228233326799922e-02
6.391400216441132931e-02
6.058567501359022472e-02
5.731201237422921257e-02
5.411275126867046148e-02
5.100337722996446665e-02
4.799575473043009993e-02
4.509867612492993172e-02
4.231833890845199814e-02
3.965875996040490320e-02
3.712213444663518130e-02
3.470914616083303067e-02
3.241923529744609317e-02
3.025082894753015200e-02
2.820153898737096793e-02
2.626833147850182737e-02
2.444767120915232461e-02
2.273564457426704988e-02
2.112806360785396409e-02
1.962055364205720839e-02
1.820862676709239861e-02
1.688774300066425010e-02
1.565336084081432946e-02
1.450097866885401154e-02
1.342616828603946343e-02
1.242460170619387808e-02
1.149207218413447751e-02
1.062451033434413938e-02
9.817996083905683458e-03
9.068767106574393555e-03
8.373224299471649160e-03
7.727934788885276220e-03
7.129632885853170662e-03
6.575219354517716601e-03
6.061759305719652616e-03
5.586478984108429920e-03
5.146761678436326780e-03
4.740142951012082592e-03
4.364305352931180555e-03
4.017072766154126257e-03
3.696404491311326181e-03
3.400389180866907578e-03
3.127238700613894657e-03
2.875281988081823323e-03
2.642958964034294606e-03
2.428814542569782565e-03
2.231492776196063003e-03
2.049731164433370948e-03
1.882355147844384140e-03
1.728272803740477700e-03
1.586469755041756838e-03
1.456004299757611203e-03
1.336002765203086638e-03
1.225655088285197052e-03
1.124210620904238884e-03
1.030974157649589386e-03
9.453021814677115952e-04
8.665993217896230663e-04
7.943150186803532445e-04
7.279403858741456245e-04
6.670052650516074266e-04
6.110754633687586054e-04
5.597501660367479618e-04
5.126595156524016905e-04
4.694623499741774853e-04
4.298440899087732701e-04
3.935147696060252030e-04
3.602072007415324214e-04
3.296752632870085455e-04
3.016923153186573041e-04
2.760497146862945193e-04
2.525554456539358026e-04
2.310328439207844033e-04
2.113194137353829904e-04
1.932657311213815629e-04
1.767344275378381188e-04
1.615992485976258924e-04
1.477441827623939506e-04
1.350626552199447362e-04
1.234567824286457774e-04
