0.000000000000000000e+00
1.508232445717759378e-02
2.729410303962636133e-02
3.704508858297443641e-02
4.469304307244265084e-02
5.054992212229866833e-02
5.488735321807147738e-02
5.794148613011208815e-02
5.991728537958512096e-02
6.099232702341100820e-02
6.132015522652010941e-02
6.103324802160157297e-02
6.024563624096106185e-02
5.905521477288857429e-02
5.754578098409490056e-02
5.578883130483348884e-02
5.384514354464985803e-02
5.176616944988637892e-02
4.959525928939111789e-02
4.736873782680529887e-02
4.511684887455662957e-02
4.286458369785102474e-02
4.063240682112836955e-02
3.843689126191725258e-02
3.629127385749093132e-02
3.420594014005001737e-02
3.218884714012806847e-02
3.024589154105179756e-02
2.838122975665286624e-02
2.659755574846994763e-02
2.489634172708246260e-02
2.327804628577002238e-02
2.174229398517441014e-02
2.028802993771535584e-02
1.891365252363250843e-02
1.761712700085157207e-02
1.639608244319532698e-02
1.524789415113352031e-02
1.416975342214854029e-02
1.315872634019527206e-02
1.221180304236314275e-02
1.132593874277592477e-02
1.049808763637966220e-02
9.725230666245983369e-03
9.004398015288522447e-03
8.332687075010919431e-03
7.707276548437921697e-03
7.125437260268493479e-03
6.584540173234275720e-03
6.082062044497174233e-03
5.615589098650341192e-03
5.182819043589126200e-03
4.781561711383078457e-03
4.409738567590302735e-03
4.065381298574491375e-03
3.746629656747409512e-03
3.451728717765520024e-03
3.179025681113947181e-03
2.926966325821241111e-03
2.694091215915917978e-03
2.479031735351916975e-03
2.280506019222449006e-03
2.097314836908520646e-03
1.928337473156763139e-03
1.772527644762567859e-03
1.628909483382515221e-03
1.496573608868248311e-03
1.374673312272575504e-03
1.262420863213980322e-03
1.159083952497401903e-03
1.063982277688789706e-03
9.764842766510855145e-04
8.960040118015911124e-04
8.219982059854741199e-04
7.539634293249654080e-04
6.914334351526415460e-04
6.339766421300131868e-04
5.811937588542397852e-04
5.327155466356125460e-04
4.882007156598105958e-04
4.473339494085375808e-04
4.098240519799329295e-04
3.754022128085144033e-04
3.438203832182840894e-04
3.148497592388769216e-04
2.882793651620316980e-04
2.639147324044496638e-04
2.415766683650337476e-04
2.211001101124240420e-04
2.023330579066102682e-04
1.851355837411054295e-04
1.693789102853140896e-04
1.549445558067288062e-04
1.417235408563553736e-04
1.296156527057803728e-04
1.185287637284859578e-04
1.083782001196571446e-04
9.908615754648487050e-05
9.058116051372825056e-05
8.279756241624823055e-05
