0.000000000000000000e+00
2.089650592648190086e-02
3.781588093698202285e-02
5.132583610166112364e-02
6.192204935568518254e-02
7.003673407311677979e-02
7.604622915166812935e-02
8.027771924312736285e-02
8.301518194944802753e-02
8.450464825453944673e-02
8.495885304297158547e-02
8.456134414936883337e-02
8.347011087901645698e-02
8.182078624518988874e-02
7.972947119605974797e-02
7.729522377687333967e-02
7.460225142269630294e-02
7.172184034179339418e-02
6.871405217469422899e-02
6.562921474990178472e-02
6.250923076003016277e-02
5.938872551253565613e-02
5.629605253193332298e-02
5.325417367400270968e-02
5.028142852885897351e-02
4.739220621376291631e-02
4.459753116570855380e-02
4.190557321809480762e-02
3.932209106723619924e-02
3.685081718709046911e-02
3.449379132008494053e-02
3.225164884554807682e-02
3.012386959360842387e-02
2.810899202134298572e-02
2.620479709037280835e-02
2.440846567292119865e-02
2.271671285935409484e-02
2.112590213797563288e-02
1.963214206161720959e-02
1.823136770022121267e-02
1.691940889962292513e-02
1.569204712001517552e-02
1.454506240952371451e-02
1.347427187570546248e-02
1.247556084774014730e-02
1.154490777206560771e-02
1.067840375193776850e-02
9.872267524858636262e-03
9.122856569211919286e-03
8.426674941181402229e-03
7.780378363680513776e-03
7.180777019334227095e-03
6.624836438404893384e-03
6.109676818949069665e-03
5.632571069550372685e-03
5.190941823910744449e-03
4.782357640706312758e-03
4.404528570808051435e-03
4.055301246687423831e-03
3.732653625090152222e-03
3.434689493439801924e-03
3.159632832549295021e-03
2.905822112738100718e-03
2.671704587080476253e-03
2.455830633984740132e-03
2.256848191394434690e-03
2.073497316406625393e-03
1.904604896840679041e-03
1.749079535105157839e-03
1.605906619461795054e-03
1.474143593351401674e-03
1.352915429719795228e-03
1.241410314167665707e-03
1.138875538164050346e-03
1.044613601436079984e-03
9.579785209141905350e-04
8.783723422165417649e-04
8.052418485502223265e-04
7.380754610475521700e-04
6.764003239065056365e-04
6.197795672326577524e-04
5.678097401583206581e-04
5.201184066183075702e-04
4.763618960701392199e-04
4.362232014413108577e-04
3.994100166519115114e-04
3.656529061838978867e-04
3.347035993372569581e-04
3.063334020182368386e-04
2.803317191374025508e-04
2.565046809484070999e-04
2.346738669259776139e-04
2.146751210587147295e-04
1.963574527146215725e-04
1.795820175213239263e-04
1.642211729858501302e-04
1.501576038582094405e-04
1.372835125170029653e-04
1.254998699223675387e-04
1.147157229405712330e-04
