0.000000000000000000e+00
2.019077148968503876e-02
3.653873108576135426e-02
4.959241664092584045e-02
5.983076563671851922e-02
6.767139437230373922e-02
7.347793171047418970e-02
7.756651234678267615e-02
8.021152315190538395e-02
8.165068594368939114e-02
8.208955094461435620e-02
8.170546705690183431e-02
8.065108783766095080e-02
7.905746558755556708e-02
7.703678019553437950e-02
7.468474423492615921e-02
7.208272121622036344e-02
6.929958980968388416e-02
6.639338320342462463e-02
6.341272951203982822e-02
6.039811625503874876e-02
5.738299934476722569e-02
5.439477472657730517e-02
5.145562876907313482e-02
4.858328168225214960e-02
4.579163662196122225e-02
4.309134569860253311e-02
4.049030282706533174e-02
3.799407221611131313e-02
3.560626028343715638e-02
3.332883788356719168e-02
3.116241893726287571e-02
2.910650084226873088e-02
2.715967141612303862e-02
2.531978656368405814e-02
2.358412236713798571e-02
2.194950485759169373e-02
2.041242033869188066e-02
1.896910878850847221e-02
1.761564256123294980e-02
1.634799234066705922e-02
1.516208205909083846e-02
1.405383428440678921e-02
1.301920739234617430e-02
1.205422567622484002e-02
1.115500340178210252e-02
1.031776368683421166e-02
9.538852972872000416e-03
8.814751756593837070e-03
8.142082162148983615e-03
7.517612858199521769e-03
6.938261756575325213e-03
6.401096870212110053e-03
5.903335656268491813e-03
5.442343124961329139e-03
5.015628954982724250e-03
4.620843821697563636e-03
4.255775114071744941e-03
3.918342189922549915e-03
3.606591296147283483e-03
3.318690260661226986e-03
3.052923045496418620e-03
2.807684235555187729e-03
2.581473524591634816e-03
2.372890248858091581e-03
2.180628009279140817e-03
2.003469414807077919e-03
1.840280972596052868e-03
1.690008144655329820e-03
1.551670585570696101e-03
1.424357571598687229e-03
1.307223627837401144e-03
1.199484357168670301e-03
1.100412472169397379e-03
1.009334029134685519e-03
9.256248616804675384e-04
8.487072100450171637e-04
7.780465411399210785e-04
7.131485535708401375e-04
6.535563612210299909e-04
5.988478485349002295e-04
5.486331903280175374e-04
5.025525287603603347e-04
4.602738000211006116e-04
4.214907032681706458e-04
3.859208044293244676e-04
3.533037675902633932e-04
3.233997068586194732e-04
2.959876517906146962e-04
2.708641196919368637e-04
2.478417883489570793e-04
2.267482630049861214e-04
2.074249316640048939e-04
1.897259030770908272e-04
1.735170220412114793e-04
1.586749569134102513e-04
1.450863545133444072e-04
1.326470578518763985e-04
1.212613823814672999e-04
1.108414467143907164e-04
