0.000000000000000000e+00
2.267943406730578079e-02
4.104240112795549261e-02
5.570505039992310753e-02
6.720535196723922966e-02
7.601239644029328391e-02
8.253463264051290327e-02
8.712716121315280948e-02
9.009818924904226811e-02
9.171473954604600354e-02
9.220769791853863917e-02
9.177627283841524597e-02
9.059193354771863382e-02
8.880188551671987229e-02
8.653213563903318362e-02
8.389019377367168406e-02
8.096745208821909401e-02
7.784127906073283476e-02
7.457686090086718123e-02
7.122881949958798087e-02
6.784263276395431641e-02
6.445588029604312763e-02
6.109933479498780989e-02
5.779791726413921471e-02
5.457153206101538617e-02
5.143579600870391150e-02
4.840267416934555811e-02
4.548103344148133470e-02
4.267712386393773122e-02
3.999499637218361520e-02
3.743686474320434554e-02
3.500341856805587459e-02
3.269409329502105666e-02
3.050730267965904782e-02
2.844063835117402808e-02
2.649104064864641825e-02
2.465494438793850232e-02
2.292840278351917713e-02
2.130719236282335380e-02
1.978690136851924547e-02
1.836300384125451324e-02
1.703092130768276216e-02
1.578607376191039011e-02
1.462392141945345093e-02
1.353999853824457839e-02
1.252994043840943705e-02
1.158950470897774504e-02
1.071458746321282685e-02
9.901235392885737382e-03
9.145654273853847174e-03
8.444214489187199663e-03
7.793454060452740910e-03
7.190079611399610889e-03
6.630965630110505389e-03
6.113152344736916266e-03
5.633842483369858045e-03
5.190397149660473490e-03
4.780331011827844770e-03
4.401306973083734045e-03
4.051130465741661392e-03
3.727743488896780207e-03
3.429218490153615548e-03
3.153752175077537221e-03
2.899659313532488344e-03
2.665366599558766526e-03
2.449406610690040530e-03
2.250411903388324555e-03
2.067109273394119109e-03
1.898314203075467587e-03
1.742925512163146732e-03
1.599920223446801761e-03
1.468348650962077824e-03
1.347329714818929717e-03
1.236046484016550774e-03
1.133741946281879420e-03
1.039715002087256450e-03
9.533166784883099739e-04
8.739465572225847082e-04
8.010494105768641406e-04
7.341120378264381430e-04
6.726602945377126337e-04
6.162563066763723698e-04
5.644958612503309624e-04
5.170059651172682902e-04
4.734425635809093964e-04
4.334884104714814513e-04
3.968510815392868097e-04
3.632611231736787528e-04
3.324703286821569783e-04
3.042501346167199479e-04
2.783901299093454840e-04
2.546966708689106106e-04
2.329915953926032948e-04
2.131110300512865864e-04
1.949042840165533070e-04
1.782328241042566348e-04
1.629693255125080117e-04
1.489967931295058730e-04
1.362077485764137522e-04
1.245034784316221025e-04
