0.000000000000000000e+00
1.862182953135826935e-02
3.369945630452000213e-02
4.573879354769628397e-02
5.518156247703641382e-02
6.241292814363950947e-02
6.776826330426559408e-02
7.153913712518152057e-02
7.397861499985108891e-02
7.530594635963427930e-02
7.571070896311771214e-02
7.535647065744535689e-02
7.438402291852953818e-02
7.291423451079073748e-02
7.105056828456712825e-02
6.888129938206646874e-02
6.648146888941967869e-02
6.391460319821175295e-02
6.123422597576063525e-02
5.848518664552316421e-02
5.570482660809091685e-02
5.292400205421608772e-02
5.016798010281273840e-02
4.745722311086793960e-02
4.480807432361135628e-02
4.223335653972904585e-02
3.974289413785656033e-02
3.734396762916592644e-02
3.504170885060010204e-02
3.283944397994285197e-02
3.073899072470486285e-02
2.874091530038569431e-02
2.684475415988769181e-02
2.504920485565044833e-02
2.335228990136301030e-02
2.175149704368171955e-02
2.024389894980525503e-02
1.882625495829828854e-02
1.749509722309798912e-02
1.624680329962649092e-02
1.507765697330476322e-02
1.398389891090088058e-02
1.296176852082555654e-02
1.200753823683890255e-02
1.111754128810074627e-02
1.028819388480674279e-02
9.516012630781474704e-03
8.797627870547670981e-03
8.129793586955794474e-03
7.509394385019435569e-03
6.933450026892572227e-03
6.399117920823122786e-03
5.903693912424160320e-03
5.444611678834650192e-03
5.019440984509426253e-03
4.625885020785299416e-03
4.261777019399291648e-03
3.925076302236783776e-03
3.613863905276905233e-03
3.326337893549349053e-03
3.060808465540033104e-03
2.815692929546213721e-03
2.589510620686354906e-03
2.380877815353350368e-03
2.188502689628873694e-03
2.011180359346176946e-03
1.847788031917818596e-03
1.697280293573391954e-03
1.558684550139968154e-03
1.431096634820619657e-03
1.313676592474968558e-03
1.205644646584603640e-03
1.106277352311032039e-03
1.014903936750893377e-03
9.309028255976917188e-04
8.536983538745218734e-04
7.827576571587223234e-04
7.175877387336303649e-04
6.577327073368836831e-04
6.027711795961036064e-04
5.523138408225097308e-04
5.060011575463058174e-04
4.635012350028056873e-04
4.245078126966175423e-04
3.887383911665786380e-04
3.559324831326511206e-04
3.258499823156156398e-04
2.982696433709374579e-04
2.729876665608203540e-04
2.498163809957196007e-04
2.285830205021675398e-04
2.091285864122426248e-04
1.913067918169476496e-04
1.749830820773505601e-04
1.600337266404662940e-04
1.463449774589686576e-04
1.338122895627827131e-04
1.223395995747754981e-04
1.118386582007600176e-04
1.022284129548490654e-04
