0.000000000000000000e+00
2.295987953905813395e-02
4.154991624107604031e-02
5.639387839677845182e-02
6.803638842876652548e-02
7.695233754797091430e-02
8.355522530248515878e-02
8.820454338046579412e-02
9.121231004733880432e-02
9.284885000587064785e-02
9.334790411880009020e-02
9.291114419611573583e-02
9.171215980492372633e-02
8.989997670375421412e-02
8.760215994074231627e-02
8.492754880195120537e-02
8.196866557661916519e-02
7.880383545271370249e-02
7.549905070838550114e-02
7.210960866864939145e-02
6.868154960349912019e-02
6.525291781043575379e-02
6.185486651237915440e-02
5.851262487656645056e-02
5.524634339041987335e-02
5.207183198887034570e-02
4.900120368958019862e-02
4.604343503586979386e-02
4.320485335222815776e-02
4.048955966648997568e-02
3.789979513038592429e-02
3.543625786219923440e-02
3.309837632917557448e-02
3.088454467196354025e-02
2.879232473874712706e-02
2.681861903397439809e-02
2.495981828776261749e-02
2.321192691009434789e-02
2.157066920250888531e-02
2.003157885351924267e-02
1.859007393743803208e-02
1.724151936521522988e-02
1.598127849630270186e-02
1.480475540892500427e-02
1.370742913930433730e-02
1.268488103555353783e-02
1.173281622662142483e-02
1.084708007862972973e-02
1.002367039820590243e-02
9.258746043238530801e-03
8.548632514300623375e-03
7.889825023417585195e-03
7.278989469669080135e-03
6.712961692216427335e-03
6.188745319769975092e-03
5.703508490393587212e-03
5.254579676124702774e-03
4.839442812491207349e-03
4.455731903032615800e-03
4.101225242852218379e-03
3.773839382569121968e-03
3.471622934389700325e-03
3.192750305009035231e-03
2.935515425360120476e-03
2.698325534565164385e-03
2.479695064555763589e-03
2.278239662494212312e-03
2.092670380149264531e-03
1.921788052583165481e-03
1.764477882739820232e-03
1.619704243652027829e-03
1.486505705890958260e-03
1.363990294459365349e-03
1.251330976490618767e-03
1.147761378778601330e-03
1.052571732258874822e-03
9.651050390282870685e-04
8.847534562747950233e-04
8.109548905451683309e-04
7.431897950648388377e-04
6.809781623059676546e-04
6.238767036463020201e-04
5.714762077457851081e-04
5.233990691672106088e-04
4.792969787615111699e-04
4.388487674104187236e-04
4.017583948543997714e-04
3.677530755193765197e-04
3.365815334809284004e-04
3.080123789602111709e-04
2.818325990239594855e-04
2.578461554549724599e-04
2.358726830639401616e-04
2.157462820236680408e-04
1.973143981188436120e-04
1.804367851153353662e-04
1.649845437599687650e-04
1.508392322227735869e-04
1.378920430871354767e-04
1.260430422778778395e-04
