0.000000000000000000e+00
2.337928519538066616e-02
4.230890410342915547e-02
5.742401932331678283e-02
6.927920183700934931e-02
7.835801764223954136e-02
8.508151963898424874e-02
8.981576631149999768e-02
9.287847552939287876e-02
9.454490998777341504e-02
9.505308026864343895e-02
9.460834209930855943e-02
9.338745598887394916e-02
9.154216993341281194e-02
8.920237919810893035e-02
8.647891122458729873e-02
8.346597839681763054e-02
8.024333666057299752e-02
7.687818376786921537e-02
7.342682715402461258e-02
6.993614810170560581e-02
6.644488585951414950e-02
6.298476272295096268e-02
5.958146871774442493e-02
5.625552241810868881e-02
5.302302255735991121e-02
4.989630342035454580e-02
4.688450552396674492e-02
4.399407177324315271e-02
4.122917810905394470e-02
3.859210662200802250e-02
3.608356818284039896e-02
3.370298081866922313e-02
3.144870933608262531e-02
2.931827104580693455e-02
2.730851187067128219e-02
2.541575661064720063e-02
2.363593668870305961e-02
2.196469830265309134e-02
2.039749355537753481e-02
1.892965682364403796e-02
1.755646834972816872e-02
1.627320679606633277e-02
1.507519228767308268e-02
1.395782127681031472e-02
1.291659439655089281e-02
1.194713832189491128e-02
1.104522252671277273e-02
1.020677170999496029e-02
9.427874563899200921e-03
8.704789467311686846e-03
8.033947610671896347e-03
7.411953989395676269e-03
6.835586643257766763e-03
6.301794466575629146e-03
5.807693868094953617e-03
5.350564519338497915e-03
4.927844395154367362e-03
4.537124279678565048e-03
4.176141884369386284e-03
3.842775701699616478e-03
3.535038698084155481e-03
3.251071932301040097e-03
2.989138170702650490e-03
2.747615557619116806e-03
2.524991388269507992e-03
2.319856021991349628e-03
2.130896965474338243e-03
1.956893148763452425e-03
1.796709410924372721e-03
1.649291207303194137e-03
1.513659546142855214e-03
1.388906158834530245e-03
1.274188905190940316e-03
1.168727412748831905e-03
1.071798947168412820e-03
9.827345092363196435e-04
9.009151527410726818e-04
8.257685165286353466e-04
7.567655633192467814e-04
6.934175173390542913e-04
6.352729924600998730e-04
5.819153023226796007e-04
5.329599438115764773e-04
4.880522452518650900e-04
4.468651707634500501e-04
4.090972723511372244e-04
3.744707814960325574e-04
3.427298322433618497e-04
3.136388080420150618e-04
2.869808048743277161e-04
2.625562035140168349e-04
2.401813440602097759e-04
2.196872962113668082e-04
2.009187190606909169e-04
1.837328045111378660e-04
1.679982987207041378e-04
1.535945962952182877e-04
1.404109022446599169e-04
1.283454570088225007e-04
