0.000000000000000000e+00
1.680005333394758368e-02
3.040263376311109350e-02
4.126416095355950331e-02
4.978314247285205163e-02
5.630706262106469767e-02
6.113848459107993488e-02
6.454045329669473585e-02
6.674127670840193649e-02
6.793875505491069056e-02
6.830391967606987136e-02
6.798433655357369321e-02
6.710702351347999639e-02
6.578102471201698054e-02
6.409968121434886368e-02
6.214263219312806535e-02
5.997757745449418254e-02
5.766182859422481349e-02
5.524367305174988918e-02
5.276357262513298174e-02
5.025521560050333347e-02
4.774643950313990637e-02
4.526003956616607427e-02
4.281447631131212600e-02
4.042449412183243829e-02
3.810166134021739093e-02
3.585484122476135377e-02
3.369060203320628499e-02
3.161357355416651027e-02
2.962675656498627019e-02
2.773179094659527361e-02
2.592918752155127030e-02
2.421852809163424838e-02
2.259863762791148450e-02
2.106773210183545894e-02
1.962354503415980958e-02
1.826343547346215290e-02
1.698447979267034280e-02
1.578354940558873015e-02
1.465737625190106398e-02
1.360260767482230834e-02
1.261585211721839850e-02
1.169371688670318467e-02
1.083283908536534536e-02
1.002991066307079224e-02
9.281698432674869575e-03
8.585059779139047470e-03
7.936954700854469483e-03
7.334454738985048301e-03
6.774749278073275392e-03
6.255149637360004830e-03
5.773091316243340702e-03
5.326134708139670763e-03
4.911964553913744300e-03
4.528388368304967632e-03
4.173334039764123315e-03
3.844846775271598942e-03
3.541085536539222145e-03
3.260319092065693414e-03
3.000921790431826906e-03
2.761369143642898420e-03
2.540233294947641211e-03
2.336178433117753854e-03
2.147956204420876404e-03
1.974401164253974331e-03
1.814426302437489825e-03
1.667018669340441074e-03
1.531235124168348494e-03
1.406198221772765079e-03
1.291092250121444801e-03
1.185159427003316035e-03
1.087696261546238202e-03
9.980500836218339587e-04
9.156157421340501172e-04
8.398324714780592767e-04
7.701809240624657351e-04
7.061803656658868300e-04
6.473860295096638216e-04
5.933866242376349990e-04
5.438019904719001421e-04
4.982809002343390392e-04
4.564989932649814457e-04
4.181568441105656649e-04
3.829781537829606681e-04
3.507080597829499431e-04
3.211115583376722210e-04
2.939720327989129829e-04
2.690898822852545919e-04
2.462812448158612638e-04
2.253768093706599895e-04
2.062207115151883617e-04
1.886695074435298014e-04
1.725912215155318440e-04
1.578644625914795720e-04
1.443776046957572022e-04
1.320280277684778285e-04
1.207214144886662474e-04
1.103710993728608964e-04
1.008974665677146590e-04
9.222739296341377199e-05
