0.000000000000000000e+00
2.368518404684355483e-02
4.286248155730484205e-02
5.817536571438848558e-02
7.018566360840661211e-02
7.938326830321379424e-02
8.619474183208297724e-02
9.099093225555440756e-02
9.409371452205800290e-02
9.578195291424561331e-02
9.629677218818649687e-02
9.584621498315124000e-02
9.460935457513534874e-02
9.273992445879856994e-02
9.036951947277609143e-02
8.761041714524689383e-02
8.455806255227578394e-02
8.129325518104466020e-02
7.788407201126984480e-02
7.438755721507105123e-02
7.085120547840748073e-02
6.731426292130832101e-02
6.380886689960131586e-02
6.036104357201888676e-02
5.699157998155995192e-02
5.371678550031729060e-02
5.054915579719051338e-02
4.749795098525144699e-02
4.456969826969693627e-02
4.176862823017271631e-02
3.909705281657935988e-02
3.655569220081484466e-02
3.414395679535749822e-02
3.186019001162520431e-02
2.970187667638292742e-02
2.766582144393614495e-02
2.574830102726578113e-02
2.394519361533280558e-02
2.225208844000587868e-02
2.066437809864597047e-02
1.917733592215143876e-02
1.778618039862295275e-02
1.648612841565110301e-02
1.527243886590860973e-02
1.414044796799521567e-02
1.308559748444245927e-02
1.210345686886477382e-02
1.118974024215349181e-02
1.034031898131394095e-02
9.551230602235340553e-03
8.818684527747623625e-03
8.139065253332036787e-03
7.508933353542355735e-03
6.925024711435349110e-03
6.384248300102649681e-03
5.883682798853594707e-03
5.420572285934677215e-03
4.992321214187456918e-03
4.596488845126112457e-03
4.230783290011122869e-03
3.893055283122048675e-03
3.581291792162261036e-03
3.293609553182221244e-03
3.028248602250937366e-03
2.783565863041769992e-03
2.558028838267249402e-03
2.350209443268174141e-03
2.158778011831270424e-03
1.982497497298479905e-03
1.820217886081813450e-03
1.670870835671882035e-03
1.533464545004087441e-03
1.407078861516695848e-03
1.290860626305907321e-03
1.184019256372164730e-03
1.085822560987142115e-03
9.955927876291821490e-04
9.127028916811604853e-04
8.365730231108224613e-04
7.666672226176997297e-04
7.024903191961517739e-04
6.435850206994120316e-04
5.895291887670930887e-04
5.399332893747633370e-04
4.944380102583130097e-04
4.527120365402666062e-04
4.144499760246241884e-04
3.793704258182926492e-04
3.472141721694613453e-04
3.177425156768916856e-04
2.907357143110070189e-04
2.659915369909899587e-04
2.433239207761714426e-04
2.225617250499919411e-04
2.035475763967656520e-04
1.861367981921387355e-04
1.701964192447882808e-04
1.556042561374659967e-04
1.422480642182003213e-04
1.300247524860527037e-04
