0.000000000000000000e+00
1.666625803773753856e-02
3.016050778237498731e-02
4.093553398268647697e-02
4.938667049975641737e-02
5.585863427549035004e-02
6.065157889541958336e-02
6.402645438879170370e-02
6.620975048588732814e-02
6.739769213826234118e-02
6.775994859551975891e-02
6.744291062676138759e-02
6.657258449056227545e-02
6.525714591762289685e-02
6.358919260668989548e-02
6.164772948560209159e-02
5.949991720056691663e-02
5.720261091893399930e-02
5.480371351990994538e-02
5.234336456458981574e-02
4.985498404625093860e-02
4.736618779266533324e-02
4.489958949616557754e-02
4.247350265924789564e-02
4.010255424118677747e-02
3.779822045441924572e-02
3.556929397042393054e-02
3.342229073746658119e-02
3.136180367261555413e-02
2.939080965508299170e-02
2.751093550581894948e-02
2.572268797920031908e-02
2.402565220752953326e-02
2.241866251978131414e-02
2.089994909537659651e-02
1.946726350526542526e-02
1.811798583051088887e-02
1.684921572774967027e-02
1.565784952678540495e-02
1.454064519407028723e-02
1.349427677331235288e-02
1.251537971767222902e-02
1.160058835409957800e-02
1.074656656673628544e-02
9.950032650694832365e-03
9.207779167869759029e-03
8.516688530947245928e-03
7.873744948831794613e-03
7.276043284876224440e-03
6.720795307309563975e-03
6.205333747973653877e-03
5.727114529899240102e-03
5.283717475481832133e-03
4.872845764264658285e-03
4.492324371896860326e-03
4.140097689085080364e-03
3.814226490743084178e-03
3.512884400575623425e-03
3.234353974575218411e-03
2.977022507978795487e-03
2.739377653784207198e-03
2.520002926663430804e-03
2.317573153762663481e-03
2.130849923214257844e-03
1.958677071993206349e-03
1.799976246847762723e-03
1.653742565257998324e-03
1.519040397584275762e-03
1.394999286634151592e-03
1.280810016690052400e-03
1.175720840503616249e-03
1.079033869790250750e-03
9.901016322737177158e-04
9.083237962694580819e-04
8.331440620989553902e-04
7.640472182448753086e-04
7.005563590437730850e-04
6.422302598309174515e-04
5.886609047664636456e-04
5.394711620543630104e-04
4.943126008892442932e-04
4.528634442099045546e-04
4.148266511815361856e-04
3.799281232557464552e-04
3.479150276532785033e-04
3.185542321667223431e-04
2.916308452786137303e-04
2.669468557250513131e-04
2.443198657984189644e-04
2.235819128682965109e-04
2.045783738015295977e-04
1.871669471758667408e-04
1.712167084025727085e-04
1.566072330985953710e-04
1.432277842754057975e-04
1.309765591372672084e-04
1.197599915045041268e-04
1.094921060958704937e-04
1.000939211171182679e-04
9.149289580945023002e-05
