0.000000000000000000e+00
8.109273761885499310e-03
1.467514866570245567e-02
1.991793544195210458e-02
2.402999103720382737e-02
2.717904380691344574e-02
2.951113898752056458e-02
3.115324660556318542e-02
3.221556939658892782e-02
3.279358421253878580e-02
3.296984674113155600e-02
3.281558609811544708e-02
3.239211294147873593e-02
3.175206215858821651e-02
3.094048885942458221e-02
2.999583434178440533e-02
2.895077685083153815e-02
2.783298031183173774e-02
2.666575274993315120e-02
2.546862480535895534e-02
2.425785758927114996e-02
2.304688808956811830e-02
2.184671941333464484e-02
2.066626233135950702e-02
1.951263385915945683e-02
1.839141795854467784e-02
1.730689286521493175e-02
1.626222903340089621e-02
1.525966123120640026e-02
1.430063791385352383e-02
1.338595064093625088e-02
1.251584598309827233e-02
1.169012207884632601e-02
1.090821174954686133e-02
1.016925385651160432e-02
9.472154385315781008e-03
8.815638566311326599e-03
8.198295184198239535e-03
7.618614091273782050e-03
7.075017816606877022e-03
6.565888055114850810e-03
6.089587724775849184e-03
5.644479195589402303e-03
5.228939219149444408e-03
4.841371021706383782e-03
4.480213965376624377e-03
4.143951130828475542e-03
3.831115129548774440e-03
3.540292413977271738e-03
3.270126318767063028e-03
3.019319035637374905e-03
2.786632697241603254e-03
2.570889721743276502e-03
2.370972548990398117e-03
2.185822880961904580e-03
2.014440523224853789e-03
1.855881910218543096e-03
1.709258385032894848e-03
1.573734293761925186e-03
1.448524945301533310e-03
1.332894479458290610e-03
1.226153679295880622e-03
1.127657757638383246e-03
1.036804142460213659e-03
9.530302814198726496e-04
8.758114819492610927e-04
8.046588000134198559e-04
7.391169878374514350e-04
6.787625084968975471e-04
6.232016232310020557e-04
5.720685556175525216e-04
5.250237353017546014e-04
4.817521227630775405e-04
4.419616156011506140e-04
4.053815359963622170e-04
3.717611983281080804e-04
3.408685553921081478e-04
3.124889212289406592e-04
2.864237682424893234e-04
2.624895960350316334e-04
2.405168692026736217e-04
2.203490212099828538e-04
2.018415213865198087e-04
1.848610020524118472e-04
1.692844427780981634e-04
1.549984088088594543e-04
1.418983407324822163e-04
1.298878925339654890e-04
1.188783152607100031e-04
1.087878836118857413e-04
9.954136286390751539e-05
9.106951364779819588e-05
8.330863220175281744e-05
7.620012383177558540e-05
6.969010742349072171e-05
6.372904895801492808e-05
5.827142209319485355e-05
5.327539397784095246e-05
4.870253457022987440e-05
4.451754783266380290e-05
