0.000000000000000000e+00
2.296593664209144181e-02
4.156087762801491392e-02
5.640875580636224573e-02
6.805433727793300247e-02
7.697263853589154936e-02
8.357726821467759137e-02
8.822781284084568743e-02
9.123637299413793478e-02
9.287334469235422607e-02
9.337253046199275874e-02
9.293565531658486145e-02
9.173635461833294646e-02
8.992369344062385583e-02
8.762527048484594627e-02
8.494995375022564021e-02
8.199028993453688630e-02
7.882462488891021912e-02
7.551896830108366376e-02
7.212863208419711958e-02
6.869966865424274871e-02
6.527013234528249164e-02
6.187118459884557303e-02
5.852806123793863335e-02
5.526091806593418088e-02
5.208556918862146390e-02
4.901413081922819520e-02
4.605558186919900265e-02
4.321625133225014126e-02
4.050024131811868350e-02
3.790979356977910303e-02
3.544560638968698163e-02
3.310710809431048618e-02
3.089269240065247585e-02
2.879992051368202369e-02
2.682569412068918149e-02
2.496640299962072859e-02
2.321805050637266651e-02
2.157635981450163262e-02
2.003686343425187255e-02
1.859497823116676440e-02
1.724606789340189794e-02
1.598549455720543397e-02
1.480866108834036181e-02
1.371104533034215624e-02
1.268822746562809148e-02
1.173591149010634951e-02
1.084994167385434916e-02
1.002631476767093348e-02
9.261188616103414872e-03
8.550887750345957314e-03
7.891906457817112960e-03
7.280909758019075799e-03
6.714732655368008292e-03
6.190377988094082629e-03
5.705013147180608944e-03
5.255965899882579506e-03
4.840719517958638057e-03
4.456907380768879504e-03
4.102307197303090014e-03
3.774834968540402742e-03
3.472538791886714462e-03
3.193592592422789516e-03
2.936289850999289179e-03
2.699037386548205821e-03
2.480349239089722161e-03
2.278840690576560205e-03
2.093222452736829848e-03
1.922295044278085835e-03
1.764943374046844000e-03
1.620131541864572658e-03
1.486897864665348264e-03
1.364350132137778218e-03
1.251661093233630501e-03
1.148064172567962813e-03
1.052849413830391411e-03
9.653596457935105166e-04
8.849868652887497638e-04
8.111688305756045193e-04
7.433858578165772639e-04
6.811578128518471897e-04
6.240412901140855164e-04
5.716269703081719097e-04
5.235371483798689643e-04
4.794234232918046911e-04
4.389645411972856290e-04
4.018643837376597986e-04
3.678500933746073321e-04
3.366703278939798313e-04
3.080936364734190055e-04
2.819069499841868635e-04
2.579141784917516906e-04
2.359349092242138304e-04
2.158031985879316965e-04
1.973664521218852124e-04
1.804843865932343827e-04
1.650280687435714698e-04
1.508790254964919382e-04
1.379284207306257653e-04
1.260762940069389698e-04
