0.000000000000000000e+00
2.291694834762098010e-02
4.147222474424963612e-02
5.628843113669081827e-02
6.790917159335764508e-02
7.680844935686831354e-02
8.339899079929738446e-02
8.803961541858115747e-02
9.104175805740322147e-02
9.267523795587967461e-02
9.317335891985147056e-02
9.273741566625375021e-02
9.154067317830609507e-02
8.973187856092645909e-02
8.743835833662995383e-02
8.476874827994922146e-02
8.181539767868739599e-02
7.865648526561679066e-02
7.535787992420210635e-02
7.197477558257217578e-02
6.855312642300236126e-02
6.513090560642627314e-02
6.173920810437029394e-02
5.840321590968607091e-02
5.514304183170471579e-02
5.197446624338397658e-02
4.890957951303911977e-02
4.595734139933365520e-02
4.312406739570240344e-02
4.041385086173378272e-02
3.782892875857401388e-02
3.536999789914017228e-02
3.303648781935000084e-02
3.082679566254448514e-02
2.873848783584974365e-02
2.676847263552012413e-02
2.491314754041284649e-02
2.316852443160541050e-02
2.153033560548869504e-02
1.999412310184223510e-02
1.855531356242468011e-02
1.720928056503876272e-02
1.595139613889014901e-02
1.477707295581981266e-02
1.368179850550725433e-02
1.266116239821624308e-02
1.171087779359675750e-02
1.082679782625128699e-02
1.000492778624941133e-02
9.241433713782528162e-03
8.532647980132096119e-03
7.875072350699516624e-03
7.265378958783786159e-03
6.700409560005603574e-03
6.177173385795892840e-03
5.692843869333706966e-03
5.244754477973565150e-03
4.830393851869319542e-03
4.447400418584000585e-03
4.093556627442966438e-03
3.766782924772357852e-03
3.465131571552174713e-03
3.186780388036160663e-03
2.930026495225340408e-03
2.693280110442310398e-03
2.475058443386165923e-03
2.273979729730894826e-03
2.088757431366052367e-03
1.918194625594720794e-03
1.761178599847605143e-03
1.616675663609283770e-03
1.483726185165535130e-03
1.361439857365379525e-03
1.248991193757370034e-03
1.145615254127002212e-03
1.050603596561034076e-03
9.633004516341327032e-04
8.830991131001540619e-04
8.094385385280044145e-04
7.418001526099735196e-04
6.797048453532045882e-04
6.227101570121240659e-04
5.704076414044513500e-04
5.224203991529267508e-04
4.784007723891973876e-04
4.380281925283246373e-04
4.010071728572792084e-04
3.670654378660575092e-04
3.359521814748126466e-04
3.074364465654588351e-04
2.813056185038158492e-04
2.573640256318459273e-04
2.354316400134229585e-04
2.153428720266924049e-04
1.969454527075866878e-04
1.800993980593225624e-04
1.646760498490890698e-04
1.505571877136212874e-04
1.376342076882448070e-04
1.258073625580366495e-04
