0.000000000000000000e+00
1.989713307413409557e-02
3.600734103423477994e-02
4.887118423763589514e-02
5.896063488258952712e-02
6.668723579115404254e-02
7.240932749906767163e-02
7.643844709197268605e-02
7.904499097757584913e-02
8.046322373792864913e-02
8.089570623764119617e-02
8.051720815848900648e-02
7.947816298646301347e-02
7.790771710248839410e-02
7.591641894102167665e-02
7.359858910835387347e-02
7.103440782921856267e-02
6.829175205764743961e-02
6.542781099352268370e-02
6.249050554307516298e-02
5.951973440774521729e-02
5.654846694387474781e-02
5.360370067212017614e-02
5.070729930030334898e-02
4.787672532987454627e-02
4.512567972031304026e-02
4.246465966625553867e-02
3.990144427981311831e-02
3.744151684835002325e-02
3.508843134071130271e-02
3.284412994889096549e-02
3.070921766527843003e-02
2.868319919706303553e-02
2.676468289943417095e-02
2.495155585925324868e-02
2.324113377318634543e-02
2.163028883200279404e-02
2.011555843973594424e-02
1.869323725720434606e-02
1.735945475913560146e-02
1.611024022848031936e-02
1.494157687658410200e-02
1.384944657025743292e-02
1.282986646337916196e-02
1.187891866876014668e-02
1.099277396314782100e-02
1.016771039230909487e-02
9.400127532164671146e-03
8.686557064251180030e-03
8.023670237839878108e-03
7.408282715488786682e-03
6.837357232450563642e-03
6.308004442133399205e-03
5.817482268771256675e-03
5.363194043762791081e-03
4.942685663039424193e-03
4.553641968662635979e-03
4.193882528041756493e-03
3.861356958188187031e-03
3.554139919820155803e-03
3.270425886496884128e-03
3.008523776932733353e-03
2.766851523901897418e-03
2.543930640411352657e-03
2.338380832845586479e-03
2.148914701351414911e-03
1.974332559641871990e-03
1.813517399483568354e-03
1.665430019242029056e-03
1.529104330861867731e-03
1.403642855436608135e-03
1.288212413974422618e-03
1.182040017000832470e-03
1.084408954178745377e-03
9.946550831009409472e-04
9.121633147595255330e-04
8.363642918681859009e-04
7.667312551597923716e-04
7.027770919637405748e-04
6.440515607491795972e-04
5.901386848712079566e-04
5.406543084507757762e-04
4.952438071321798056e-04
4.535799463748021619e-04
4.153608799307936285e-04
3.803082812229346336e-04
3.481656004540356663e-04
3.186964404400916646e-04
2.916830443545470998e-04
2.669248887924849031e-04
2.442373758045786585e-04
2.234506178054588470e-04
2.044083095249897032e-04
1.869666814397705494e-04
1.709935293926354222e-04
1.563673153773019670e-04
1.429763347313303624e-04
1.307179452414435777e-04
1.194978539195557909e-04
1.092294574544847545e-04
