0.000000000000000000e+00
2.319190423840390008e-02
4.196980550082922423e-02
5.696377566726260055e-02
6.872394092846068059e-02
7.772999158370519357e-02
8.439960586626801819e-02
8.909590836450100027e-02
9.213407049383261216e-02
9.378714876613042373e-02
9.429124614944431326e-02
9.385007248018194248e-02
9.263897156231507002e-02
9.080847515778117662e-02
8.848743744351461604e-02
8.578579759822314854e-02
8.279701290979375738e-02
7.960020009378702965e-02
7.626201832377318968e-02
7.283832374064362625e-02
6.937562188163297339e-02
6.591234150691659133e-02
6.247995066324294605e-02
5.910393347519482532e-02
5.580464406413677275e-02
5.259805213480131525e-02
4.949639311486939142e-02
4.650873426154169404e-02
4.364146684108706487e-02
4.089873332492656444e-02
3.828279751310463552e-02
3.579436457884941497e-02
3.343285721369178287e-02
3.119665333001432617e-02
2.908329013687166106e-02
2.708963883647993662e-02
2.521205368490793755e-02
2.344649871407043090e-02
2.178865501675869218e-02
2.023401114646756344e-02
1.877793887413388429e-02
1.741575627008108001e-02
1.614277983745554187e-02
1.495436720966637247e-02
1.384595173562022836e-02
1.281307011004342161e-02
1.185138405938509013e-02
1.095669696445624591e-02
1.012496618708529604e-02
9.352311767890817210e-03
8.635022074209847479e-03
7.969556899877780834e-03
7.352548450689336962e-03
6.780800589877300673e-03
6.251286665847352077e-03
5.761146198834015200e-03
5.307680663325754084e-03
4.888348568362405576e-03
4.500760007531498345e-03
4.142670824145589653e-03
3.811976514196064540e-03
3.506705969830863773e-03
3.225015148922767694e-03
2.965180741453585147e-03
2.725593890648192897e-03
2.504754015794770534e-03
2.301262774258739686e-03
2.113818192138343811e-03
1.941208986144613057e-03
1.782309093463225807e-03
1.636072421434629299e-03
1.501527824752617443e-03
1.377774314425328018e-03
1.263976499874500939e-03
1.159360263188197486e-03
1.063208662618276602e-03
9.748580608652128226e-04
8.936944724651484919e-04
8.191501236404304023e-04
7.507002172542678311e-04
6.878598949867199093e-04
6.301813884921484473e-04
5.772513510804836746e-04
5.286883613629638889e-04
4.841405902972463959e-04
4.432836231396678406e-04
4.058184279489615966e-04
3.714694624732239187e-04
3.399829114793798319e-04
3.111250468425248001e-04
2.846807029934567330e-04
2.604518606197197802e-04
2.382563318230152493e-04
2.179265402491674917e-04
1.993083900220778495e-04
1.822602176270818623e-04
1.666518211991854760e-04
1.523635619757453762e-04
1.392855329695644564e-04
1.273167902058406069e-04
