0.000000000000000000e+00
2.308503002214928879e-02
4.177639792104834854e-02
5.670127204458633163e-02
6.840724346157070479e-02
7.737179193590612569e-02
8.401067093292094445e-02
8.868533167014829022e-02
9.170949317266249845e-02
9.335495363820571491e-02
9.385672801206751403e-02
9.341758738371673532e-02
9.221206752810641449e-02
9.039000651838013933e-02
8.807966473852499312e-02
8.539047473944276490e-02
8.241546313397568602e-02
7.923338204765839610e-02
7.591058347156939834e-02
7.250266614724126812e-02
6.905592130251890504e-02
6.560860060803890004e-02
6.219202709775566162e-02
5.883156745889910055e-02
5.554748201584553541e-02
5.235566688085060982e-02
4.926830109762045384e-02
4.629441013911946706e-02
4.344035581902967041e-02
4.071026151920610625e-02
3.810638060752463002e-02
3.562941500759508190e-02
3.327879007133316414e-02
3.105289118611537919e-02
2.894926691016582593e-02
2.696480286399971504e-02
2.509587010420472747e-02
2.333845126146705598e-02
2.168824733120511966e-02
2.014076765681116488e-02
1.869140533728326156e-02
1.733550001847220662e-02
1.606838978627371864e-02
1.488545366730747478e-02
1.378214605477435899e-02
1.275402421145098615e-02
1.179676985565869703e-02
1.090620570730123882e-02
1.007830775771590900e-02
9.309213927364770255e-03
8.595229687735852012e-03
7.932831146838469766e-03
7.318666030122928171e-03
6.749552929436295964e-03
6.222479140767587201e-03
5.734597366172441459e-03
5.283221515633890024e-03
4.865821810031023369e-03
4.480019356250328731e-03
4.123580339251371740e-03
3.794409953117347089e-03
3.490546173364455790e-03
3.210153455682433505e-03
2.951516431505661446e-03
2.713033658081820919e-03
2.493211469758150733e-03
2.290657967819967160e-03
2.104077178193683537e-03
1.932263399492997530e-03
1.774095758088551191e-03
1.628532981982863106e-03
1.494608401155257367e-03
1.371425178601193848e-03
1.258151773435494574e-03
1.154017635079212763e-03
1.058309125634837285e-03
9.703656660129637975e-04
8.895761001515189092e-04
8.153752707193852962e-04
7.472407989789732951e-04
6.846900609612779692e-04
6.272773517515252374e-04
5.745912294667318045e-04
5.262520304052826234e-04
4.819095468428938127e-04
4.412408590218725390e-04
4.039483130164885994e-04
3.697576363438883533e-04
3.384161834163969458e-04
3.096913031879863949e-04
2.833688216273351664e-04
2.592516319455389772e-04
2.371583858126519628e-04
2.169222791091253053e-04
1.983899260720023005e-04
1.814203160082646484e-04
1.658838470563562064e-04
1.516614317795990103e-04
1.386436696702551287e-04
1.267300819291321268e-04
