0.000000000000000000e+00
1.964572668375889550e-02
3.555237721594511208e-02
4.825368180767437842e-02
5.821564914344645042e-02
6.584462207530425437e-02
7.149441339620622726e-02
7.547262382498853839e-02
7.804623322765928684e-02
7.944654618129100287e-02
7.987356413172662373e-02
7.949984849210926796e-02
7.847393197510922624e-02
7.692332915744463928e-02
7.495719166013341261e-02
7.266864831962323301e-02
7.013686625887044501e-02
6.742886478573535680e-02
6.460111049698655239e-02
6.170091880347953334e-02
5.876768427430190816e-02
5.583395968784738567e-02
5.292640144280309072e-02
5.006659699232429706e-02
4.727178819378954899e-02
4.455550289084510979e-02
4.192810564284785851e-02
3.939727727043699362e-02
3.696843177795600816e-02
3.464507822876151943e-02
3.242913427465491522e-02
3.032119726376086150e-02
2.832077816144555962e-02
2.642650290675819386e-02
2.463628528386695160e-02
2.294747490643535281e-02
2.135698348606348065e-02
1.986139217774869972e-02
1.845704246040870411e-02
1.714011271404724049e-02
1.590668239284495286e-02
1.475278546150637742e-02
1.367445455718953318e-02
1.266775715825785818e-02
1.172882488123073302e-02
1.085387688626802787e-02
1.003923824717207168e-02
9.281354032328142240e-03
8.576799746542400349e-03
7.922288698874419693e-03
7.314676786964279323e-03
6.750965122838009994e-03
6.228300867685827684e-03
5.743976592711583402e-03
5.295428439019613659e-03
4.880233310900342243e-03
4.496105303147203761e-03
4.140891533605314291e-03
3.812567526505175608e-03
3.509232269818459826e-03
3.229103050485768438e-03
2.970510154553141543e-03
2.731891504700308636e-03
2.511787295071711557e-03
2.308834672485805817e-03
2.121762503782144167e-03
1.949386261078635925e-03
1.790603049884153869e-03
1.644386799196200389e-03
1.509783627778828272e-03
1.385907396647321566e-03
1.271935454282433148e-03
1.167104578169218202e-03
1.070707113825924116e-03
9.820873104887232509e-04
9.006378509883410230e-04
8.257965720427285676e-04
7.570433701499586394e-04
6.938972874577000729e-04
6.359137713751940747e-04
5.826821012502686426e-04
5.338229751314490980e-04
4.889862494507351979e-04
4.478488243764823734e-04
4.101126675809341833e-04
3.755029692286982195e-04
3.437664211081051073e-04
3.146696129862095945e-04
2.879975394608719837e-04
2.635522108020131203e-04
2.411513615121194435e-04
2.206272505876656490e-04
2.018255477236335243e-04
1.846042999687279675e-04
1.688329736059325276e-04
1.543915662990203244e-04
1.411697848082860021e-04
1.290662838363572232e-04
1.179879618160269091e-04
1.078493096955610156e-04
