0.000000000000000000e+00
2.296191875295993529e-02
4.155360655515950158e-02
5.639888709817897361e-02
6.804243117602380708e-02
7.695917217775356811e-02
8.356264637700408504e-02
8.821237739069033579e-02
9.122041119657817165e-02
9.285709650670163906e-02
9.335619494382202399e-02
9.291939622969258572e-02
9.172030534902034238e-02
8.990796129626715816e-02
8.760994044943684611e-02
8.493509176130638327e-02
8.197594573861094469e-02
7.881083452587943350e-02
7.550575626245931149e-02
7.211601318467483757e-02
6.868764965165095882e-02
6.525871333984634148e-02
6.186036023909803616e-02
5.851782175740705833e-02
5.525125017188942805e-02
5.207645682165761014e-02
4.900555580020859309e-02
4.604752444812703488e-02
4.320869065187214059e-02
4.049315580351714461e-02
3.790316125384374929e-02
3.543940518313955235e-02
3.310131600788872308e-02
3.088728772611322448e-02
2.879488196944916464e-02
2.682100096723620541e-02
2.496203512902923916e-02
2.321398850993689617e-02
2.157258503174631914e-02
2.003335798628880227e-02
1.859172504092680353e-02
1.724305069493836315e-02
1.598269789596561130e-02
1.480607031403987153e-02
1.370864658384760015e-02
1.268600766105287478e-02
1.173385829314951313e-02
1.084804347725961543e-02
1.002456066455021527e-02
9.259568371753472762e-03
8.549391773086580798e-03
7.890525769292281583e-03
7.279635963327392260e-03
6.713557913323848179e-03
6.189294981865078524e-03
5.704015055499159735e-03
5.255046368988027829e-03
4.839872634391772024e-03
4.456127645110613197e-03
4.101589498924007246e-03
3.774174561406580877e-03
3.471931271449464618e-03
3.193033873605110630e-03
2.935776147279595821e-03
2.698565190131836915e-03
2.479915302150619699e-03
2.278442007544999228e-03
2.092856243603984350e-03
1.921958738884305389e-03
1.764634597317602666e-03
1.619848099956014073e-03
1.486637731980006410e-03
1.364111439170323037e-03
1.251442115206249884e-03
1.147863318815158353e-03
1.052665217893475553e-03
9.651907561858590404e-04
8.848320368938540756e-04
8.110269166411119288e-04
7.432558025087888714e-04
6.810386443365042033e-04
6.239321141307046723e-04
5.715269642066542330e-04
5.234455555895901630e-04
4.793395481948794232e-04
4.388877443791684404e-04
4.017940775896928314e-04
3.677857380245413586e-04
3.366114274418699373e-04
3.080397355116265621e-04
2.818576303815035567e-04
2.578690564228906454e-04
2.358936324270908256e-04
2.157654438322836475e-04
1.973319228738400362e-04
1.804528108614625282e-04
1.649991970936086697e-04
1.508526292207309236e-04
1.379042901623316888e-04
1.260542369674493349e-04
