0.000000000000000000e+00
2.245184934924004255e-02
4.063054679059739660e-02
5.514605857709010267e-02
6.653095634367198197e-02
7.524962344683910898e-02
8.170640998537934130e-02
8.625285322285121403e-02
8.919406743817059890e-02
9.079439589548950196e-02
9.128240750467715714e-02
9.085531171050222066e-02
8.968285708689065217e-02
8.791077191930594947e-02
8.566379864109083253e-02
8.304836826595390908e-02
8.015495585478960017e-02
7.706015350458626789e-02
7.382849329116482340e-02
7.051404898301066870e-02
6.716184212320901181e-02
6.380907520816835043e-02
6.048621213760337761e-02
5.721792383633545614e-02
5.402391492464134887e-02
5.091964551313211268e-02
4.791696059634514837e-02
4.502463809482497303e-02
4.224886532919622933e-02
3.959365258439812713e-02
3.706119142249614945e-02
3.465216451460345626e-02
3.236601297419468282e-02
3.020116647455394626e-02
2.815524081252501754e-02
2.622520703042657483e-02
2.440753572020881029e-02
2.269831970174125343e-02
2.109337788437231839e-02
1.958834278209310373e-02
1.817873385287431184e-02
1.686001856766261575e-02
1.562766288023638428e-02
1.447717256216782440e-02
1.340412668444117446e-02
1.240420436608976815e-02
1.147320576810088345e-02
1.060706818562550530e-02
9.801877981289614308e-03
9.053879005420572765e-03
8.359478063749727766e-03
7.715247918278173717e-03
7.117928241291591671e-03
6.564424884915817833e-03
6.051807778168763127e-03
5.577307719345350745e-03
5.138312293025643594e-03
4.732361107360250931e-03
4.357140517976548603e-03
4.010477979345519750e-03
3.690336142292616715e-03
3.394806797121447187e-03
3.122104745186466031e-03
2.870561667383181911e-03
2.638620045641140981e-03
2.424827182858291501e-03
2.227829357587380894e-03
2.046366141982623559e-03
1.879264904868775459e-03
1.725435516155395541e-03
1.583865264054948102e-03
1.453613992559240828e-03
1.333809463282728622e-03
1.223642943004626688e-03
1.122365015956451823e-03
1.029281618039113106e-03
9.437502886543636853e-04
8.651766346469261021e-04
7.930109999303801673e-04
7.267453336722880372e-04
6.659102494073065740e-04
6.100722671013566805e-04
5.588312299790801352e-04
5.118178878283760527e-04
4.686916384902251845e-04
4.291384193125690112e-04
3.928687404791806237e-04
3.596158523059675882e-04
3.291340388173481226e-04
3.011970301652279643e-04
2.755965267250826806e-04
2.521408279911756039e-04
2.306535596906651947e-04
2.109724928396883835e-04
1.929484487696916245e-04
1.764442844562456338e-04
1.613339527827450839e-04
1.475016326657815490e-04
1.348409242559242397e-04
1.232541047059385227e-04
