0.000000000000000000e+00
2.303191955902512966e-02
4.168028525240043136e-02
5.657082253617644330e-02
6.824986266640581389e-02
7.719378689547433392e-02
8.381739218750290654e-02
8.848129818902211730e-02
9.149850216894239718e-02
9.314017701379143088e-02
9.364079698285696085e-02
9.320266666127755006e-02
9.199992027911627068e-02
9.018205118527548858e-02
8.787702468210767393e-02
8.519402155504350593e-02
8.222585439569647658e-02
7.905109414890293396e-02
7.573594015335270713e-02
7.233586323760148040e-02
6.889704812980380899e-02
6.545765849707445294e-02
6.204894531018064624e-02
5.869621689660550756e-02
5.541968696890767904e-02
5.223521506802869530e-02
4.915495221801646081e-02
4.618790312742447612e-02
4.334041497365873769e-02
4.061660165213570872e-02
3.801871134653127954e-02
3.554744436557812776e-02
3.320222738325330492e-02
3.098144950158404978e-02
2.888266491869219410e-02
2.690276642017510114e-02
2.503813341153163230e-02
2.328475776598934455e-02
2.163835036945084209e-02
2.009443089671585775e-02
1.864840304562706899e-02
1.729561718385659239e-02
1.603142212271037662e-02
1.485120752002824958e-02
1.375043822683947800e-02
1.272468172708267689e-02
1.176962967391312342e-02
1.088111439767390325e-02
1.005512114751845598e-02
9.287796729183532204e-03
8.575455113956386918e-03
7.914580517071469895e-03
7.301828376373380169e-03
6.734024603000530497e-03
6.208163424104905757e-03
5.721404092364447067e-03
5.271066697502243062e-03
4.854627280521535068e-03
4.469712421297791609e-03
4.114093444006393374e-03
3.785680362135675214e-03
3.482515665124016890e-03
3.202768031597330589e-03
2.944726039444424230e-03
2.706791930264534300e-03
2.487475474799587943e-03
2.285387976599976070e-03
2.099236443168621142e-03
1.927817947010307701e-03
1.770014193228194388e-03
1.624786305422204914e-03
1.491169837536390590e-03
1.368270015869945105e-03
1.255257212618223666e-03
1.151362649965756305e-03
1.055874331842623958e-03
9.681331989175221385e-04
8.875295011816280652e-04
8.134993815303158838e-04
7.455216630341223632e-04
6.831148320705521812e-04
6.258342091336964973e-04
5.732692989223582775e-04
5.250413112063889633e-04
4.808008439652184350e-04
4.402257203649390669e-04
4.030189712758911456e-04
3.689069552188876120e-04
3.376376078541078749e-04
3.089788133830323772e-04
2.827168905127931935e-04
2.586551859272704290e-04
2.366127685146799579e-04
2.164232179125672069e-04
1.979335012441921660e-04
1.810029322321081988e-04
1.655022071826576830e-04
1.513125126371002134e-04
1.383246997794490400e-04
1.264385209765771299e-04
