0.000000000000000000e+00
2.213996395053201283e-02
4.006613563281721802e-02
5.438000807501534167e-02
6.560675479916201758e-02
7.420430827274006325e-02
8.057140164558061757e-02
8.505468887127966282e-02
8.795504579444635151e-02
8.953314360736661093e-02
9.001437610036930326e-02
8.959321322245354657e-02
8.843704551900005706e-02
8.668957691998570303e-02
8.447381702405645787e-02
8.189471837966713630e-02
7.904149923140271761e-02
7.598968771237332720e-02
7.280291946390647639e-02
6.953451709948997583e-02
6.622887675439978472e-02
6.292268413396652493e-02
5.964597995470243691e-02
5.642309243018470838e-02
5.327345245787752648e-02
5.021230538734099136e-02
4.725133167072731455e-02
4.439918729184403473e-02
4.166197362138222143e-02
3.904364523620566102e-02
3.654636325473138020e-02
3.417080086488258339e-02
3.191640694379488385e-02
2.978163297863358969e-02
2.776412788592629022e-02
2.586090478415472779e-02
2.406848329333888259e-02
2.238301050916378238e-02
2.080036342176684247e-02
1.931623521520220779e-02
1.792620758799881586e-02
1.662581097382900483e-02
1.541057431027222785e-02
1.427606579958082614e-02
1.321792592519496941e-02
1.223189382880635577e-02
1.131382801263039473e-02
1.045972220807425863e-02
9.665717143278938078e-03
8.928108846377728891e-03
8.243354037245343574e-03
7.608073086677723078e-03
7.019050957154392839e-03
6.473236482540839151e-03
5.967740294353119160e-03
5.499831658700739083e-03
5.066934450012862412e-03
4.666622454484006463e-03
4.296614167272078816e-03
3.954767222332076018e-03
3.639072571920203610e-03
3.347648513855449887e-03
3.078734648224111612e-03
2.830685831044644878e-03
2.601966180199021331e-03
2.391143178437986263e-03
2.196881909266464993e-03
2.017939453821344497e-03
1.853159470300070428e-03
1.701466971937485142e-03
1.561863314830382607e-03
1.433421402960724945e-03
1.315281114468978959e-03
1.206644950491008372e-03
1.106773905618390957e-03
1.014983557205391971e-03
9.306403692673556735e-04
8.531582055432735019e-04
7.819950453849024976e-04
7.166498954468727674e-04
6.566598896525458352e-04
6.015975695695002269e-04
5.510683371206160806e-04
5.047080714596563142e-04
4.621809018347348432e-04
4.231771283326451333e-04
3.874112825273518771e-04
3.546203202349325822e-04
3.245619387943980260e-04
2.970130115402350190e-04
2.717681324007145010e-04
2.486382638395386773e-04
2.274494816519897328e-04
2.080418104258603814e-04
1.902681437783939776e-04
1.739932437802020788e-04
1.590928142731241619e-04
1.454526430792907625e-04
1.329678083816124387e-04
1.215419448303461708e-04
