0.000000000000000000e+00
2.138212644020892617e-02
3.869469616055414007e-02
5.251861344840265400e-02
6.336107545530836327e-02
7.166433989870353571e-02
7.781349153503318294e-02
8.214331856374280927e-02
8.494439803213982287e-02
8.646847851602278145e-02
8.693323871326211205e-02
8.652649198469299086e-02
8.540989919906046002e-02
8.372224538815521699e-02
8.158232960682149093e-02
7.909151194156606446e-02
7.633595675068467756e-02
7.338860688519384390e-02
7.031091977709337526e-02
6.715439283921857683e-02
6.396190255411692005e-02
6.076887889772153439e-02
5.760433431107589430e-02
5.449176426779205745e-02
5.144993455752325945e-02
4.849356869077963567e-02
4.563394730493507134e-02
4.287943009473211414e-02
4.023590958465123046e-02
3.770720498879356897e-02
3.529540345180617184e-02
3.300115511879878061e-02
3.082392773150769566e-02
2.876222578175144373e-02
2.681377866221599029e-02
2.497570173052214570e-02
2.324463373798139193e-02
2.161685366285182042e-02
2.008837962339266384e-02
1.865505222335039903e-02
1.731260439702806547e-02
1.605671956863699221e-02
1.488307971750596481e-02
1.378740474363078158e-02
1.276548435405392735e-02
1.181320353705743106e-02
1.092656255580884590e-02
1.010169227385444152e-02
9.334865519865447048e-03
8.622505106681043266e-03
7.961189038501176665e-03
7.347653368775455482e-03
6.778793108763770531e-03
6.251661531894027457e-03
5.763468171009455618e-03
5.311575763581013326e-03
4.893496363250496306e-03
4.506886804036437134e-03
4.149543675620888557e-03
3.819397943846531730e-03
3.514509329452829896e-03
3.233060539780811468e-03
2.973351432335924818e-03
2.733793175415268235e-03
2.512902459212270657e-03
2.309295800672498625e-03
2.121683976681199100e-03
1.948866612732551816e-03
1.789726947901130148e-03
1.643226791565417398e-03
1.508401682796081970e-03
1.384356259508335608e-03
1.270259841291151905e-03
1.165342227181829105e-03
1.068889707477939681e-03
9.802412869049509370e-04
8.987851150299257241e-04
8.239551186798421255e-04
7.552278302438298740e-04
6.921194050742492544e-04
6.341828207189553149e-04
5.810052503878777473e-04
5.322056028562572151e-04
4.874322209131263790e-04
4.463607304583086695e-04
4.086920324184045456e-04
3.741504297781066721e-04
3.424818821960414275e-04
3.134523808840442276e-04
2.868464366667558118e-04
2.624656743974455235e-04
2.401275271797943659e-04
2.196640241289083469e-04
2.009206656937140138e-04
1.837553808535316460e-04
1.680375607911040962e-04
1.536471639302228588e-04
1.404738875064537264e-04
1.284164011127394164e-04
1.173816379266918921e-04
