0.000000000000000000e+00
2.111245796366778560e-02
3.820668390447578416e-02
5.185625582376289511e-02
6.256197417144773731e-02
7.076051897065645246e-02
7.683211834115198646e-02
8.110733817904812459e-02
8.387309081337063210e-02
8.537794980104909670e-02
8.583684850576113468e-02
8.543523161172639213e-02
8.433272114275494613e-02
8.266635179265338640e-02
8.055342433871039154e-02
7.809402052777901504e-02
7.537321802496296796e-02
7.246303973594199477e-02
6.942416799992495724e-02
6.630745075136605660e-02
6.315522372043431976e-02
6.000247004501523679e-02
5.687783626518357061e-02
5.380452153282715838e-02
5.080105496600714754e-02
4.788197438431748137e-02
4.505841815526457489e-02
4.233864054225551510e-02
3.972845975405178698e-02
3.723164683734466601e-02
3.485026261399619407e-02
3.258494902957422695e-02
3.043518053858404460e-02
2.839948049399037416e-02
2.647560692507044608e-02
2.466071157016324136e-02
2.295147557219247986e-02
2.134422483843742904e-02
1.983502770610938784e-02
1.841977723669583830e-02
1.709426018015323609e-02
1.585421440076088470e-02
1.469537633613820712e-02
1.361351986632132645e-02
1.260448779799606261e-02
1.166421701741371213e-02
1.078875823187989101e-02
9.974291101964677733e-03
9.217135462918224151e-03
8.513759242578662970e-03
7.860783602892515085e-03
7.254985761760280975e-03
6.693299890138409806e-03
6.172816425170384383e-03
5.690780092692476408e-03
5.244586890972713009e-03
4.831780251294679439e-03
4.450046559368236662e-03
4.097210193987306688e-03
3.771228215372538547e-03
3.470184814802082865e-03
3.192285619065328081e-03
2.935851927634108589e-03
2.699314946935313549e-03
2.481210074464328553e-03
2.280171275467225527e-03
2.094925586336194093e-03
1.924287771525758214e-03
1.767155154547708903e-03
1.622502638299737777e-03
1.489377925502851068e-03
1.366896946257349426e-03
1.254239496580804780e-03
1.150645089180520443e-03
1.055409015563966340e-03
9.678786168392976633e-04
8.874497591481930996e-04
8.135635085556577667e-04
7.457029993532810061e-04
6.833904890764486931e-04
6.261845930595096033e-04
5.736776910278382257e-04
5.254934980274774715e-04
4.812847919004755956e-04
4.407312895087813474e-04
4.035376639759131871e-04
3.694316953399013606e-04
3.381625471816776594e-04
3.094991620001525767e-04
2.832287683401989251e-04
2.591554929355118614e-04
2.370990713986895063e-04
2.168936512708400852e-04
1.983866815282585728e-04
1.814378829306952763e-04
1.659182938815692056e-04
1.517093867527381052e-04
1.387022499032618901e-04
1.267968308914237628e-04
1.159012366409680654e-04
