0.000000000000000000e+00
2.179500561019565366e-02
3.944187320481738063e-02
5.353272406972299502e-02
6.458454910357282197e-02
7.304814581986683597e-02
7.931603478715511246e-02
8.372946881326973068e-02
8.658463585659585682e-02
8.813814564382423111e-02
8.861188014981695449e-02
8.819727932627950684e-02
8.705912564005860443e-02
8.533888399900374511e-02
8.315764741386179326e-02
8.061873318846793368e-02
7.780996947582211054e-02
7.480570762033218746e-02
7.166859176915396645e-02
6.845111372682306794e-02
6.519697790133097137e-02
6.194229840538721665e-02
5.871664789712176952e-02
5.554397553709267132e-02
5.244340947384567436e-02
4.942995752220532418e-02
4.651511814354019475e-02
4.370741245450923684e-02
4.101284676156979891e-02
3.843531402611625319e-02
3.597694169461276847e-02
3.363839246617646161e-02
3.141912380487781736e-02
2.931761132495022334e-02
2.733154057468157802e-02
2.545797121055583256e-02
2.369347707969579261e-02
2.203426530911629933e-02
2.047627712874497408e-02
1.901527282627190826e-02
1.764690294089561046e-02
1.636676754570543652e-02
1.517046524100818840e-02
1.405363328000855741e-02
1.301198007090036135e-02
1.204131114295450312e-02
1.113754952623321332e-02
1.029675137301154335e-02
9.515117541971726198e-03
8.789001772090248785e-03
8.114915990379199112e-03
7.489533224959701516e-03
6.909688531166426582e-03
6.372378282472795745e-03
5.874758129066034659e-03
5.414139884073022359e-03
4.987987560019052982e-03
4.593912745449611236e-03
4.229669483192219012e-03
3.893148786977780607e-03
3.582372911632681570e-03
3.295489473400404785e-03
3.030765500805427011e-03
2.786581482524811554e-03
2.561425466711942083e-03
2.353887255881674176e-03
2.162652732605257425e-03
1.986498343689241299e-03
1.824285764060907785e-03
1.674956756108403983e-03
1.537528235599000840e-03
1.411087551411880671e-03
1.294787983073791360e-03
1.187844457390538821e-03
1.089529483248835367e-03
9.991693018549965659e-04
9.161402482215502685e-04
8.398653185590794750e-04
7.698109373344127820e-04
7.054839170790698239e-04
6.464286035399704946e-04
5.922241984288442382e-04
5.424822518221133474e-04
4.968443161674575325e-04
4.549797538478502412e-04
4.165836903223530383e-04
3.813751049912541755e-04
3.490950521093333998e-04
3.195050042847925572e-04
2.923853113439679545e-04
2.675337676059602143e-04
2.447642808904318618e-04
2.239056368708355470e-04
2.048003526797942950e-04
1.873036139696136401e-04
1.712822899259743730e-04
1.566140210242409302e-04
1.431863746035933241e-04
1.308960636127424896e-04
1.196482241511432747e-04
