0.000000000000000000e+00
2.294735345374149596e-02
4.152724809968402764e-02
5.636311192298521650e-02
6.799927021982099529e-02
7.691035511754042153e-02
8.350964057374084260e-02
8.815642215083044353e-02
9.116254788828055677e-02
9.279819500941272059e-02
9.329697685634941173e-02
9.286045521418587190e-02
9.166212494579760450e-02
8.985093050661543956e-02
8.755436734986775382e-02
8.488121538281385992e-02
8.192394641785541443e-02
7.876084291155162342e-02
7.545786113903737991e-02
7.207026825709381135e-02
6.864407941779762656e-02
6.521731816304811302e-02
6.182112071968606098e-02
5.848070249082145539e-02
5.521620297049460724e-02
5.204342346830399119e-02
4.897447039348473696e-02
4.601831539207770078e-02
4.318128233661101129e-02
4.046747001754592149e-02
3.787911836392124365e-02
3.541692511315195496e-02
3.308031904429146325e-02
3.086769517408754007e-02
2.877661668089218777e-02
2.680398775903575573e-02
2.494620110772347715e-02
2.319926331678825657e-02
2.155890102043684850e-02
2.002065034384133482e-02
1.857993186104835159e-02
1.723211301174592050e-02
1.597255968497039019e-02
1.479667846631610786e-02
1.369995085848066743e-02
1.267796062023461394e-02
1.172641522365409222e-02
1.084116230147980260e-02
1.001820184379209611e-02
9.253694804068681237e-03
8.543968687557430136e-03
7.885520618370139845e-03
7.275018314552134623e-03
6.709299341517200969e-03
6.185368962688200106e-03
5.700396861091119351e-03
5.251712966253065801e-03
4.836802586376295031e-03
4.453301015802980239e-03
4.098987761718777580e-03
3.771780511397915085e-03
3.469728941653832648e-03
3.191008455159725834e-03
2.933913913618570787e-03
2.696853425105681917e-03
2.478342232025216880e-03
2.276996736792637633e-03
2.091528694380540530e-03
1.920739594072474890e-03
1.763515247005563577e-03
1.618820591213468787e-03
1.485694721788711993e-03
1.363246150363556708e-03
1.250648295270788760e-03
1.147135201409976019e-03
1.051997486941179264e-03
9.645785123956964087e-04
8.842707665786824107e-04
8.105124626948987743e-04
7.427843374158297823e-04
6.806066450884968840e-04
6.235363389329922961e-04
5.711644308602628140e-04
5.231135214410614085e-04
4.790354915512772720e-04
4.386093472909736632e-04
4.015392099095458191e-04
3.675524426549237229e-04
3.363979066898027713e-04
3.078443384732881230e-04
2.816788412843172166e-04
2.577054838570965877e-04
2.357439994030830865e-04
2.156285786040669646e-04
1.972067504728342491e-04
1.803383452885597008e-04
1.648945341208699121e-04
1.507569397574013369e-04
1.378168141429566879e-04
1.259742777228001307e-04
