0.000000000000000000e+00
2.347769283050816710e-02
4.248698992439674249e-02
5.766572739496646921e-02
6.957081051363595003e-02
7.868784069478416965e-02
8.543964312611210254e-02
9.019381709816925996e-02
9.326941781247435892e-02
9.494286659455099253e-02
9.545317585594008392e-02
9.500656570330334727e-02
9.378054066266262867e-02
9.192748746482164168e-02
8.957784812760241633e-02
8.684291658535402136e-02
8.381730177899086864e-02
8.058109536147062268e-02
7.720177793228738539e-02
7.373589393492734068e-02
7.023052198384530098e-02
6.672456438813928470e-02
6.324987696818275273e-02
5.983225788366361431e-02
5.649231207518178033e-02
5.324620603853036371e-02
5.010632597579911529e-02
4.708185087794905521e-02
4.417925076937814777e-02
4.140271916824612985e-02
3.875454777089355068e-02
3.623545044023879225e-02
3.384484275377099005e-02
3.158108263525379045e-02
2.944167694532583840e-02
2.742345833073563804e-02
2.552273612187383467e-02
2.373542461633303471e-02
2.205715168598750692e-02
2.048335029079687702e-02
1.900933516907771237e-02
1.763036669679264243e-02
1.634170366341529748e-02
1.513864649552094932e-02
1.401657226820737442e-02
1.297096267589917945e-02
1.199742598548144031e-02
1.109171386377578832e-02
1.024973385609450477e-02
9.467558191193988643e-03
8.741429498801193271e-03
8.067763947591413687e-03
7.443152242792849815e-03
6.864358862367571541e-03
6.328319857978006134e-03
5.832139500813298023e-03
5.373086012042186700e-03
4.948586582486051190e-03
4.556221855456071487e-03
4.193720020029363324e-03
3.858950638870253021e-03
3.549918314610300916e-03
3.264756281408101417e-03
3.001719993285759547e-03
2.759180767889884891e-03
2.535619533191834675e-03
2.329620715096918440e-03
2.139866295773372624e-03
1.965130065562134976e-03
1.804272085431432755e-03
1.656233371958397253e-03
1.520030812632795379e-03
1.394752315779137402e-03
1.279552196489953855e-03
1.173646797573309674e-03
1.076310342570006677e-03
9.868710163281292289e-04
9.047072673797741747e-04
8.292443253994036343e-04
7.599509262937697825e-04
6.963362369434843461e-04
6.379469712548288627e-04
5.843646889599320507e-04
5.352032685005000913e-04
4.901065453244520713e-04
4.487461069985906274e-04
4.108192366786496993e-04
3.760469966678570749e-04
3.441724440254097673e-04
3.149589704475671973e-04
2.881887589284682868e-04
2.636613500084431763e-04
2.411923107289161124e-04
2.206119997301889655e-04
2.017644222475238397e-04
1.845061690787961283e-04
1.687054339108687480e-04
1.542411036996774285e-04
1.410019170990724116e-04
1.288856862244741326e-04
