0.000000000000000000e+00
1.410936650262533017e-02
2.553336551271712454e-02
3.465531678644306890e-02
4.180990314968452415e-02
4.728895601786758940e-02
5.134658023778804203e-02
5.420369160189241614e-02
5.605203240808429022e-02
5.705772331477379500e-02
5.736440338127787864e-02
5.709600450695761359e-02
5.635920141626731689e-02
5.524557381640257669e-02
5.383351332148322843e-02
5.218990414030213326e-02
5.037160331717889517e-02
4.842674345583820872e-02
4.639587830732165574e-02
4.431298933150237124e-02
4.220636931807540682e-02
4.009939735036146397e-02
3.801121779012282820e-02
3.595733453259987444e-02
3.395013050914739289e-02
3.199932128320915475e-02
3.011235057875418300e-02
2.829473468516100973e-02
2.655036188677558154e-02
2.488175235817716158e-02
2.329028333791362954e-02
2.177638383549715395e-02
2.033970263109290827e-02
1.897925288772285557e-02
1.769353630582045506e-02
1.648064940414539423e-02
1.533837420452858688e-02
1.426425532631987389e-02
1.325566525588033409e-02
1.230985934354499392e-02
1.142402189210162643e-02
1.059530453424639695e-02
9.820857949244700749e-03
9.097857838970900557e-03
8.423525968688283516e-03
7.795146976636462867e-03
7.210081567185007423e-03
6.665776623625574784e-03
6.159772707396580539e-03
5.689709349587618661e-03
5.253328486995837571e-03
4.848476347953426489e-03
4.473104051857081445e-03
4.125267150136405214e-03
3.803124304702854702e-03
3.504935272195231020e-03
3.229058338114045804e-03
2.973947323799218129e-03
2.738148270786022222e-03
2.520295891046922532e-03
2.319109857703256696e-03
2.133390998715721434e-03
1.962017445610223995e-03
1.803940780266615612e-03
1.658182215015841735e-03
1.523828834600396680e-03
1.400029922816699475e-03
1.285993391754766896e-03
1.180982327373953159e-03
1.084311661609604471e-03
9.953449782115668734e-04
9.134914569991552059e-04
8.382029591145017094e-04
7.689712541113118745e-04
7.053253882798979531e-04
6.468291924389125936e-04
5.930789264819995472e-04
5.437010572206891828e-04
4.983501654846908893e-04
4.567069780023322507e-04
4.184765192654544565e-04
3.833863783658397360e-04
3.511850856577491834e-04
3.216405940392866097e-04
2.945388596417961198e-04
2.696825167608427596e-04
2.468896419453830548e-04
2.259926022757952633e-04
2.068369829998197636e-04
1.892805898524944615e-04
1.731925215570889038e-04
1.584523081847298044e-04
1.449491112375078769e-04
1.325809815104793453e-04
1.212541709797618444e-04
1.108824951549442682e-04
1.013867425226621657e-04
9.269412789319148385e-05
8.473778664223817719e-05
7.745630701499018418e-05
