0.000000000000000000e+00
2.304736782531342787e-02
4.170824159116330587e-02
5.660876644825234977e-02
6.829564009498308164e-02
7.724556330832205164e-02
8.387361127036246922e-02
8.854064550709760117e-02
9.155987322500500070e-02
9.320264919518998770e-02
9.370360494654113304e-02
9.326518075653883466e-02
9.206162765280398452e-02
9.024253925434697066e-02
8.793596669405912003e-02
8.525116398851635691e-02
8.228100598179126368e-02
7.910411631883818018e-02
7.578673874042163305e-02
7.238438128120720794e-02
6.894325964696630671e-02
6.550156310244092950e-02
6.209056357945270249e-02
5.873558638061272819e-02
5.545685877648176554e-02
5.227025094551730755e-02
4.918792206185889498e-02
4.621888287381435007e-02
4.336948481605040762e-02
4.064384454330854241e-02
3.804421174719541804e-02
3.557128720616380135e-02
3.322449720964214259e-02
3.100222977917539008e-02
2.890203747240558188e-02
2.692081099081914536e-02
2.505492731146307522e-02
2.330037561918241878e-02
2.165286392302982754e-02
2.010790889270350212e-02
1.866091114315502481e-02
1.730721792339512399e-02
1.604217492502444872e-02
1.486116871357463266e-02
1.375966109820131282e-02
1.273321658980873169e-02
1.177752395180217855e-02
1.088841271913156168e-02
1.006186544812483381e-02
9.294026360054562924e-03
8.581206953867265633e-03
7.919889086644864296e-03
7.306725952924071274e-03
6.738541334877459765e-03
6.212327443586264202e-03
5.725241626345724255e-03
5.274602175374927884e-03
4.857883438774769462e-03
4.472710404489743316e-03
4.116852901849022382e-03
3.788219542518221541e-03
3.484851502968975678e-03
3.204916233499693467e-03
2.946701164092061474e-03
2.708607464676183411e-03
2.489143906448189163e-03
2.286920861514067562e-03
2.100644470124127597e-03
1.929110997940103323e-03
1.771201399987968987e-03
1.625876103059063511e-03
1.492170014211734782e-03
1.369187759591013794e-03
1.256099154933589066e-03
1.152134906779413897e-03
1.056582541499378027e-03
9.687825577093976074e-04
8.881247964212557770e-04
8.140450223328134444e-04
7.460217089440923741e-04
6.835730196655665208e-04
6.262539767301509783e-04
5.736538095039432931e-04
5.253934736897238143e-04
4.811233329114905513e-04
4.405209942407325129e-04
4.032892893608232602e-04
3.691543932522318408e-04
3.378640725072909186e-04
3.091860556397774845e-04
2.829065180337494469e-04
2.588286744712371711e-04
2.367714724840064690e-04
2.165683800859898804e-04
1.980662617562614929e-04
1.811243368544592934e-04
1.656132149586837484e-04
1.514140029180982420e-04
1.384174787070137260e-04
1.265233274529170440e-04
