0.000000000000000000e+00
2.245480667572981315e-02
4.063589858992798509e-02
5.515332233952230379e-02
6.653971970906448485e-02
7.525953522298294007e-02
8.171717224050030481e-02
8.626421432917641408e-02
8.920581595715726397e-02
9.080635520752335099e-02
9.129443109692403358e-02
9.086727904628282004e-02
8.969466998857264506e-02
8.792235140438484087e-02
8.567508215796265647e-02
8.305930728196032897e-02
8.016551375452198036e-02
7.707030376124086868e-02
7.383821787801349290e-02
7.052333699584714677e-02
6.717068858800231967e-02
6.381748005114878941e-02
6.049417929766390950e-02
5.722546050198908801e-02
5.403103087986635411e-02
5.092635257829113138e-02
4.792327215200707646e-02
4.503056867777424643e-02
4.225443029120257848e-02
3.959886780546047202e-02
3.706607307128290812e-02
3.465672884970355527e-02
3.237027618058128942e-02
3.020514453035896482e-02
2.815894938183641574e-02
2.622866137836221342e-02
2.441075064699780792e-02
2.270130949296437703e-02
2.109615627488286779e-02
1.959092293146517255e-02
1.818112833051120300e-02
1.686223934594919052e-02
1.562972133433920829e-02
1.447907947527992886e-02
1.340589225743694587e-02
1.240583823070313604e-02
1.147471700286879955e-02
1.060846533395107087e-02
9.803169071077037083e-03
9.055071569819229602e-03
8.360579162618425597e-03
7.716264160044674150e-03
7.118865804937811979e-03
6.565289541866801623e-03
6.052604913904665977e-03
5.578042354590913993e-03
5.138989104401870019e-03
4.732984447408736771e-03
4.357714434488861067e-03
4.011006233948536011e-03
3.690822228256405383e-03
3.395253956369338744e-03
3.122515984497899189e-03
2.870939773788913889e-03
2.638967601017806579e-03
2.425146577735276705e-03
2.228122804183756828e-03
2.046635686495653066e-03
1.879512439038367360e-03
1.725662788131033078e-03
1.584073888593121255e-03
1.453805460580392690e-03
1.333985150817270553e-03
1.223804119557750630e-03
1.122512852321343266e-03
1.029417193587795669e-03
9.438745981348412809e-04
8.652905945145598736e-04
7.931154542405928921e-04
7.268410595607507430e-04
6.659979621827555492e-04
6.101526249751384632e-04
5.589048384544453461e-04
5.118853037714490850e-04
4.687533739034858396e-04
4.291949448305996473e-04
3.929204886053661266e-04
3.596632204077940416e-04
3.291773918969336291e-04
3.012367034207399236e-04
2.756328279177504086e-04
2.521740396317033841e-04
2.306839410579825437e-04
2.110002818441477712e-04
1.929738636720380320e-04
1.764675254529348011e-04
1.613552034674812152e-04
1.475210613764762341e-04
1.348586853156482669e-04
1.232703395658447118e-04
