0.000000000000000000e+00
2.361337506021858254e-02
4.273253064120581535e-02
5.799898903729679839e-02
6.997287398560474159e-02
7.914259328711269192e-02
8.593341571989734917e-02
9.071506500350308422e-02
9.380844022255309389e-02
9.549156019607506207e-02
9.600481863560218765e-02
9.555562743457374220e-02
9.432251695276996917e-02
9.245875459404719054e-02
9.009553622644407567e-02
8.734479897396527082e-02
8.430169854130417639e-02
8.104678944691945386e-02
7.764794227403434834e-02
7.416202824765594226e-02
7.063639805886201550e-02
6.711017884088800456e-02
6.361541051519299661e-02
6.017804033413144682e-02
5.681879231832973748e-02
5.355392639295718932e-02
5.039590034241486077e-02
4.735394620486773481e-02
4.443457139626425662e-02
4.164199366993490137e-02
3.897851796638655830e-02
3.644486227409259038e-02
3.404043879304886888e-02
3.176359595713574430e-02
2.961182621864645592e-02
2.758194391956870356e-02
2.567023706118361573e-02
2.387259632900161355e-02
2.218462432750391289e-02
2.060172762282259235e-02
1.911919387622041527e-02
1.773225607243540669e-02
1.643614560054797169e-02
1.522613572736918920e-02
1.409757681119961671e-02
1.304592443428242467e-02
1.206676148280852456e-02
1.115581507164198176e-02
1.030896909499012977e-02
9.522273082242613262e-03
8.791947948540537391e-03
8.114389150889246907e-03
7.486167691528250630e-03
6.904029349697920689e-03
6.364892469897325510e-03
5.865844588326167564e-03
5.404138138663095066e-03
4.977185442956457394e-03
4.582553162576688717e-03
4.217956357356316549e-03
3.881252277741001604e-03
3.570433994566309110e-03
3.283623953581873024e-03
3.019067526733599290e-03
2.775126619190695833e-03
2.550273379906861648e-03
2.343084053904775227e-03
2.152233006266978613e-03
1.976486940826299634e-03
1.814699330617871318e-03
1.665805072144205343e-03
1.528815371293455391e-03
1.402812865231968130e-03
1.286946981671955063e-03
1.180429534511596426e-03
1.082530552886009929e-03
9.925743390906617732e-04
9.099357495888009233e-04
8.340366923435139218e-04
7.643428329812977564e-04
7.003605017611022002e-04
6.416337929592335005e-04
5.877418480587633196e-04
5.382963140285550695e-04
4.929389679711475205e-04
4.513394994929467155e-04
4.131934422891796318e-04
3.782202466269629052e-04
3.461614846414267027e-04
3.167791806226526825e-04
2.898542587572283517e-04
2.651851010906243998e-04
2.425862087897248057e-04
2.218869601038662791e-04
2.029304587437167164e-04
1.855724667170123999e-04
1.696804159758672653e-04
1.551324935399846152e-04
1.418167950618927180e-04
1.296305420930188204e-04
