0.000000000000000000e+00
2.362941631870925374e-02
4.276156010303530652e-02
5.803838945222995760e-02
7.002040861189495757e-02
7.919635717276236886e-02
8.599179281046714918e-02
9.077669040872399231e-02
9.387216704831939651e-02
9.555643041462182075e-02
9.607003752566581345e-02
9.562054117587533153e-02
9.438659300594201551e-02
9.252156453876650422e-02
9.015674076758985189e-02
8.740413485858930520e-02
8.435896715852025940e-02
8.110184690888927461e-02
7.770069079939805057e-02
7.421240868934542156e-02
7.068438343652287681e-02
6.715576875437545556e-02
6.365862633002090931e-02
6.021892104254352590e-02
5.685739099100493854e-02
5.359030714641869336e-02
5.043013575612430299e-02
4.738611512988114005e-02
4.446475710431623679e-02
4.167028229800364553e-02
3.900499721726397723e-02
3.646962033832121947e-02
3.406356346186146383e-02
3.178517389980773517e-02
2.963194240100254506e-02
2.760068114332264386e-02
2.568767560637950920e-02
2.388881368410567321e-02
2.219969499370255672e-02
2.061572298084783650e-02
1.913218210557431076e-02
1.774430211424668155e-02
1.644731115648804046e-02
1.523647928810093095e-02
1.410715370874788578e-02
1.305478691351575661e-02
1.207495878792045306e-02
1.116339354412979740e-02
1.031597228015969370e-02
9.528741841729195319e-03
8.797920576736183856e-03
8.119901493514193602e-03
7.491253264883947910e-03
6.908719459398175548e-03
6.369216328096951110e-03
5.869829428657864431e-03
5.407809328257150161e-03
4.980566591057601807e-03
4.585666225391329259e-03
4.220821738863965271e-03
3.883888926288529223e-03
3.572859495134722563e-03
3.285854615674489634e-03
3.021118467883418795e-03
2.777011844124838407e-03
2.552005855438404126e-03
2.344675779648266144e-03
2.153695081294273138e-03
1.977829626394981416e-03
1.815932109116118838e-03
1.666936702404140215e-03
1.529853940430348684e-03
1.403765837169602482e-03
1.287821242515402483e-03
1.181231434927984721e-03
1.083265947651841036e-03
9.932486239611624298e-04
9.105538956408512326e-04
8.346032779391125396e-04
7.648620734934260222e-04
7.008362771984021815e-04
6.420696736202132068e-04
5.881411183403919890e-04
5.386619945081936364e-04
4.932738358748328016e-04
4.516461076571736950e-04
4.134741367175494915e-04
3.784771827374120096e-04
3.463966422942606465e-04
3.169943780142950177e-04
2.900511652594750414e-04
2.653652491102793790e-04
2.427510047187922859e-04
2.220376944259891665e-04
2.030683153582852360e-04
1.856985315383167623e-04
1.697956848608332019e-04
1.552378795944063625e-04
1.419131353716580511e-04
1.297186039235998976e-04
