0.000000000000000000e+00
2.266251407562323850e-02
4.101178144478104248e-02
5.566349164732613958e-02
6.715521341471038241e-02
7.595568739227545607e-02
8.247305767820763134e-02
8.706215999492683544e-02
9.003097149536366806e-02
9.164631576502568766e-02
9.213890636592678152e-02
9.170780315048245035e-02
9.052434743610826562e-02
8.873563487043487075e-02
8.646757833963408801e-02
8.382760749498918695e-02
8.090704632095771509e-02
7.778320557484436071e-02
7.452122283413199766e-02
7.117567923912496153e-02
6.779201876808998994e-02
6.440779298684204401e-02
6.105375163654248871e-02
5.775479712822773753e-02
5.453081896976998827e-02
5.139742233332605936e-02
4.836656335450213035e-02
4.544710231668960820e-02
4.264528459587355741e-02
3.996515810532243890e-02
3.740893497043330795e-02
3.497730426779271928e-02
3.266970186686732336e-02
3.048454270663393528e-02
2.841942021306176347e-02
2.647127700789123766e-02
2.463655056679025374e-02
2.291129704872703690e-02
2.129129613205818158e-02
1.977213935084344565e-02
1.834930412232244068e-02
1.701821538891878927e-02
1.577429656165226651e-02
1.461301124294512102e-02
1.352989702239683345e-02
1.252059247640247182e-02
1.158085835904243410e-02
1.070659384528473146e-02
9.893848576266002157e-03
9.138831158524523407e-03
8.437914683006029690e-03
7.787639754086461523e-03
7.184715452538297138e-03
6.626018598232383781e-03
6.108591627457987498e-03
5.629639355210818742e-03
5.186524853890626258e-03
4.776764645898258672e-03
4.398023378036525731e-03
4.048108119876159261e-03
3.724962405883879089e-03
3.426660121714666333e-03
3.151399318281694877e-03
2.897496022714843734e-03
2.663378102819313926e-03
2.447579230899299321e-03
2.248732983598058718e-03
2.065567106530124923e-03
1.896897965772915452e-03
1.741625202592741312e-03
1.598726602971391533e-03
1.467253189457720089e-03
1.346324539491329953e-03
1.235124331542783883e-03
1.132896118108023134e-03
1.038939322714688097e-03
9.526054565846687593e-04
8.732945493975521282e-04
8.004517876677543550e-04
7.335643535439636620e-04
6.721584563280386809e-04
6.157965486615851834e-04
5.640747191156180937e-04
5.166202528193489761e-04
4.730893517585077349e-04
4.331650064448249837e-04
3.965550107917132131e-04
3.629901122143907124e-04
3.322222891949589601e-04
3.040231488051758631e-04
2.781824369541954561e-04
2.545066544187697091e-04
2.328177720139225880e-04
2.129520385682881337e-04
1.947588756763511003e-04
1.780998535066460322e-04
1.628477422479521826e-04
1.488856340726706930e-04
1.361061307862091341e-04
1.244105926121056378e-04
