0.000000000000000000e+00
1.623445552475318021e-02
2.937908564047457191e-02
3.987494399277652368e-02
4.810712182233654183e-02
5.441140487358044758e-02
5.908017011702371840e-02
6.236760668344848435e-02
6.449433622918146480e-02
6.565149975550006733e-02
6.600437058772788690e-02
6.569554668785716756e-02
6.484776964527437515e-02
6.356641248882247131e-02
6.194167382328680943e-02
6.005051165473760527e-02
5.795834657857180244e-02
5.572056071377496506e-02
5.338381583410736764e-02
5.098721153336537720e-02
4.856330193337224377e-02
4.613898736932792177e-02
4.373629564024959088e-02
4.137306576801632468e-02
3.906354574514486755e-02
3.681891444934008717e-02
3.464773674463687836e-02
3.255635975899175832e-02
3.054925741256761529e-02
2.862932945725013209e-02
2.679816056503350752e-02
2.505624436090391968e-02
2.340317672588219586e-02
2.183782219006420375e-02
2.035845678677353568e-02
1.896289034102732404e-02
1.764857081280775050e-02
1.641267300312703251e-02
1.525217365411574329e-02
1.416391472937949571e-02
1.314465644411614426e-02
1.219112142281037967e-02
1.130003119291468454e-02
1.046813607328279591e-02
9.692239384016854836e-03
8.969216787838895158e-03
8.296031470337656560e-03
7.669745775903771302e-03
7.087529836453759086e-03
6.546667659916932669e-03
6.044561083815057703e-03
5.578731945124652120e-03
5.146822770104874517e-03
4.746596246128653544e-03
4.375933701085593479e-03
4.032832784023622150e-03
3.715404512824280279e-03
3.421869830384915469e-03
3.150555789587310661e-03
2.899891468890986295e-03
2.668403704368637382e-03
2.454712710107481450e-03
2.257527646873604219e-03
2.075642188547421104e-03
1.907930126884325268e-03
1.753341047456206340e-03
1.610896103029303304e-03
1.479683904992091332e-03
1.358856548641251437e-03
1.247625784056067286e-03
1.145259340846764258e-03
1.051077412166970130e-03
9.644493009610947314e-04
8.847902294097257985e-04
8.115583108836715463e-04
7.442516823705469216e-04
6.824057942536853596e-04
6.255908534637738072e-04
5.734094153560481515e-04
5.254941191614588515e-04
4.815055614938080651e-04
4.411303021449125236e-04
4.040789962473881228e-04
3.700846468134764392e-04
3.389009716542929385e-04
3.103008787349002275e-04
2.840750441161739369e-04
2.600305867656755600e-04
2.379898346789631545e-04
2.177891769334647579e-04
1.992779964936941301e-04
1.823176787944969662e-04
1.667806913442902185e-04
1.525497298095918617e-04
1.395169262628115250e-04
1.275831154950617173e-04
1.166571555127933756e-04
1.066552985499238926e-04
9.750060913461056154e-05
8.912242595105242932e-05
