0.000000000000000000e+00
2.266640481287617720e-02
4.101882241408146001e-02
5.567304804604952112e-02
6.716674273090583736e-02
7.596872758814797455e-02
8.248721678680438762e-02
8.707710696806862660e-02
9.004642815888945495e-02
9.166204975348132833e-02
9.215472492313744879e-02
9.172354769519236450e-02
9.053988880321750532e-02
8.875086914846340436e-02
8.648242323403083909e-02
8.384199915490023192e-02
8.092093657417921693e-02
7.779655952200896507e-02
7.453401675879753330e-02
7.118789879542815335e-02
6.780365741206359487e-02
6.441885062143268281e-02
6.106423344386233132e-02
5.776471256567536350e-02
5.454018090940700170e-02
5.140624632633539193e-02
4.837486700471552159e-02
4.545490474908663731e-02
4.265260600765010540e-02
3.997201938862671167e-02
3.741535739719481501e-02
3.498330922824273437e-02
3.267531065438629423e-02
3.048977634247644272e-02
2.842429930531785096e-02
2.647582163975528355e-02
2.464078020983666295e-02
2.291523049744518051e-02
2.129495145638574463e-02
1.977553386386551870e-02
1.835245436067975758e-02
1.702113710379875647e-02
1.577700471852605882e-02
1.461552002846780614e-02
1.353221985710960362e-02
1.252274203207022485e-02
1.158284657962944421e-02
1.070843197071895923e-02
9.895547168271380534e-03
9.140400127912392397e-03
8.439363317914087489e-03
7.788976748737742352e-03
7.185948936165475164e-03
6.627156163875489066e-03
6.109640360397706853e-03
5.630605860845932197e-03
5.187415284907899264e-03
4.777584728616984973e-03
4.398778437838766868e-03
4.048803105658115194e-03
3.725601913484404264e-03
3.427248416294174406e-03
3.151940355639051405e-03
2.897993469541713853e-03
2.663835355901152981e-03
2.447999435280040492e-03
2.249119049731851394e-03
2.065921726448418424e-03
1.897223628298962952e-03
1.741924207638420510e-03
1.599001074953215360e-03
1.467505089870210474e-03
1.346555678676632402e-03
1.235336379695636984e-03
1.133090615555028616e-03
1.039117689506339820e-03
9.527690014378532119e-04
8.734444780252758516e-04
8.005892105317431772e-04
7.336902930645411176e-04
6.722738535843707534e-04
6.159022696139964791e-04
5.641715603802624057e-04
5.167089470240855079e-04
4.731705725073935141e-04
4.332393729172128740e-04
3.966230920005401890e-04
3.630524309468724183e-04
3.322793256575736019e-04
3.040753439935325029e-04
2.782301957671391235e-04
2.545503485348842563e-04
2.328577425474520168e-04
2.129885985204091792e-04
1.947923121966950379e-04
1.781304299789857157e-04
1.628757002130396653e-04
1.489111950003321500e-04
1.361294977079741423e-04
1.244319516248665965e-04
