1.198554869989082672e+00
-7.789738993124739608e-06
-7.789738993124739608e-06
9.220243071667882928e-03
9.220243071667882928e-03
-8.760715440470246973e-01
8.016725300395075582e-01
8.016725300395075582e-01
1.513741236625135156e-04
1.513741236625135156e-04
-1.306945734764475286e-03
-1.306945734764475286e-03
4.133336675853462733e-02
4.133336675853462733e-02
-7.868766274351668422e-01
-7.868766274351668422e-01
-1.924528251044110849e-02
-1.924528251044110849e-02
-7.208037338144593908e-01
-7.208037338144593908e-01
-6.484947931765694396e-01
-6.484947931765694396e-01
-6.485336278351094830e-01
-6.660438993443341948e-02
-6.660438993443341948e-02
6.163340732328441707e-01
6.163340732328441707e-01
6.731839622681168311e-01
6.305475285400856666e-01
6.305475285400856666e-01
6.112281817879380297e-01
6.112281817879380297e-01
5.802318703393792854e-01
5.802318703393792854e-01
3.250366810123864886e-03
3.250366810123864886e-03
1.286054552743905732e-01
1.286054552743905732e-01
1.848269676299744979e-03
1.848269676299744979e-03
-6.054298488767544395e-01
-6.054298488767544395e-01
-6.048196048381682122e-01
-6.048196048381682122e-01
-5.144022204191113223e-01
-5.144022204191113223e-01
-4.832273116028280024e-01
-1.515488054975658860e-01
-1.515488054975658860e-01
-2.572956460162102027e-02
-2.572956460162102027e-02
4.052670780587516730e-02
4.052670780587516730e-02
-5.258297858084973186e-03
-5.258297858084973186e-03
-7.208748368044831656e-05
-7.208748368044831656e-05
-1.520547768281949041e-03
-1.520547768281949041e-03
4.747513184542581643e-01
4.747513184542581643e-01
3.381934062770640681e-01
3.381934062770640681e-01
3.297213641908179615e-05
3.297213641908179615e-05
-4.414033286541713119e-01
-4.414033286541713119e-01
-4.377612312928196303e-01
-4.377612312928196303e-01
-4.095775922983643236e-01
-4.095775922983643236e-01
-2.251055738605814982e-01
-2.251055738605814982e-01
3.871048750836655339e-01
3.871048750836655339e-01
3.882649752191102421e-01
7.257016279149842986e-02
7.257016279149842986e-02
-7.635381110243429081e-03
-7.635381110243429081e-03
3.606014697656130252e-01
3.606014697656130252e-01
-7.941764209310550604e-02
-7.941764209310550604e-02
3.335535998233151722e-01
3.335535998233151722e-01
-2.705212418940589059e-01
-2.705212418940589059e-01
-1.102244717525700801e-03
-1.102244717525700801e-03
2.963175986226662673e-02
2.963175986226662673e-02
-3.341584872790919203e-01
-3.341584872790919203e-01
-3.258033932586560377e-01
-3.258033932586560377e-01
3.160401324506553200e-01
3.160401324506553200e-01
-3.742981294810321380e-06
-3.742981294810321380e-06
8.513602579634609036e-02
8.513602579634609036e-02
2.012692048044391058e-01
2.012692048044391058e-01
-2.469186626505833759e-01
-2.469186626505833759e-01
-1.490939218945471212e-01
-1.490939218945471212e-01
2.748717889893325106e-01
2.748717889893325106e-01
2.586431446751572549e-01
2.586431446751572549e-01
2.501313593098599686e-01
2.501313593098599686e-01
1.752834096042613088e-03
1.752834096042613088e-03
-7.944201368424613774e-02
-7.944201368424613774e-02
-2.663602827843417620e-01
-2.663602827843417620e-01
-2.577966943409942813e-01
7.063306122673251863e-04
7.063306122673251863e-04
-1.515055307225732784e-01
-1.515055307225732784e-01
-2.218431456393391565e-01
-2.218431456393391565e-01
2.316101067969344729e-01
1.168010074244706376e-01
1.168010074244706376e-01
1.082888698842612851e-02
1.082888698842612851e-02
2.575280611439018097e-02
2.575280611439018097e-02
-1.468679197626013289e-04
-1.468679197626013289e-04
2.039367224838471160e-01
2.039367224838471160e-01
-1.962718311628348644e-01
1.940236727439199893e-01
1.273264854462489715e-01
1.273264854462489715e-01
-6.506205197361947246e-03
-6.506205197361947246e-03
-1.725589384693027029e-01
-1.725589384693027029e-01
-1.612625452557890360e-01
-1.612625452557890360e-01
-7.954240915757507246e-02
-7.954240915757507246e-02
-4.397775772411383066e-02
-4.397775772411383066e-02
-4.626022482960567839e-08
-4.626022482960567839e-08
-1.648517374323638096e-02
-1.648517374323638096e-02
-4.751504650757451542e-03
-4.751504650757451542e-03
1.339810449181437491e-01
1.339810449181437491e-01
1.332004534516486038e-01
1.332004534516486038e-01
1.349933219743068569e-01
1.349933219743068569e-01
-1.172198198233593280e-01
-1.172198198233593280e-01
1.301177771805092642e-01
1.301177771805092642e-01
5.498653739450908712e-02
5.498653739450908712e-02
2.088210220494600075e-03
2.088210220494600075e-03
1.391528091502555048e-04
1.391528091502555048e-04
1.450182604453754791e-02
1.450182604453754791e-02
-1.198267203680813964e-02
-1.198267203680813964e-02
-5.987655825783115560e-02
-5.987655825783115560e-02
-7.276197680342413876e-02
-7.276197680342413876e-02
7.690230069842758642e-02
7.690230069842758642e-02
7.463395893788257740e-02
7.463395893788257740e-02
4.105335293258807750e-02
4.105335293258807750e-02
6.913513670462657912e-02
4.000753017562030944e-06
4.000753017562030944e-06
-4.488428770983467209e-04
-4.488428770983467209e-04
-3.676777112962139465e-02
-3.676777112962139465e-02
-7.378424800755399582e-02
-7.378424800755399582e-02
-7.399861703833404691e-02
-7.399861703833404691e-02
-6.594151601139548735e-02
3.605081751884181562e-02
3.605081751884181562e-02
1.288927399847042236e-02
1.288927399847042236e-02
5.348313942458696180e-02
1.167274290744083586e-03
1.167274290744083586e-03
4.656944761208265532e-02
4.656944761208265532e-02
-4.190446493089283742e-02
-4.190446493089283742e-02
-3.191615315272764569e-02
-2.577132036018513900e-02
-2.577132036018513900e-02
-2.601051303569105327e-02
-2.601051303569105327e-02
1.818846276397843853e-02
1.818846276397843853e-02
-3.024070644487911186e-05
-3.024070644487911186e-05
2.460458972540029848e-02
2.460458972540029848e-02
4.973938352926069242e-03
4.973938352926069242e-03
-5.909676307909268386e-03
-5.909676307909268386e-03
-1.948675012214759472e-02
-1.948675012214759472e-02
-4.613157546127719111e-07
-4.613157546127719111e-07
1.697234877787191440e-02
1.697234877787191440e-02
-1.152141911505310742e-02
-2.654154539305052588e-03
-2.654154539305052588e-03
1.172630591533166497e-04
1.172630591533166497e-04
2.684941435719265940e-03
2.684941435719265940e-03
8.849034699434512458e-03
6.848792483878816603e-03
6.848792483878816603e-03
-5.051665319505383410e-07
-5.051665319505383410e-07
-5.474759900589465031e-03
-5.474759900589465031e-03
-5.308822601951414429e-03
2.677797286083215158e-04
2.677797286083215158e-04
-1.078968280619893669e-03
-1.078968280619893669e-03
4.659338276389655802e-04
-5.798567727575157588e-05
-5.798567727575157588e-05
-5.404565603350659347e-05
-5.404565603350659347e-05
