3.437642266646973033e-04
3.437642266646973033e-04
-8.913348130733080854e-01
-8.913348130733080854e-01
-8.579884772039539920e-01
2.299294349759062328e-04
2.299294349759062328e-04
7.915902612414333905e-01
7.915902612414333905e-01
7.261448350437974542e-01
-5.401719246429306787e-04
-5.401719246429306787e-04
4.134644788600372323e-06
4.134644788600372323e-06
5.017555877048500423e-02
5.017555877048500423e-02
-1.015371586511884527e-02
-1.015371586511884527e-02
1.656095982309410686e-02
1.656095982309410686e-02
6.661410811907898522e-01
6.661410811907898522e-01
-2.829908571705957998e-02
-2.829908571705957998e-02
6.244664521414489133e-01
6.073402919001393840e-01
6.073402919001393840e-01
5.702659770616185231e-01
5.702659770616185231e-01
-6.335193027736467641e-01
-6.335193027736467641e-01
-6.613424990375571522e-01
-6.613424990375571522e-01
-6.074441988506862344e-01
-6.074441988506862344e-01
-5.795742115203371680e-01
-5.795742115203371680e-01
4.957764836916016549e-01
4.957764836916016549e-01
2.803243885784077460e-01
2.803243885784077460e-01
-1.264023186075202698e-01
-1.264023186075202698e-01
2.209521590447040273e-02
2.209521590447040273e-02
5.481904534948622842e-03
5.481904534948622842e-03
-5.963229701000383187e-05
-5.963229701000383187e-05
-2.098205407679017143e-02
-2.098205407679017143e-02
4.765551053040765206e-01
4.765551053040765206e-01
1.072027801281938003e-01
1.072027801281938003e-01
-2.934366167296008077e-01
-2.934366167296008077e-01
1.708252869566122545e-01
1.708252869566122545e-01
-5.021206268103455272e-01
-5.021206268103455272e-01
-4.689690031097163425e-01
-4.689690031097163425e-01
4.930877309556741528e-04
4.930877309556741528e-04
-2.750805143723893120e-02
-2.750805143723893120e-02
-4.520134528548314101e-01
-4.520134528548314101e-01
4.615127669016991785e-01
4.615127669016991785e-01
4.299249197160511793e-01
4.299249197160511793e-01
4.114890261305023111e-01
4.114890261305023111e-01
-3.100328502427491806e-01
-3.100328502427491806e-01
-3.471324519208278669e-01
-3.471324519208278669e-01
-8.858922840850445846e-02
-8.858922840850445846e-02
-5.127830626260043712e-04
-5.127830626260043712e-04
-3.627869391724720949e-02
-3.627869391724720949e-02
-4.156000931546904864e-01
-4.156000931546904864e-01
1.725353504298574037e-03
1.725353504298574037e-03
5.735518636857647040e-02
5.735518636857647040e-02
-1.634888168083881155e-05
-1.634888168083881155e-05
-3.656738443265007410e-01
-3.429566227747837814e-01
-3.429566227747837814e-01
-2.014399706141515034e-01
-2.014399706141515034e-01
-3.052483660466921433e-01
-3.052483660466921433e-01
2.845661323286540201e-01
2.845661323286540201e-01
2.312407612051944339e-01
2.312407612051944339e-01
2.990641549887440576e-01
2.990641549887440576e-01
3.353189427831433367e-01
3.353189427831433367e-01
3.240985578465744310e-01
3.240985578465744310e-01
-5.171600113946767108e-03
-5.171600113946767108e-03
2.587152788907431944e-01
2.587152788907431944e-01
2.229853385134329680e-02
2.229853385134329680e-02
1.578582265756524050e-01
1.578582265756524050e-01
2.345365088979183277e-01
2.345365088979183277e-01
1.781319210453158330e-03
1.781319210453158330e-03
4.321991274095769719e-02
4.321991274095769719e-02
-2.105435800419067638e-01
-2.105435800419067638e-01
-2.314255379332092466e-01
-2.314255379332092466e-01
-2.232587185678348574e-01
-2.232587185678348574e-01
-2.522068373690296988e-02
-2.522068373690296988e-02
-1.015788576538677879e-01
-1.015788576538677879e-01
-8.953831227631291190e-04
-8.953831227631291190e-04
1.932458991678846216e-01
8.221022287375570614e-02
8.221022287375570614e-02
-5.897695715133036143e-02
-5.897695715133036143e-02
-1.760451857763879746e-01
-1.760451857763879746e-01
-1.800447590753502525e-01
-1.800447590753502525e-01
3.452846446673485392e-05
3.452846446673485392e-05
1.485921078533936346e-01
1.400241952944114576e-01
1.400241952944114576e-01
-1.142528583075745618e-01
-1.142528583075745618e-01
8.646686093820657448e-02
8.646686093820657448e-02
1.407205349285163276e-01
1.407205349285163276e-01
4.993337642410680677e-03
4.993337642410680677e-03
-2.304508752198516572e-02
-2.304508752198516572e-02
-1.358669271074076645e-01
-1.358669271074076645e-01
4.867291977733516697e-03
4.867291977733516697e-03
-3.138421134244225724e-04
-3.138421134244225724e-04
2.706664578037473040e-04
2.706664578037473040e-04
-4.947320427975816087e-03
-4.947320427975816087e-03
-8.631927499185651498e-02
-8.631927499185651498e-02
-1.098923349578006525e-01
-1.098923349578006525e-01
-3.162586831056481140e-02
-3.162586831056481140e-02
-4.847392622183109567e-04
-4.847392622183109567e-04
9.203138208150676847e-02
9.203138208150676847e-02
7.011276234546523489e-02
7.011276234546523489e-02
2.798893146071033955e-02
2.798893146071033955e-02
6.405368221781742102e-04
6.405368221781742102e-04
-1.029184299420461343e-02
-1.029184299420461343e-02
-7.774823562582908187e-02
-7.098156106158853840e-02
-7.098156106158853840e-02
4.782020064385418545e-02
4.782020064385418545e-02
6.870024232247798346e-02
6.870024232247798346e-02
5.580883120617874393e-02
5.580883120617874393e-02
-5.449404032325972508e-02
1.131481767532222307e-02
1.131481767532222307e-02
-3.449282948006059113e-02
-3.449282948006059113e-02
-3.104337794389115668e-06
-3.104337794389115668e-06
3.848482206620724988e-02
3.848482206620724988e-02
-2.319245421607886437e-02
-2.319245421607886437e-02
6.467621685043677821e-03
6.467621685043677821e-03
3.980763910985143927e-02
3.980763910985143927e-02
3.495606685596045621e-02
1.443453101429023784e-02
1.443453101429023784e-02
-3.481657350039172455e-02
-3.481657350039172455e-02
-3.477133507077888666e-03
-3.477133507077888666e-03
-2.448284947009427004e-02
-2.448284947009427004e-02
-1.462851474771230051e-02
-1.462851474771230051e-02
1.530979504663955611e-03
1.530979504663955611e-03
-4.652834185976777170e-04
-4.652834185976777170e-04
1.745046308828837253e-02
1.745046308828837253e-02
2.040223045622581097e-05
2.040223045622581097e-05
-1.509831692192145636e-02
-1.509831692192145636e-02
1.168203255065593422e-02
1.168203255065593422e-02
-4.826917980653173262e-06
-4.826917980653173262e-06
8.915567492210466072e-03
-8.752342756344781705e-03
-8.752342756344781705e-03
-7.822939786594719155e-04
-7.822939786594719155e-04
4.330784671234469765e-03
4.330784671234469765e-03
1.368688687305980424e-04
1.368688687305980424e-04
2.556519184366632357e-03
-3.276102188707162664e-03
-3.276102188707162664e-03
-3.221384046372809985e-03
9.858920873238173795e-04
-5.332537610487352335e-04
-8.919118549061103734e-05
-8.919118549061103734e-05
1.772580878195467355e-04
1.772580878195467355e-04
