-1.015437202169829689e+00
-1.015437202169829689e+00
-9.438218296843432498e-01
-9.438218296843432498e-01
7.269659010637752328e-05
7.269659010637752328e-05
-2.661041078994508258e-03
-2.661041078994508258e-03
-7.340357470918572602e-01
-7.340357470918572602e-01
-8.787125093193126624e-05
-8.787125093193126624e-05
8.275297479947814061e-01
8.275297479947814061e-01
8.186444125298293351e-01
8.131013020106787614e-01
8.131013020106787614e-01
8.016147916359126491e-01
8.016147916359126491e-01
7.234064351271394244e-01
7.234064351271394244e-01
2.685939507449097707e-02
2.685939507449097707e-02
5.389180205482332897e-03
5.389180205482332897e-03
6.220179033368465893e-01
6.220179033368465893e-01
2.008956739146519621e-01
2.008956739146519621e-01
-2.327944212010546465e-06
-2.327944212010546465e-06
-1.064652375052377309e-03
-1.064652375052377309e-03
-1.388026892545299665e-02
-1.388026892545299665e-02
-2.766720660992794123e-02
-2.766720660992794123e-02
-5.957952702832021163e-01
-5.957952702832021163e-01
-5.449728560542798084e-01
-5.449728560542798084e-01
-5.662894051658413641e-01
-5.662894051658413641e-01
-5.721867839622084562e-01
-5.721867839622084562e-01
4.964369721834119287e-01
4.964369721834119287e-01
-6.616746443327925498e-02
-6.616746443327925498e-02
4.810027541373949889e-02
4.810027541373949889e-02
-3.100198687555710264e-01
-3.100198687555710264e-01
-5.001166049603311681e-01
-5.001166049603311681e-01
4.846719616735488678e-01
4.846719616735488678e-01
4.292173314831704278e-01
4.292173314831704278e-01
-1.843500219449400734e-01
-1.843500219449400734e-01
1.640519273684867829e-02
1.640519273684867829e-02
8.774983467981088692e-02
8.774983467981088692e-02
4.271173903596833243e-01
4.271173903596833243e-01
3.979678863475014650e-01
3.979678863475014650e-01
6.558972975377608261e-05
6.558972975377608261e-05
1.472004145057659308e-03
1.472004145057659308e-03
1.023119459150159324e-02
1.023119459150159324e-02
-2.067080866952612783e-03
-2.067080866952612783e-03
-4.182939031465803814e-01
-3.511959365413563350e-01
-3.511959365413563350e-01
3.505154008303442703e-01
3.505154008303442703e-01
-3.787116993453837344e-01
-3.787116993453837344e-01
-1.708541101909527571e-02
-1.708541101909527571e-02
4.080342373639644360e-01
4.080342373639644360e-01
2.388479779903719957e-01
2.388479779903719957e-01
3.501143586312651101e-01
-3.512151620313557210e-01
-3.512151620313557210e-01
-2.973914823547592068e-01
-2.973914823547592068e-01
-1.209819156572258803e-01
-1.209819156572258803e-01
2.125366771554346168e-01
2.125366771554346168e-01
3.034442111285903243e-01
3.034442111285903243e-01
-1.101260980977457754e-01
-1.101260980977457754e-01
4.399527900761479593e-03
4.399527900761479593e-03
1.274768031868665774e-02
1.274768031868665774e-02
-2.823496527349929341e-03
-2.823496527349929341e-03
3.880652093903370903e-02
3.880652093903370903e-02
1.056446366620283905e-01
1.056446366620283905e-01
-1.565287250217615722e-01
-1.565287250217615722e-01
4.518597506880014936e-02
4.518597506880014936e-02
-5.311488786824414277e-06
-5.311488786824414277e-06
-4.732572702842068740e-02
-4.732572702842068740e-02
-2.730134944454685186e-01
-2.730134944454685186e-01
-2.659905871422979518e-01
-2.659905871422979518e-01
-2.475113626002113376e-01
-2.475113626002113376e-01
-2.010786967958371751e-01
-2.010786967958371751e-01
-2.366274874073123757e-01
-2.366274874073123757e-01
2.250355329007062144e-01
2.250355329007062144e-01
2.037862797687940153e-01
2.037862797687940153e-01
1.632834324814186333e-01
1.632834324814186333e-01
-1.253653249606929976e-02
-1.253653249606929976e-02
-2.021327189085501269e-02
-2.021327189085501269e-02
-8.456324196185080466e-02
-8.456324196185080466e-02
-1.451646026419634306e-01
-1.451646026419634306e-01
-2.440160846918634427e-05
-2.440160846918634427e-05
1.617841515871538405e-01
1.617841515871538405e-01
1.578052949118057269e-01
1.578052949118057269e-01
2.048248799371994722e-02
2.048248799371994722e-02
9.557697620784066928e-02
9.557697620784066928e-02
-1.006436223609993505e-02
-1.006436223609993505e-02
4.594116587412992725e-02
4.594116587412992725e-02
1.436817925457717360e-05
1.436817925457717360e-05
1.299855200555534718e-01
1.299855200555534718e-01
-1.579537227163918534e-03
-1.579537227163918534e-03
-8.846918169215828298e-02
-8.846918169215828298e-02
1.317353243451846283e-02
1.317353243451846283e-02
-1.144037827549274910e-01
-1.144037827549274910e-01
1.000992603827755983e-01
1.256452990017333871e-04
1.256452990017333871e-04
-9.232776686893055806e-02
-9.232776686893055806e-02
-1.029636149263540301e-01
-1.029636149263540301e-01
8.524022263428385204e-02
8.524022263428385204e-02
6.265782235890639262e-02
6.265782235890639262e-02
-2.935685252014677560e-02
-2.935685252014677560e-02
-7.624361921060845981e-02
-7.624361921060845981e-02
-9.681022974498269817e-02
-9.681022974498269817e-02
1.852821231669091184e-03
1.852821231669091184e-03
1.148588871235922682e-08
1.148588871235922682e-08
3.452317065745994645e-02
3.452317065745994645e-02
7.187038761752764793e-02
7.187038761752764793e-02
-6.604508157650412770e-02
-6.604508157650412770e-02
-1.045343717945323991e-02
-1.045343717945323991e-02
9.830043082881906313e-03
9.830043082881906313e-03
5.936100504693157809e-02
5.936100504693157809e-02
-5.051075417048346561e-02
6.233208271126181033e-04
6.233208271126181033e-04
-3.068232038915952309e-02
-3.068232038915952309e-02
-4.433627590966437992e-02
-4.433627590966437992e-02
-1.098956617500979061e-04
-1.098956617500979061e-04
3.758567679064096778e-02
3.758567679064096778e-02
3.976614221573501751e-02
3.976614221573501751e-02
-2.168705734449024453e-02
-2.168705734449024453e-02
1.111763600559713058e-04
1.111763600559713058e-04
-1.508332223102754055e-02
-1.508332223102754055e-02
9.066039524102266489e-03
9.066039524102266489e-03
1.307578549169320040e-03
1.307578549169320040e-03
-3.598836065784047702e-03
-3.598836065784047702e-03
1.268971322445675877e-02
1.268971322445675877e-02
4.276653856357103553e-09
4.276653856357103553e-09
-6.256930635257241732e-03
-6.256930635257241732e-03
9.821331515536289858e-03
9.821331515536289858e-03
-9.775916476179433504e-03
-5.655477214364063726e-03
-5.655477214364063726e-03
-5.710337415470120338e-03
-5.043644938261711286e-05
-5.043644938261711286e-05
3.139441873875862057e-03
3.139441873875862057e-03
6.255593943240805822e-05
6.255593943240805822e-05
-3.391930238793778619e-04
-3.391930238793778619e-04
3.019874057268425761e-03
-6.271818771996765960e-04
3.457721161136509706e-04
-1.811257708068183007e-04
-1.811257708068183007e-04
2.858260903954691902e-05
2.858260903954691902e-05
