1.004197566013244280e+00
1.004197566013244280e+00
9.501114735918231302e-01
-9.964414741868710124e-04
-9.964414741868710124e-04
1.004345062686606838e-02
1.004345062686606838e-02
-9.158382276581866765e-01
-9.158382276581866765e-01
-8.756721222421351980e-01
-7.804461875577268781e-01
-7.804461875577268781e-01
1.183441785745920072e-05
1.183441785745920072e-05
-6.692419813352085134e-03
-6.692419813352085134e-03
7.459709538289602815e-01
7.459709538289602815e-01
-4.152328930737803070e-03
-4.152328930737803070e-03
1.556644488809094673e-02
1.556644488809094673e-02
-6.392616986440171623e-01
-6.405502807969529200e-02
-6.405502807969529200e-02
5.741548412735816842e-03
5.741548412735816842e-03
-5.712499156480116413e-05
-5.712499156480116413e-05
-5.825260960101987795e-01
-5.825260960101987795e-01
-5.277653369647223869e-01
-5.277653369647223869e-01
5.569475519829391041e-01
5.569475519829391041e-01
5.814423643131672037e-01
5.814423643131672037e-01
5.626610308080050027e-01
5.626610308080050027e-01
5.499002067790411674e-01
1.538169950437914824e-01
1.538169950437914824e-01
-2.025666148155552682e-02
-2.025666148155552682e-02
2.393079161812361466e-07
2.393079161812361466e-07
5.737666070169851473e-04
5.737666070169851473e-04
-1.906451535259594265e-01
-1.906451535259594265e-01
-5.029660840091298990e-01
-5.029660840091298990e-01
-4.617123679344761200e-01
-4.617123679344761200e-01
-4.380667441322977362e-01
-4.380667441322977362e-01
-2.559154325515025641e-01
-2.559154325515025641e-01
5.804388073411589910e-03
5.804388073411589910e-03
7.515526029629537863e-02
7.515526029629537863e-02
2.879550195868358503e-02
2.879550195868358503e-02
2.403108537018368296e-01
2.403108537018368296e-01
3.750512411186021078e-01
3.750512411186021078e-01
-8.311410846440951683e-02
-8.311410846440951683e-02
-3.890199023282711055e-01
-3.890199023282711055e-01
-1.500719466707260696e-04
-1.500719466707260696e-04
-1.197908422965566697e-02
-1.197908422965566697e-02
-3.403213513796781581e-02
-3.403213513796781581e-02
7.452225664997126631e-03
7.452225664997126631e-03
4.044211260792702767e-01
4.044211260792702767e-01
3.976044852871588597e-01
3.976044852871588597e-01
3.930785790034480587e-01
3.655371889004714880e-01
3.655371889004714880e-01
3.447953446155691548e-01
3.447953446155691548e-01
3.217772128369575380e-01
-3.189862611812032123e-01
-3.189862611812032123e-01
-3.412509288593655876e-01
-3.412509288593655876e-01
-1.512339385395043700e-03
-1.512339385395043700e-03
6.682851681053794679e-02
6.682851681053794679e-02
-3.181806079781573371e-01
-3.181806079781573371e-01
1.627021185728028396e-01
1.627021185728028396e-01
2.864607994224871446e-01
2.864607994224871446e-01
2.637691722471441347e-05
2.637691722471441347e-05
-1.327290301818130347e-01
-1.327290301818130347e-01
-2.777927819292584366e-01
-2.777927819292584366e-01
-4.946563305503366703e-02
-4.946563305503366703e-02
2.561644248544547309e-01
2.561644248544547309e-01
6.010177917669307091e-03
6.010177917669307091e-03
7.415838612996764057e-02
7.415838612996764057e-02
-6.584664380310245591e-05
-6.584664380310245591e-05
1.459725402454667142e-01
1.459725402454667142e-01
-1.811811046373134615e-01
-1.811811046373134615e-01
-2.367021351986309252e-01
-2.367021351986309252e-01
-1.144359894711920872e-01
-1.144359894711920872e-01
-2.467785490886472699e-01
-2.467785490886472699e-01
1.484447173667984010e-02
1.484447173667984010e-02
2.008212490671946737e-01
2.008212490671946737e-01
2.067301171213379862e-01
2.067301171213379862e-01
-1.330989116560235552e-02
-1.330989116560235552e-02
4.365086145898325332e-04
4.365086145898325332e-04
8.081218304201165381e-06
8.081218304201165381e-06
-3.062503436521115535e-02
-3.062503436521115535e-02
-1.732004680500753568e-01
-1.732004680500753568e-01
-1.895351905298941486e-01
-1.895351905298941486e-01
1.214782128636946595e-01
1.214782128636946595e-01
-2.625695640550056859e-02
-2.625695640550056859e-02
-1.707085442478835369e-01
-1.526328832114042799e-01
-1.526328832114042799e-01
-1.513833823702452896e-01
1.482961687395726869e-01
1.482961687395726869e-01
1.505241561414473739e-01
1.505241561414473739e-01
1.421998597741157000e-01
1.421998597741157000e-01
-1.031136840820311429e-01
-1.031136840820311429e-01
5.822378589615105626e-02
5.822378589615105626e-02
3.496354556418279635e-02
3.496354556418279635e-02
1.256882829633331963e-02
1.256882829633331963e-02
6.712150859330599795e-03
6.712150859330599795e-03
-2.946651202820570886e-03
-2.946651202820570886e-03
9.379536051125522689e-02
9.379536051125522689e-02
8.504867877005828358e-05
8.504867877005828358e-05
-5.128170952928702564e-02
-5.128170952928702564e-02
3.799719619446668278e-02
3.799719619446668278e-02
-4.931908207038097208e-03
-4.931908207038097208e-03
-9.889593802928918487e-02
-9.889593802928918487e-02
-9.685410942153335756e-02
-9.685410942153335756e-02
-8.766024757766037456e-02
-8.766024757766037456e-02
-8.441296740377146612e-02
-6.573377115796638637e-02
-6.573377115796638637e-02
-1.196610768839980951e-02
-1.196610768839980951e-02
5.905237055989706607e-02
5.905237055989706607e-02
6.324972809195933410e-02
6.324972809195933410e-02
1.784336617726716215e-03
1.784336617726716215e-03
6.655128971639423519e-02
6.655128971639423519e-02
-5.708341157179298159e-02
-5.708341157179298159e-02
-9.997238123295950143e-03
-9.997238123295950143e-03
3.863351660902505924e-02
3.863351660902505924e-02
4.712711431255778988e-04
4.712711431255778988e-04
4.911509271033134838e-07
4.911509271033134838e-07
-4.219017593539318642e-04
-4.219017593539318642e-04
7.344062468830121586e-03
7.344062468830121586e-03
3.416102635233961293e-02
3.416102635233961293e-02
-3.234660218525740871e-02
-3.234660218525740871e-02
2.861769560980167645e-02
5.135749471963518831e-09
5.135749471963518831e-09
-1.578701355913823129e-02
-1.578701355913823129e-02
1.161086910973914768e-02
6.999690573418112724e-03
6.999690573418112724e-03
-3.159930034733480012e-04
-3.159930034733480012e-04
2.800022504726319868e-03
2.800022504726319868e-03
1.260654368879583938e-04
1.260654368879583938e-04
-1.002720458668911185e-02
-1.002720458668911185e-02
-1.593899062161306668e-02
-1.593899062161306668e-02
-1.353263168982550904e-02
-1.353263168982550904e-02
-1.390409567899778161e-02
6.380992687827899065e-03
6.380992687827899065e-03
4.229833606771339453e-03
-9.171857698786652080e-09
-9.171857698786652080e-09
1.471078229793960023e-04
1.471078229793960023e-04
1.097771406508628398e-03
1.097771406508628398e-03
3.140391987580029825e-06
3.140391987580029825e-06
-1.681675242297946289e-04
-1.681675242297946289e-04
-1.415010734623258898e-08
