1.045852656133729575e+00
-9.861011607251937150e-01
-9.861011607251937150e-01
1.588885341686679942e-02
1.588885341686679942e-02
-5.044922820950509257e-03
-5.044922820950509257e-03
-8.617574348519549954e-01
-8.617574348519549954e-01
-8.611536742357770446e-01
-8.611536742357770446e-01
8.280773884364608373e-01
8.280773884364608373e-01
8.095024680813027729e-01
8.095024680813027729e-01
7.322358688902318447e-01
-5.111857099678081273e-02
-5.111857099678081273e-02
3.621565008304948596e-02
3.621565008304948596e-02
7.897573020525128218e-03
7.897573020525128218e-03
-1.119097860829787461e-02
-1.119097860829787461e-02
-2.570697044124159447e-09
-2.570697044124159447e-09
7.734850269692783442e-04
7.734850269692783442e-04
7.287839251648997596e-06
7.287839251648997596e-06
-6.089077465464278749e-01
-6.089077465464278749e-01
-6.260222117861000690e-01
-6.260222117861000690e-01
-6.414535091233652953e-01
-6.414535091233652953e-01
-5.755753252512080254e-01
-5.755753252512080254e-01
1.771662703934418215e-01
1.771662703934418215e-01
-8.269342317253874919e-03
-8.269342317253874919e-03
-1.626055765762829397e-04
-1.626055765762829397e-04
3.528408289388985652e-01
3.528408289388985652e-01
5.078118839493559467e-01
5.078118839493559467e-01
4.996094955298909790e-01
4.996094955298909790e-01
4.402358953077429859e-01
4.402358953077429859e-01
2.257763251494095472e-02
2.257763251494095472e-02
-3.950059625571552546e-01
-3.950059625571552546e-01
-3.940475410340608109e-01
-3.940475410340608109e-01
-5.498314724135558440e-02
-5.498314724135558440e-02
-1.580008579500699062e-01
-1.580008579500699062e-01
-1.986620234275988939e-04
-1.986620234275988939e-04
-4.092176136218913518e-01
2.711890742615358230e-01
2.711890742615358230e-01
6.511522023939786408e-04
6.511522023939786408e-04
4.198900686973437990e-01
4.198900686973437990e-01
4.088942343414777025e-01
1.201807885119789143e-02
1.201807885119789143e-02
-2.154516593012335557e-01
-2.154516593012335557e-01
-3.930199409276156630e-01
-3.930199409276156630e-01
-7.070429620158538708e-04
-7.070429620158538708e-04
-1.323203599621090853e-02
-1.323203599621090853e-02
4.471183277787726951e-07
4.471183277787726951e-07
-3.571214977841400406e-01
-3.571214977841400406e-01
3.382018744545004507e-01
3.382018744545004507e-01
3.020881956368194343e-01
3.020881956368194343e-01
3.177640660430185449e-01
3.177640660430185449e-01
-1.519012726720400108e-01
-1.519012726720400108e-01
-2.552690462080076106e-02
-2.552690462080076106e-02
-6.913201198454493879e-02
-6.913201198454493879e-02
-2.237306997893161453e-01
-2.237306997893161453e-01
-3.197894919686214976e-01
-3.197894919686214976e-01
3.024727696901851060e-01
3.024727696901851060e-01
-3.105433828630934645e-01
-3.105433828630934645e-01
-1.979673495267120220e-03
-1.979673495267120220e-03
-3.624761425715071483e-03
-3.624761425715071483e-03
1.526050378402815377e-01
1.526050378402815377e-01
7.945713969963906498e-02
7.945713969963906498e-02
2.369005785980671797e-01
2.369005785980671797e-01
4.424837198472024447e-03
4.424837198472024447e-03
3.347792245598658900e-02
3.347792245598658900e-02
-2.457010992687639894e-01
-2.457010992687639894e-01
-2.441824046160100958e-01
-2.441824046160100958e-01
2.297783021536911607e-01
2.297783021536911607e-01
1.971901653865506532e-01
1.971901653865506532e-01
-2.238410424882510685e-01
-2.238410424882510685e-01
-1.709752870886692144e-01
-1.709752870886692144e-01
-4.058382011430032577e-02
-4.058382011430032577e-02
1.649720763009820956e-02
1.649720763009820956e-02
2.042959146407116455e-01
1.793093302562804303e-01
1.793093302562804303e-01
-1.694713292939019622e-01
7.104115077536723999e-02
7.104115077536723999e-02
1.425590316389080681e-01
-8.495213851238761493e-04
-8.495213851238761493e-04
-5.881672602510729098e-02
-5.881672602510729098e-02
1.589361021386921820e-04
1.589361021386921820e-04
-6.524732428245798299e-03
-6.524732428245798299e-03
8.525853149294094352e-03
8.525853149294094352e-03
1.357274237461142397e-01
1.357274237461142397e-01
1.428364738899530750e-01
1.428364738899530750e-01
1.170920568679165441e-01
1.170920568679165441e-01
6.272758082950975755e-04
6.272758082950975755e-04
5.885872486107940338e-02
5.885872486107940338e-02
-1.061712617657126212e-01
-1.061712617657126212e-01
3.640982386772786267e-02
3.640982386772786267e-02
-1.139944533154896023e-01
-1.139944533154896023e-01
-1.284577228787047998e-01
-1.284577228787047998e-01
8.862382794844643474e-02
8.862382794844643474e-02
-8.516385371567783413e-02
-8.516385371567783413e-02
-1.248882078664591971e-03
-1.248882078664591971e-03
-8.351625018951597257e-02
-8.351625018951597257e-02
-7.383949864811453767e-02
-7.383949864811453767e-02
-7.182790716782187779e-02
-9.279166700890071826e-03
-9.279166700890071826e-03
5.201436421922205067e-02
5.201436421922205067e-02
8.182815693816510028e-02
8.182815693816510028e-02
1.326852492951675205e-02
1.326852492951675205e-02
7.041746474573621489e-03
7.041746474573621489e-03
-3.845597695891384699e-02
-3.845597695891384699e-02
6.822337804187070254e-02
6.822337804187070254e-02
-2.352144823523813488e-02
-2.352144823523813488e-02
-2.615943087147520885e-10
-2.615943087147520885e-10
2.755038546288918200e-02
2.755038546288918200e-02
3.188998257218633725e-04
3.188998257218633725e-04
-2.505536346766130615e-03
-2.505536346766130615e-03
-3.874974345146674215e-02
-3.874974345146674215e-02
4.209856554588613936e-02
4.209856554588613936e-02
3.811131225137355527e-02
3.811131225137355527e-02
1.314731066526582393e-03
1.314731066526582393e-03
-3.406547270645703812e-02
-3.511925173026400615e-02
-3.511925173026400615e-02
8.954132283803980380e-03
8.954132283803980380e-03
-4.597818280891747406e-03
-4.597818280891747406e-03
-2.448810031682128324e-05
-2.448810031682128324e-05
-2.674559172330503304e-02
-2.674559172330503304e-02
-2.250589277435791416e-02
-2.250589277435791416e-02
2.561504357936084456e-02
2.561504357936084456e-02
4.375420564893847501e-04
4.375420564893847501e-04
1.432910143929925703e-02
1.432910143929925703e-02
-2.018806942141725038e-03
-2.018806942141725038e-03
1.013343065519065403e-02
1.013343065519065403e-02
3.695115615026114356e-04
3.695115615026114356e-04
-6.034963819059353286e-03
-8.055278899608536020e-03
-8.055278899608536020e-03
-8.269536654033125475e-03
-2.284496650050030307e-04
-2.284496650050030307e-04
2.851794491136452631e-03
2.030226520312483629e-03
2.030226520312483629e-03
-3.108498604097176266e-06
-3.108498604097176266e-06
-4.681861150415070208e-04
-4.681861150415070208e-04
-1.211209402287944314e-05
-1.211209402287944314e-05
1.397154965151049095e-04
1.397154965151049095e-04
