1.128126551768676711e+00
-1.129366085167219369e+00
-1.797251231643037794e-03
-1.797251231643037794e-03
-1.004886123603769832e+00
-1.004886123603769832e+00
6.676562259444462910e-07
6.676562259444462910e-07
7.715064181159719814e-03
7.715064181159719814e-03
-8.636026574804208655e-01
8.722790672285285485e-01
8.722790672285285485e-01
8.260183614611711356e-01
8.260183614611711356e-01
-1.448404811088492561e-02
-1.448404811088492561e-02
7.908658818445019056e-04
7.908658818445019056e-04
-7.201516388411728364e-01
-7.201516388411728364e-01
6.981116399007164519e-01
6.981116399007164519e-01
6.947762571006301791e-01
6.947762571006301791e-01
6.313158387109858438e-01
6.313158387109858438e-01
5.921452549308732216e-01
5.921452549308732216e-01
-5.997870358435984928e-01
-5.997870358435984928e-01
-6.128429436519720053e-01
-6.128429436519720053e-01
1.144447128717124978e-01
1.144447128717124978e-01
1.097839817242764193e-02
1.097839817242764193e-02
-9.131062632106154431e-03
-9.131062632106154431e-03
-5.943025710946764351e-04
-5.943025710946764351e-04
1.703698468785359854e-02
1.703698468785359854e-02
3.963568976617926065e-04
3.963568976617926065e-04
1.065391693958223085e-03
1.065391693958223085e-03
1.381936152605872659e-04
1.381936152605872659e-04
4.103230842507232246e-01
-2.602922716180969265e-01
-2.602922716180969265e-01
-7.289552616778455230e-02
-7.289552616778455230e-02
4.499882978340624673e-02
4.499882978340624673e-02
-4.862543983577191087e-01
-4.862543983577191087e-01
-4.251874875353943706e-01
-4.251874875353943706e-01
-4.620825613279169186e-01
-4.620825613279169186e-01
-7.641785625489925377e-04
-7.641785625489925377e-04
-4.275423921453835874e-02
-4.275423921453835874e-02
3.494899821488326452e-01
3.494899821488326452e-01
4.012387231199536775e-01
4.012387231199536775e-01
3.966679576953537900e-01
3.966679576953537900e-01
5.762634677769566671e-02
5.762634677769566671e-02
-4.454162625989795954e-01
-4.454162625989795954e-01
-4.486490375631590477e-01
-4.486490375631590477e-01
-4.233377537255477718e-01
-4.233377537255477718e-01
-1.421325046777416889e-01
-1.421325046777416889e-01
3.010997020378750055e-01
3.010997020378750055e-01
-2.636494207542365298e-01
-2.636494207542365298e-01
-1.180215622213634658e-01
-1.180215622213634658e-01
-3.228169337061909117e-01
-3.228169337061909117e-01
-1.930874141135444783e-02
-1.930874141135444783e-02
1.047957638942800807e-01
1.047957638942800807e-01
-1.260137558752036976e-04
-1.260137558752036976e-04
-2.898085244007475580e-10
-2.898085244007475580e-10
1.934761828523888505e-01
1.934761828523888505e-01
1.625198259315840943e-03
1.625198259315840943e-03
2.657841764520688654e-01
2.657841764520688654e-01
-2.600396120570317438e-01
-2.600396120570317438e-01
-2.484729177757706298e-01
-2.484729177757706298e-01
-6.463107587137641510e-03
-6.463107587137641510e-03
2.130642644065452451e-01
2.130642644065452451e-01
2.504175260924307311e-01
2.504175260924307311e-01
2.530841782673025619e-01
2.530841782673025619e-01
-1.739233448432399298e-01
-1.739233448432399298e-01
7.930936896512835732e-03
7.930936896512835732e-03
2.332974150731677576e-01
2.332974150731677576e-01
8.619820482866490108e-02
8.619820482866490108e-02
-5.319672355132876868e-02
-5.319672355132876868e-02
-8.917296180305944731e-02
-8.917296180305944731e-02
6.220985889793702317e-04
6.220985889793702317e-04
-2.002014054497170958e-01
-2.002014054497170958e-01
-1.896685678366937522e-01
-1.648341681687466587e-01
-1.648341681687466587e-01
-2.774739642435446185e-02
-2.774739642435446185e-02
2.638283950837057648e-02
2.638283950837057648e-02
9.335426022665241352e-02
9.335426022665241352e-02
1.265872095483814852e-01
1.265872095483814852e-01
1.760257266465994341e-01
1.760257266465994341e-01
-1.318605457895869471e-01
-1.318605457895869471e-01
1.329231499340687538e-02
1.329231499340687538e-02
-6.024377790193390786e-03
-6.024377790193390786e-03
-5.431571601374404756e-04
-5.431571601374404756e-04
1.448188229732500498e-01
1.448188229732500498e-01
-1.492838284033328466e-01
-1.492838284033328466e-01
-9.961397976500242085e-03
-9.961397976500242085e-03
-2.076988053990938554e-04
-2.076988053990938554e-04
-2.689135848433142975e-02
-2.689135848433142975e-02
5.976485034737098745e-05
5.976485034737098745e-05
7.895054274219209800e-02
7.895054274219209800e-02
1.225244163543481868e-01
1.225244163543481868e-01
-1.142131623193001072e-01
-7.881926283120775645e-02
-7.881926283120775645e-02
1.386142084215264206e-02
1.386142084215264206e-02
1.082153228504347531e-01
1.082153228504347531e-01
1.108498448809599191e-01
1.108498448809599191e-01
6.356601509592921251e-02
6.356601509592921251e-02
9.679335982437028973e-02
9.679335982437028973e-02
-9.850031854890131666e-02
-9.850031854890131666e-02
-2.707797180923066094e-11
-2.707797180923066094e-11
-8.956685684139567560e-02
-8.956685684139567560e-02
-7.838599786951173931e-02
-7.838599786951173931e-02
-4.122601470489246911e-02
-4.122601470489246911e-02
-1.439340810503961406e-02
-1.439340810503961406e-02
4.972209941609741571e-03
4.972209941609741571e-03
-5.506707986200932992e-04
-5.506707986200932992e-04
1.170174484831380292e-03
1.170174484831380292e-03
-4.911913874758347398e-02
-4.911913874758347398e-02
5.654383232648271806e-02
5.654383232648271806e-02
5.718098399670350218e-02
5.718098399670350218e-02
3.275607828521633069e-02
3.275607828521633069e-02
4.745113196618472307e-02
4.745113196618472307e-02
-3.908441283741671823e-02
-3.908441283741671823e-02
-1.312868627980040385e-06
-1.312868627980040385e-06
1.613171581840597453e-03
1.613171581840597453e-03
-3.173828606564021299e-03
-3.173828606564021299e-03
-3.472810323830877871e-02
-3.472810323830877871e-02
7.856196426863967103e-03
7.856196426863967103e-03
-3.316148689835671758e-03
-3.316148689835671758e-03
2.409427670225947060e-02
2.409427670225947060e-02
2.251266909713366127e-02
-4.064208999883609646e-07
-4.064208999883609646e-07
-1.593977331095416256e-02
-1.593977331095416256e-02
-6.941580406286491575e-03
-6.941580406286491575e-03
1.405765694244727471e-02
1.405765694244727471e-02
-9.782180332564300446e-03
-1.526774105110433218e-03
-1.526774105110433218e-03
3.718069140064557236e-04
3.718069140064557236e-04
-6.516062978283443385e-03
-6.516062978283443385e-03
2.402484881306683751e-03
2.402484881306683751e-03
-1.601638856630954386e-07
-1.601638856630954386e-07
-4.352856019511786717e-06
-4.352856019511786717e-06
-1.317808725899994801e-03
-1.317808725899994801e-03
8.930935570329199755e-06
8.930935570329199755e-06
-5.912029412892769197e-06
-5.912029412892769197e-06
-6.712275885144888974e-06
8.520904513781544804e-04
