2.667285168250088101e-01
2.650660574992825258e-01
2.620001914064770676e-01
2.577468767754705903e-01
2.524999784943838255e-01
2.464329178233599094e-01
2.397002652515013432e-01
2.324392669503190512e-01
2.247712981247379782e-01
2.168032389065032151e-01
2.086287703487322287e-01
2.003295896291794886e-01
1.919765448095067939e-01
1.836306904767555370e-01
1.753442663528419210e-01
1.671616015339566497e-01
1.591199474448634632e-01
1.512502428894834938e-01
1.435778147712022668e-01
1.361230181631284397e-01
1.289018194462740463e-01
1.219263262160456690e-01
1.152052675961346279e-01
1.087444285036252983e-01
1.025470412880774840e-01
9.661413802729883205e-02
9.094486660915888920e-02
8.553677356676513133e-02
8.038605646743643418e-02
7.548778848726209190e-02
7.083611763510233583e-02
6.642444292463631217e-02
6.224556963202253212e-02
5.829184562106899670e-02
5.455528056837859879e-02
5.102764977834223226e-02
4.770058414250126499e-02
4.456564766991683024e-02
4.161440389485571156e-02
3.883847235530978048e-02
3.622957623049508080e-02
3.377958212734828020e-02
3.148053291491893779e-02
2.932467442117171752e-02
2.730447672876523679e-02
2.541265073454153367e-02
2.364216057141307198e-02
2.198623243073942468e-02
2.043836026780442711e-02
1.899230882231190548e-02
1.764211433958603331e-02
1.638208333608232037e-02
1.520678971458334916e-02
1.411107049978287120e-02
1.309002043357893226e-02
1.213898564104004540e-02
1.125355655243545985e-02
1.042956024369877215e-02
9.663052337009453430e-03
8.950308584627239550e-03
8.287816242512182144e-03
7.672265325434729673e-03
7.100539822063626702e-03
6.569708936765805175e-03
6.077018414424369824e-03
5.619881995350791554e-03
5.195873039220299042e-03
4.802716349787315708e-03
4.438280225843666861e-03
4.100568758376697126e-03
3.787714389085603331e-03
3.497970741248569888e-03
3.229705730332640534e-03
2.981394958641757180e-03
2.751615395650432346e-03
2.539039343420578312e-03
2.342428684602067442e-03
2.160629408932226037e-03
1.992566412838945623e-03
1.837238565683270777e-03
1.693714035320015819e-03
1.561125864982860741e-03
1.438667792989135755e-03
1.325590306387975292e-03
1.221196919424485895e-03
1.124840667545165193e-03
1.035920807610747878e-03
9.538797149987680163e-04
8.781999683574377193e-04
8.084016129045214476e-04
7.440395933406342708e-04
6.847013476575702830e-04
6.300045533619725441e-04
5.795950178966197564e-04
5.331447053204883650e-04
4.903498915999589605e-04
4.509294411629735351e-04
4.146231976722900264e-04
3.811904822801946225e-04
3.504086929327308582e-04
