2.870870166644665100e-01
1.912385754544704553e-01
1.137822382826157164e-01
5.182386428597862693e-02
2.878482945326773373e-03
-3.518374176477051529e-02
-6.418474276529580191e-02
-8.567980397582233842e-02
-1.009935664519914511e-01
-1.112514293521928710e-01
-1.174069120414608647e-01
-1.202654760492083558e-01
-1.205052458858860837e-01
-1.186950149906598195e-01
-1.153098765278819937e-01
-1.107447776648814997e-01
-1.053262597179377702e-01
-9.932261458903923756e-02
-9.295265973820789063e-02
-8.639330910611379977e-02
-7.978609553059071158e-02
-7.324278094406047601e-02
-6.685017369165099921e-02
-6.067425740177170845e-02
-5.476372273288671044e-02
-4.915298180050024779e-02
-4.386473496961419694e-02
-3.891215081444042434e-02
-3.430071225242498079e-02
-3.002977502412808308e-02
-2.609387869973364693e-02
-2.248384514578834203e-02
-1.918769479287794899e-02
-1.619140702747033644e-02
-1.347954751949254071e-02
-1.103578222995695024e-02
-8.843295165954397075e-03
-6.885124615849516627e-03
-5.144430563472808526e-03
-3.604704209448923724e-03
-2.249928987900454147e-03
-1.064701128904416150e-03
-3.431665599425842705e-05
8.551692985196632235e-04
1.616905849111560656e-03
2.263228125760088916e-03
2.805653848830441666e-03
3.254891664211372743e-03
3.620858675830507245e-03
3.912705027793055013e-03
4.138843744491613880e-03
4.306984341897905633e-03
4.424168983675532546e-03
4.496810177693731647e-03
4.530729197168733430e-03
4.531194570544860162e-03
4.502960119302547304e-03
4.450302136587924728e-03
4.377055394894018014e-03
4.286647750591709646e-03
4.182133179171421827e-03
4.066223129576695614e-03
3.941316130689173289e-03
3.809525619332249785e-03
3.672705988370520910e-03
3.532476876691195006e-03
3.390245741008286046e-03
3.247228763343953592e-03
3.104470158413020348e-03
2.962859952564659942e-03
2.823150310932382237e-03
2.685970492445869870e-03
2.551840513738534016e-03
2.421183603057825828e-03
2.294337524318721278e-03
2.171564849659216642e-03
2.053062256449307132e-03
1.938968921829616662e-03
1.829374084644170943e-03
1.724323841192464037e-03
1.623827237648076995e-03
1.527861718347719566e-03
1.436377985504022322e-03
1.349304322284874524e-03
1.266550427668059137e-03
1.188010808050986343e-03
1.113567767292507945e-03
1.043094033702685226e-03
9.764550594874533626e-04
9.135110253048300518e-04
8.541185799010483611e-04
7.981323422691824054e-04
7.454061914081291451e-04
6.957943665529179146e-04
6.491523986938080651e-04
6.053378922961078325e-04
5.642111743688352438e-04
5.256358264017259047e-04
4.894791131896032189e-04
4.556123211837411575e-04
