2.913883795366329355e-01
1.828615363134276084e-01
9.511229079563326971e-02
6.907025982921433105e-02
1.773671754423669991e-02
-2.330768229100014383e-02
-5.581133823816512851e-02
-9.079117642365190644e-02
-1.354544840474332934e-01
-1.203244599121488650e-01
-1.016006157026787815e-01
-1.296173823221482557e-01
-1.026270854623396178e-01
-1.206475101430444924e-01
-1.054446672721682798e-01
-1.169078841376972877e-01
-1.275266748294190677e-01
-1.331802091297524249e-01
-8.072459397185108299e-02
-8.435628216159204995e-02
-8.288458205767376685e-02
-7.864148141017311688e-02
-4.114004946705769605e-02
-6.464187158784046039e-02
-3.837907747246274009e-02
-3.120136163646045069e-02
-5.015167618475893652e-02
-3.746124195557958003e-02
-3.902221854817772284e-02
1.483566853115702959e-02
-2.307660614270285945e-02
-3.916490747397308875e-02
-5.796431378456446543e-02
1.420731294265164570e-02
-9.232652448948356835e-03
-6.972107850816694832e-03
-3.473808933078702255e-02
-1.151295020523015154e-02
2.918251287784291714e-02
-1.376466849200492278e-03
-3.857459280069710367e-02
-3.788288833254539918e-03
2.305834191038562755e-02
9.598029276408950525e-03
6.209677362871313111e-03
2.607651939995555028e-04
1.314661782329350041e-02
-2.049071140484992094e-03
-1.602071186712957993e-02
2.546649280150481420e-02
2.207871498354410655e-02
-1.556516480403610271e-02
3.457013438372490317e-03
3.104623254248889370e-05
-2.593758247671199349e-02
1.408927433197800817e-02
1.190525458266160873e-02
3.458609862603567752e-04
2.431220811340074547e-03
-4.275065679456867274e-03
-1.671197579577431494e-02
-2.835092119921910070e-03
2.822252099259989905e-03
-1.936917424134607102e-02
7.146823761970957749e-03
2.913086283046246224e-03
-1.743725850637785693e-02
1.218500196117536412e-02
2.028895708455453681e-02
-1.828072608980267286e-02
-3.469735682992669545e-02
-4.964288695372930105e-03
4.768319859900310709e-03
1.895176697693753964e-02
-1.543157051525645418e-02
-1.594572137731754130e-02
5.965249353921033698e-03
-1.094826790751546840e-02
-1.080411736239640999e-02
1.356790599152899422e-02
-6.954634371770212174e-03
3.415571358675544705e-02
-2.823835783580172856e-02
-1.089386740885404155e-03
-7.064272952630172575e-03
1.084555596332507053e-02
-1.610232697256632622e-02
-2.330744844822845406e-03
-4.345738783666965553e-03
1.223920716824278450e-02
-2.656680260338353545e-03
-1.245090209523187601e-02
-1.107031124373668469e-02
4.009891631147131930e-02
3.477036387864625849e-02
2.465114178671725005e-03
2.028682661560237202e-02
1.952895637821847746e-02
4.598982085893009442e-03
1.586426178088259226e-02
