2.256282909767534928e-01
2.084892064508117870e-01
8.580116948508605124e-02
4.746342579685147722e-02
4.539079696743580222e-02
-1.189328109156787341e-02
2.310309453785223607e-02
-1.353789171089619381e-01
-2.590407825103937384e-02
-9.687121084663868897e-02
-1.383492998259402418e-01
-7.192374648156248107e-02
-1.198520653572162364e-01
-1.169911800133379420e-01
-1.447713627815260806e-01
-1.721376016923028274e-01
-2.454367388067168684e-02
-1.066637302208431615e-01
-4.589515020646037224e-02
-7.045454577454378364e-02
-6.739978636328992911e-02
-4.005478298123079511e-02
-8.965302328625500417e-02
-6.817356069127136417e-03
-4.034179572401696418e-02
-7.292299735547978778e-02
-9.391365237752960157e-03
-2.935214121390221018e-02
-6.505439303358928615e-02
-3.855427377762361027e-04
-4.099452873268583791e-02
-5.100876605289611510e-02
-8.872550928777415968e-02
6.220385309486965025e-02
-2.706337307063062542e-03
2.043891719045602684e-02
6.159186348879370360e-02
1.127541433220140667e-03
-1.067110026253270845e-02
4.955735391160483172e-02
3.105226024173624380e-02
1.246101446205541538e-04
-2.962278449678962949e-02
1.718223317653094426e-02
2.539956803732934879e-02
4.876757278612657565e-02
-2.798204444048982276e-02
-1.129913527938544715e-02
5.470373283604999456e-03
-4.323199934922166560e-02
-2.137741828871932842e-02
-2.107728771146485935e-02
-8.206435096166034282e-02
8.802055258404866550e-03
3.564239909971274323e-02
1.737460809681001458e-02
2.620583487279455961e-02
1.016433539213704856e-02
-4.373461248061919892e-05
-3.744920641841998493e-02
-1.938875442634954357e-02
-3.861861312256900745e-03
-3.388477979403968499e-02
-8.773182915042705698e-03
6.196643488060254307e-02
-1.039381529907836390e-03
4.245125508494684841e-02
-5.904392020439168214e-03
-2.350583563522092717e-02
1.253495884030814134e-02
-2.262538212909068983e-03
2.187267531010431924e-03
-6.337462216732905884e-02
-8.684171083742185659e-02
1.198231685773341014e-02
-1.486918035567127289e-02
2.201824971667065700e-02
-1.514850680638454503e-02
2.174928662475104219e-02
-2.599726607116762886e-02
2.390078280318320980e-02
4.076976523513008849e-02
-5.167747093439660835e-03
-5.382918403755340003e-02
-9.886906291059503749e-03
1.451062393446138181e-02
4.267272396277096980e-02
9.550998539135451340e-03
6.713686886454280078e-02
-3.153379522765067250e-02
5.080781614725380507e-02
4.677476330104184121e-02
-1.092195065880405616e-02
8.981700107895824667e-03
-4.162242677289677492e-03
-5.536960530416603493e-02
1.559064533752571764e-02
3.920190550904886773e-02
3.556874254341244046e-02
1.463336447391488070e-02
