-8.120612687695379084e-02
-1.292873201219743307e-01
-1.340047086466371051e-01
-2.234084694467509680e-01
-5.351797077865590169e-02
-4.799118765733599579e-02
-9.897984017982833227e-02
-9.307609550387192787e-02
-6.776046409017923156e-02
-1.766649832157023703e-01
-1.458138418683136983e-01
-1.186859008542315436e-01
-1.914099742559155493e-01
-7.888323896631702081e-02
-9.741944826864941398e-02
-4.821836927843808907e-02
-5.127129549209702430e-02
-1.073599868310757266e-01
-1.023979322516415519e-01
-7.646043229365670491e-02
-5.310617918711206531e-02
-1.435475679096095969e-01
-9.910489883709740211e-02
-1.122808912949069537e-01
-9.024042018287056766e-02
-2.490137988030608970e-02
-1.054675771977076244e-02
-6.219637256545348788e-06
6.778445915956996144e-03
-5.534773192995626895e-02
-3.082622857779268935e-02
-1.017463340247587444e-01
-4.111929753995388626e-02
4.554373660392856127e-02
1.110232639654852582e-02
9.072311125103430657e-03
4.459381988549458026e-02
2.611032132964145880e-02
2.842613511816879154e-03
-9.883316431459602050e-03
-2.257783267487316683e-02
5.551129400713540607e-03
-1.264461355398103018e-03
5.358061890685345691e-02
-2.205331014990627100e-02
8.182350994760863305e-02
7.877803073034207737e-02
7.117063344971605310e-02
1.190912082413925488e-01
8.483093084175240273e-02
5.766979839056348041e-03
2.804141094191065289e-02
-2.447677081033911364e-02
3.598187802218318077e-02
1.035659471635307083e-02
1.283801781397261033e-01
-2.973144266112793394e-02
1.629232312670782917e-02
1.340142527457672539e-01
1.719134115326267573e-02
7.003737525179729029e-02
2.271446997735673129e-02
2.582886476806705439e-02
-9.634763759356117230e-02
3.838515109913979290e-02
4.879747518819117780e-02
6.584079501955864000e-02
5.586593424022369414e-02
1.320514340234989759e-01
-3.184901414690589211e-02
-5.233617823071017678e-04
1.952190933846311566e-02
-4.138391519583679845e-02
8.734839638044570188e-04
-6.430743433271614296e-02
7.157998009940370887e-02
-4.076721652681135344e-02
4.322658704312641598e-02
-7.243944141957429916e-02
-2.625332484627012491e-02
5.701274620039416957e-02
3.385527069526662880e-02
4.273039475428070354e-03
-3.379612682911817267e-02
-6.315175642565933056e-02
-2.816593359990325965e-02
2.120999119492700258e-02
-4.573229380033397296e-02
-1.798470089716734666e-02
1.872323544086990088e-02
2.932387772204670187e-02
-6.406144839152183579e-02
7.134671017325590336e-02
3.340555267615347157e-02
2.452820337629650627e-02
1.636122038398715381e-02
2.405646463237516922e-02
1.227602456113833888e-02
-1.656276287854589052e-02
-7.501606334934132758e-02
