1.609061039152369019e-03
-7.673473517328420652e-03
-1.321952991300241222e-02
-1.584502795169882849e-02
-1.622646449609572994e-02
-1.492177034158932020e-02
-1.238829736901254572e-02
-8.998308764591303466e-03
-5.052298658749974913e-03
-7.904267009913729103e-04
3.597682803015367359e-03
7.964559096917428471e-03
1.219773011299558202e-02
1.621362843467433201e-02
1.995241328440364864e-02
2.337358242286120824e-02
2.645226421483849732e-02
2.917609445013821107e-02
3.154259504967320271e-02
3.355698275423177335e-02
3.523034547708377151e-02
3.657813237018973235e-02
3.761891095574637633e-02
3.837335104100740579e-02
3.886340068002697157e-02
3.911162427266841324e-02
3.914067708822609182e-02
3.897289414689281140e-02
3.862997455616348080e-02
3.813274514181659580e-02
3.750098958769890883e-02
3.675333135198692591e-02
3.590716040100695727e-02
3.497859533110269509e-02
3.398247376603853037e-02
3.293236504968703737e-02
3.184060022549836666e-02
3.071831512667738684e-02
2.957550311263140719e-02
2.842107459428126759e-02
2.726292100738131330e-02
2.610798133139369953e-02
2.496230962244925383e-02
2.383114234185439856e-02
2.271896452460658161e-02
2.162957405253064860e-02
2.056614348008425214e-02
1.953127901292651958e-02
1.852707636461062984e-02
1.755517331924042607e-02
1.661679891106739373e-02
1.571281919877542260e-02
1.484377966516550740e-02
1.400994431431723183e-02
1.321133156995972155e-02
1.244774710235270129e-02
1.171881372784656754e-02
1.102399853664043361e-02
1.036263741109747297e-02
9.733957100162045004e-03
9.137095015676386864e-03
8.571116914327278971e-03
8.035032625077525442e-03
7.527809976682909784e-03
7.048387073620586765e-03
6.595683061755506713e-03
6.168607517591922877e-03
5.766068587196559667e-03
5.386979993000214247e-03
5.030267018815174837e-03
4.694871575648938006e-03
4.379756443330589527e-03
4.083908775655016588e-03
3.806342949737069256e-03
3.546102833584434313e-03
3.302263539564926319e-03
3.073932725473616651e-03
2.860251499301923010e-03
2.660394978573896348e-03
2.473572550238911129e-03
2.299027872585403601e-03
2.136038656455950188e-03
1.983916259185580181e-03
1.842005121137935911e-03
1.709682071461469033e-03
1.586355526713806047e-03
1.471464603289685587e-03
1.364478162119917883e-03
1.264893801868974439e-03
1.172236814830924416e-03
1.086059117892099624e-03
1.005938169278831895e-03
9.314758803258618713e-04
8.622975301718259706e-04
7.980506900998408969e-04
7.384041631816203564e-04
6.830469439413754552e-04
6.316872019205690492e-04
5.840512922864735980e-04
5.398827959774575493e-04
