3.014059029956021596e-01
2.431144534728253426e-01
2.255155028766786252e-01
2.666095770139387811e-01
2.288961010349645775e-01
2.631668974493963642e-01
2.743969806109358700e-01
2.716746153001968755e-01
1.643971855632490320e-01
1.614021123889398390e-01
1.906154776669719275e-01
2.092222715854692716e-01
1.906632943276434233e-01
1.788592092743901685e-01
1.757086334988530729e-01
2.081491003254348771e-01
2.285023764625164766e-01
2.679555808414075257e-01
1.346878917448516844e-01
1.393946684731095786e-01
1.525481125015688277e-01
1.623358135286797344e-01
7.493875098016185114e-03
1.784961321797490508e-01
3.396381633456598687e-02
3.175604327812011490e-02
6.197654765818389096e-03
9.708871085223545749e-02
4.375113811143181188e-03
9.160471289546212592e-02
1.066042147176041871e-01
2.928551948101484198e-03
2.872081434107312189e-02
7.752034172805553902e-02
-1.441629833396857602e-02
-3.333716004210979245e-02
6.079271466979633415e-02
5.743990888603897615e-02
1.734093272351732926e-02
-3.293455340327381548e-02
1.326256125031886057e-01
2.672788856603381183e-02
-5.256356896545969631e-02
8.941739572931582669e-02
1.159479551322352558e-01
4.716785036306136991e-02
5.107459372174609491e-02
2.430240891807254958e-02
-6.108725125386064124e-03
1.219287935968820513e-01
-2.362585587855769304e-02
-2.634878326861400666e-02
3.138554950435500784e-02
1.170503823057378878e-01
-7.419150079478721571e-02
6.438527548234319886e-02
6.970421416491275057e-02
7.422930523304410722e-02
-1.509379422820803472e-03
7.678401722545323549e-02
2.659207845991890320e-02
2.907381694266757827e-02
8.142932950775554068e-02
6.626857351734333212e-02
-4.171999843747215345e-03
3.366112761595304714e-03
1.675775334037801073e-02
-8.281973036439141400e-03
-3.552448969167147641e-02
-4.207472366971489602e-02
3.689342805020999049e-03
6.419376188203020951e-03
1.323736288640948305e-02
-1.727572523884073064e-02
1.028689017153460034e-01
4.209994454274285092e-02
1.944346553624423657e-02
-1.668243700217071981e-02
-4.511119123602490288e-02
-4.746573946130272503e-02
-2.425196073654197274e-02
-4.798637475321628106e-03
-6.285601162397994046e-02
-9.403352853197358141e-02
-5.320893312654637573e-03
-5.112150666380738812e-02
-7.281686855609285913e-02
-6.886589093394934399e-03
3.570214757582945535e-03
5.860195719268913861e-02
3.693493025234602378e-02
9.346426780724229055e-02
1.519662923813824285e-01
4.573560256851504774e-02
-7.263672844442636833e-02
5.706842679866941381e-02
9.099153124882906896e-02
1.813700680570039594e-02
4.798949488379202800e-03
-8.945957495047741903e-02
