-1.257810586333024151e-02
-2.340808636258175091e-02
-3.053198100183013991e-02
-3.470276604962248268e-02
-3.654980518605778494e-02
-3.659687655738408374e-02
-3.527776270020385047e-02
-3.294971587902491283e-02
-2.990507282940313080e-02
-2.638125896258144629e-02
-2.256939222678066431e-02
-1.862167055746011962e-02
-1.465770376115517470e-02
-1.076993039081207415e-02
-7.028242353953328969e-03
-3.483924355864018163e-03
-1.730015595647407811e-04
2.880923186035895533e-03
5.664271740775404795e-03
8.171471114410945591e-03
1.040325845886674178e-02
1.236526418393424365e-02
1.406683294642217114e-02
1.552004765837907557e-02
1.673892636907065717e-02
1.773876598199462806e-02
1.853561034645392555e-02
1.914582337833753423e-02
1.958575057421621524e-02
1.987145463718702210e-02
2.001851297654277939e-02
2.004186661537248754e-02
1.995571157494392331e-02
1.977342513232685506e-02
1.950752049464402060e-02
1.916962442279612766e-02
1.877047318984710611e-02
1.831992299230385951e-02
1.782697156189335524e-02
1.729978826478989831e-02
1.674575043652234974e-02
1.617148409443449480e-02
1.558290750469554231e-02
1.498527636541539636e-02
1.438322960834316488e-02
1.378083502495645006e-02
1.318163409373718578e-02
1.258868552864712137e-02
1.200460718822810718e-02
1.143161608380313839e-02
1.087156630692432194e-02
1.032598476308697888e-02
9.796104653034303639e-03
9.282896686641903608e-03
8.787098049055017124e-03
8.309239165881755762e-03
7.849668335050786344e-03
7.408574308472390228e-03
6.986006917798910990e-03
6.581895846132137379e-03
6.196067652125762659e-03
5.828261155136949673e-03
5.478141290363053653e-03
5.145311541654938418e-03
4.829325057262372559e-03
4.529694550418808530e-03
4.245901082647083463e-03
3.977401823157299468e-03
3.723636872873647280e-03
3.484035236598707549e-03
3.258020021708097052e-03
3.045012936650483022e-03
2.844438157475579366e-03
2.655725625678557415e-03
2.478313835873798346e-03
2.311652167223869712e-03
2.155202808172648320e-03
2.008442319878635772e-03
1.870862879824313060e-03
1.741973243393585627e-03
1.621299457761681516e-03
1.508385359227490310e-03
1.402792882131497334e-03
1.304102204736128567e-03
1.211911754890724561e-03
1.125838095951088753e-03
1.045515711263211855e-03
9.705967035419588509e-04
9.007504236673662384e-04
8.356630417729774907e-04
7.750370720018241125e-04
7.185908609457229874e-04
6.660580485526019058e-04
6.171870091748381335e-04
5.717402794298753407e-04
5.294939786439474766e-04
4.902372268421916531e-04
4.537715645260552997e-04
4.199103778342662711e-04
3.884783321099831671e-04
