2.525206507617731577e-01
1.702409046625909805e-01
1.035052663223515745e-01
4.989382074220903573e-02
7.326117957467041461e-03
-2.598339209192409779e-02
-5.156433894892715336e-02
-7.072450175725528143e-02
-8.457956680368799995e-02
-9.407909861217229885e-02
-1.000291883159971640e-01
-1.031121878708530226e-01
-1.039038899213067663e-01
-1.028884700642913042e-01
-1.004714702160050960e-01
-9.699106820665633066e-02
-9.272784908926848257e-02
-8.791326750056165096e-02
-8.273696735133802271e-02
-7.735310479404260142e-02
-7.188580249995331350e-02
-6.643384749748211526e-02
-6.107473092797267855e-02
-5.586811584617223936e-02
-5.085880843439573307e-02
-4.607929853981425350e-02
-4.155192713059752130e-02
-3.729073096374417584e-02
-3.330300834582396174e-02
-2.959064424185770675e-02
-2.615122805373477216e-02
-2.297899306533803671e-02
-2.006560276395390197e-02
-1.740080593214957810e-02
-1.497297950420752033e-02
-1.276957564619804475e-02
-1.077748730454195641e-02
-8.983344535388182450e-03
-7.373752241853215317e-03
-5.935478477784535134e-03
-4.655601198468008184e-03
-3.521620227054184094e-03
-2.521540239702357855e-03
-1.643929734298693601e-03
-8.779602210653159045e-04
-2.134292443457565247e-04
3.592296990454976746e-04
8.489477491557401168e-04
1.264029589060411407e-03
1.612168825551919121e-03
1.900468301539871840e-03
2.135464054231428488e-03
2.323151853040290177e-03
2.469015438964505121e-03
2.578055747173624290e-03
2.654820530505065668e-03
2.703433916761123490e-03
2.727625529976462904e-03
2.730758887677486868e-03
2.715858854743045253e-03
2.685637991682834208e-03
2.642521682608912209e-03
2.588671967305116936e-03
2.526010033827119465e-03
2.456237354055626834e-03
2.380855465495682229e-03
2.301184419159023851e-03
2.218379926267419894e-03
2.133449246360546482e-03
2.047265866686792148e-03
1.960583027932283340e-03
1.874046154771713546e-03
1.788204251720165380e-03
1.703520325596343324e-03
1.620380895802215216e-03
1.539104652774800699e-03
1.459950323535103879e-03
1.383123801383232768e-03
1.308784594581619953e-03
1.237051646424669298e-03
1.168008576491339585e-03
1.101708390181558358e-03
1.038177700900129105e-03
9.774205065152105285e-04
9.194215590160995967e-04
8.641493636532596688e-04
8.115588412825711518e-04
7.615936851707705681e-04
7.141884411609615351e-04
6.692703378532026837e-04
6.267608913301696890e-04
5.865773069537113821e-04
5.486336988751784084e-04
5.128421461393087777e-04
4.791136026157587040e-04
4.473586764606939602e-04
4.174882933890363573e-04
3.894142567214398782e-04
3.630497159538576685e-04
3.383095544765030312e-04
