-1.583214446200394143e-01
-2.457417595752614189e-02
-1.429416571071981668e-01
-3.851410018808414017e-03
-1.199188919317051710e-01
-1.077961211115203155e-01
-2.371486794659360617e-02
-1.937170423912234207e-01
-2.698861436830474192e-02
-1.790122523667591892e-01
-1.421461840262743248e-01
-1.782236933054680839e-01
-2.046710707304683907e-01
-1.451625700875319447e-01
-1.439703067543932624e-01
-2.362577367061474420e-01
-3.172451258559507575e-02
-1.138339647304473790e-01
3.039264030690129806e-02
-8.313467012173782200e-02
-1.701756853286985061e-01
-7.398422878491407728e-02
-1.465096512787326666e-01
-1.269838356333199136e-01
2.500098923478847809e-02
-1.397848818618584177e-01
2.331698833154226616e-02
-2.744290661243889429e-02
-1.016044974681553498e-01
3.900016919718618524e-02
8.753351223274594486e-03
-1.391671564883254775e-01
-8.084693919524492400e-02
-8.708395579132512110e-02
-5.163880125287362288e-02
-1.387932919237335472e-01
-3.859770042238797744e-02
-1.358012889979951995e-02
-8.209059406704639905e-02
-8.415638867579514071e-02
-6.423688545307044973e-02
-5.092056506773742774e-02
4.770832417198304920e-02
-4.418548902883548402e-02
-5.202411013773482196e-02
-1.217076232374654683e-02
-7.656356681710611845e-02
5.577621018838707645e-02
6.878656639850905252e-02
3.846207832441286834e-02
-4.826047227292873734e-03
-4.263900829022747307e-02
-8.262299506134859750e-02
-1.083396453445932897e-02
-4.459290811825446232e-02
4.502278541317236661e-04
6.301452982245007994e-02
1.843157170735387762e-02
-5.042826191560091653e-02
-1.018844081288698689e-02
-7.910012986871953200e-02
-1.650837441924100576e-02
-8.644655901047397506e-02
1.182690461442624102e-01
-2.466770331338929978e-02
7.139404542630583932e-03
5.556328146539857987e-02
9.468470206864899874e-02
-5.392464114043905854e-02
2.993091519899531913e-02
6.109323337154078104e-02
4.313059756403594958e-02
-2.479607736075187946e-02
6.507502217450762683e-02
6.438908929249993057e-03
5.610676067801462566e-03
3.210472524754891255e-02
-8.007288575525033092e-02
-1.442709076102914323e-01
-4.331681349520565688e-02
8.310322712861056837e-02
4.718304823248681973e-02
6.788912081802894564e-03
8.159535371680762261e-02
1.438211780870079191e-02
-1.343561710801363385e-01
7.695994296114180844e-02
-1.130905820195279160e-01
-6.746791633919259346e-02
-1.711085759210432405e-02
-1.026209481073152158e-01
1.633142493517576038e-02
3.565661770775563344e-02
-7.356119463719848484e-02
6.716860626645539123e-03
1.584268936915036174e-01
5.706988880110213519e-02
1.105089629541862878e-01
6.150991236162775544e-02
1.512779965447401051e-02
