2.586088645619408211e-01
1.753497771745708145e-01
1.079737080617362982e-01
5.398534719776815205e-02
1.124201049198873467e-02
-2.209292637119955952e-02
-4.759072965843852421e-02
-6.659285789344039641e-02
-8.024198939342082337e-02
-8.950908109080986386e-02
-9.521694675601559410e-02
-9.806078446794629089e-02
-9.862603170420494725e-02
-9.740388096505575577e-02
-9.480474871467652054e-02
-9.116995500790085749e-02
-8.678183992782935452e-02
-8.187251540799213301e-02
-7.663142672540228240e-02
-7.121187654957249202e-02
-6.573664558213088149e-02
-6.030282722507149251e-02
-5.498597910983202275e-02
-4.984368147135510851e-02
-4.491858105482894603e-02
-4.024098931539421553e-02
-3.583109495125393062e-02
-3.170084315548052367e-02
-2.785552725505967275e-02
-2.429513251568045373e-02
-2.101546672878487620e-02
-1.800910767625013564e-02
-1.526619361079220583e-02
-1.277507942877693925e-02
-1.052287818660701396e-02
-8.495904969298223586e-03
-6.680037813584262241e-03
-5.061008376753675653e-03
-3.624633290161223542e-03
-2.356995611035556104e-03
-1.244584459700763535e-03
-2.743997768969858031e-04
5.659718642465269567e-04
1.288305324003764796e-03
1.903704522657839737e-03
2.422585960034369379e-03
2.854675020545430902e-03
3.209012439580088277e-03
3.493968723093751616e-03
3.717264669770601465e-03
3.885996451821412817e-03
4.006663973034476495e-03
4.085201446982770351e-03
4.127009329428974610e-03
4.136986901435038208e-03
4.119564937379629685e-03
4.078738008417613983e-03
4.018096069846432972e-03
3.940855062954599919e-03
3.849886330461016470e-03
3.747744701558695588e-03
3.636695149542585465e-03
3.518737963493532434e-03
3.395632406775709461e-03
3.268918860279032036e-03
3.139939468345852129e-03
3.009857320977343126e-03
2.879674217919900477e-03
2.750247069187193236e-03
2.622302992994765374e-03
2.496453176412066419e-03
2.373205566647708983e-03
2.252976462097650359e-03
2.136101072374481033e-03
2.022843115728888141e-03
1.913403520765269167e-03
1.807928297305282702e-03
1.706515638801488731e-03
1.609222315961591522e-03
1.516069418305542645e-03
1.427047497319658409e-03
1.342121161756787157e-03
1.261233172509660262e-03
1.184308081396387262e-03
1.111255455174128869e-03
1.041972723163752572e-03
9.763476840430242859e-04
9.142607046618618115e-04
8.555866411595193337e-04
8.001965102257466156e-04
7.479589360489806871e-04
6.987413963347962644e-04
6.524112887560471613e-04
6.088368373095570532e-04
5.678878562990341680e-04
5.294363880354922922e-04
4.933572288394607675e-04
4.595283565380724037e-04
4.278312713686664606e-04
3.981512610228006674e-04
