2.214636983729547370e-01
2.036900332119559454e-01
8.167715708383695150e-02
4.236986161916895394e-02
4.005002860025073247e-02
-1.648413200089679509e-02
1.922932029570560003e-02
-1.389060258335813036e-01
-3.044259640754553783e-02
-1.013758418632224045e-01
-1.427478111398512994e-01
-7.659341625551145671e-02
-1.245915486870888267e-01
-1.218680552790829402e-01
-1.493940084072658547e-01
-1.759736570973454706e-01
-3.032881763694571242e-02
-1.113893850203449276e-01
-5.153148231432646414e-02
-7.533573975460244876e-02
-7.251306945698589301e-02
-4.563804231745979822e-02
-9.553809144736488679e-02
-1.144680022388662628e-02
-4.484807870333675645e-02
-7.902951047633703652e-02
-1.503132119446579963e-02
-3.523404759056780744e-02
-7.092757557635342991e-02
-4.134440815593411027e-03
-4.627235788824744789e-02
-5.550715462116911914e-02
-9.410462997302887489e-02
5.837098727569858814e-02
-5.757109094143098536e-03
1.675588811656852570e-02
5.790932004808704153e-02
-2.402755882729636690e-03
-1.525674823498105251e-02
4.593249501113307043e-02
2.717246462569485738e-02
-3.864205703779970396e-03
-3.338236290191239769e-02
1.434890372674490523e-02
2.203662027709751489e-02
4.509702709281394190e-02
-3.004162960147491873e-02
-1.378220611484045309e-02
3.114832738062084643e-03
-4.484698271494606120e-02
-2.335924034543414296e-02
-2.270277787953626711e-02
-8.306474968087274036e-02
6.059579885172665034e-03
3.546379056147269671e-02
1.670535273320871913e-02
2.605774956473895163e-02
9.075856686481561034e-03
-1.494017854134564282e-04
-3.738097383398533702e-02
-1.906807030249766180e-02
-4.261694348650421800e-03
-3.407280832122669412e-02
-7.298150705192968032e-03
6.200668976907769414e-02
-8.384062597498744506e-05
4.292067825008580306e-02
-5.048771111933390149e-03
-2.216685362947297747e-02
1.495819073610083275e-02
-8.377929026624404175e-04
2.343780082189205697e-03
-6.237278653958876901e-02
-8.499304667110288425e-02
1.330165295104337314e-02
-1.249253262708161817e-02
2.343074260788767516e-02
-1.266497076558697338e-02
2.324490486587500737e-02
-2.526848799603280404e-02
2.534549295621537149e-02
4.114373748322444624e-02
-3.152024798877947100e-03
-5.173419862301053412e-02
-8.959193157292977966e-03
1.561368434224064475e-02
4.374403143301024838e-02
1.073719209668423658e-02
6.879962837614314597e-02
-3.038775747338383695e-02
5.255595189521344857e-02
4.781575388328568321e-02
-9.891096493640807313e-03
9.540693543247026620e-03
-3.216421317993665378e-03
-5.420988426280638067e-02
1.662924370955208911e-02
4.052820509440897140e-02
3.662615774397506158e-02
1.404811349128699122e-02
