-8.795559704575704740e-02
-1.088061995596683734e-01
-1.241110064174125310e-01
-1.348110115770424500e-01
-1.417112648233110062e-01
-1.454988967541398781e-01
-1.467588802178285967e-01
-1.459878018728095750e-01
-1.436058853736972285e-01
-1.399674792185518768e-01
-1.353701971046864516e-01
-1.300628763625400475e-01
-1.242525003391215938e-01
-1.181102131911435787e-01
-1.117765401628827704e-01
-1.053659128338514661e-01
-9.897058682132883756e-02
-9.266402883054566941e-02
-8.650384059921177593e-02
-8.053427903973985058e-02
-7.478842461477026859e-02
-6.929004357666460057e-02
-6.405518405952981276e-02
-5.909354104444587696e-02
-5.440962084637582241e-02
-5.000373192518010879e-02
-4.587282544163294451e-02
-4.201120600780666736e-02
-3.841113047137041658e-02
-3.506331028252772375e-02
-3.195733098269959438e-02
-2.908200059223074382e-02
-2.642563713081223092e-02
-2.397630415286405164e-02
-2.172200199774199092e-02
-1.965082142095214701e-02
-1.775106536959041720e-02
-1.601134387710387991e-02
-1.442064636519386003e-02
-1.296839504190440764e-02
-1.164448256378131097e-02
-1.043929667685959163e-02
-9.343734157699970511e-03
-8.349206034313494396e-03
-7.447635771052632525e-03
-6.631451845654697322e-03
-5.893575925547839614e-03
-5.227407659831808870e-03
-4.626806939127080590e-03
-4.086074334329678828e-03
-3.599930304214342403e-03
-3.163493658171026221e-03
-2.772259671836198661e-03
-2.422078177979351127e-03
-2.109131890965888941e-03
-1.829915168901658819e-03
-1.581213371830250333e-03
-1.360082935929837408e-03
-1.163832251522108757e-03
-9.900034059731107478e-04
-8.363548304622320587e-04
-7.008448714502599902e-04
-5.816162929079791988e-04
-4.769817034691566440e-04
-3.854098932090446739e-04
-3.055130573447841814e-04
-2.360348784818961515e-04
-1.758394348110726806e-04
-1.239008986507945421e-04
-7.929398772731728259e-05
-4.118513040708791234e-05
-8.824305596791086337e-06
1.846248192603956208e-05
4.128012950270812907e-05
6.017080582231058676e-05
7.561979820929778072e-05
8.806087348738360007e-05
9.788118648870487021e-05
1.054257687268392654e-04
1.110016281381585694e-04
1.148814891490842474e-04
1.173072006722601472e-04
1.184928379927768305e-04
1.186275228924946580e-04
1.178779847887963641e-04
1.163908841434227156e-04
1.142949179345307143e-04
1.117027255858504993e-04
1.087126124141701150e-04
1.054101063922675634e-04
1.018693628296485246e-04
9.815443044785513056e-05
9.432039126979553960e-05
9.041438575201196301e-05
8.647653366309189732e-05
8.254076034824492955e-05
7.863553721685853128e-05
7.478454454388979182e-05
7.100726398441743487e-05
6.731950756067993803e-05
