-1.184422040125777606e-02
-6.692028880948483471e-02
-1.276889385371211827e-01
1.632245910742797720e-02
2.571393002864507879e-02
1.518888558721063868e-02
-3.924331316316365115e-02
-4.352666553571730990e-02
3.476175738395806403e-02
-1.086814884145923150e-02
-8.782718000523141721e-02
4.793526211302199386e-02
-2.090919005573546249e-02
-5.339408301746479540e-02
-4.834010043326503886e-02
-9.730342790828140631e-02
6.154042305158728687e-02
-1.143013504772146111e-01
1.078832634653827116e-01
4.829767235137301384e-02
5.493122047763689120e-02
-4.980082889570822124e-02
-5.084954020601313573e-02
3.003651124813902507e-02
9.431274784673782108e-02
-5.923735022166676939e-02
-3.148261551160080191e-02
1.071813569955535200e-01
9.251832565044604620e-03
-9.637192545101770647e-02
-1.919388671734933993e-01
1.250488534880017100e-01
-7.117291773323650150e-02
1.680323569580742527e-02
2.215239337391445087e-02
-9.083191504744972389e-02
3.327314367937443673e-02
-3.292236367852071494e-02
8.943128499662723885e-02
1.355779974319243630e-01
3.732974350991493523e-02
8.578349264402605756e-02
9.310333037650593210e-03
1.336082002304584959e-01
2.895278958076943909e-02
6.007847806075555103e-02
-9.450899711597161856e-02
6.353117519332410201e-02
1.087920039063152156e-01
1.229205387754945256e-01
2.066913003221544295e-02
3.945135743770729342e-02
6.602072469383192532e-02
2.712434112477765322e-02
-7.604362350444758556e-02
7.172324965671698915e-02
-3.026379499535734874e-02
2.384441328408915331e-02
1.657316783689586487e-02
5.473199899026780224e-02
5.223718763798996384e-02
2.507325386919558030e-02
9.806241955003833222e-02
4.914628841252706437e-02
5.161531125321616731e-02
1.294672111734736751e-02
4.696463022630693873e-02
8.780748392609236119e-02
-1.988881304508625936e-02
-1.972476942887621196e-02
1.204694188917903794e-02
-1.129648228504236129e-01
-6.654638696413349430e-02
-1.603376516895588522e-01
2.527637905218377973e-02
-6.687972703349051584e-02
-5.331220111837511877e-02
-8.665881401468110423e-02
9.299442282661232739e-02
2.654840118705045250e-03
-8.135489454972513745e-02
4.937183333675793789e-02
2.545125004445116315e-02
3.345221037157835448e-02
-1.635980504240490685e-01
-1.826936862850625856e-02
9.543418724942992482e-03
-7.605041772354022289e-02
5.419365260988773247e-02
1.170101439275640122e-02
6.468057293984186273e-02
1.648803452684534029e-02
4.227183418918513402e-02
5.715404297915134546e-02
8.624124862500345823e-02
-2.301689828948020461e-02
-2.460446247896667590e-02
-5.022876903480242433e-02
1.424303790470918540e-01
-1.337186228662316234e-01
