-6.372847167347284181e-02
-9.195321538184549059e-02
-1.124172571880724253e-01
-1.265144593695663455e-01
-1.354272707760076078e-01
-1.401559027211490005e-01
-1.415437179335728712e-01
-1.402993032411038177e-01
-1.370156400310603706e-01
-1.321867365402566719e-01
-1.262220419207404354e-01
-1.194589231221698522e-01
-1.121734513287117735e-01
-1.045897144548013913e-01
-9.688784556798465952e-02
-8.921093365009780118e-02
-8.167096245967242485e-02
-7.435390509052142161e-02
-6.732408584338130109e-02
-6.062790698205296896e-02
-5.429702560507805587e-02
-4.835105502723637677e-02
-4.279985555395865449e-02
-3.764547118863895842e-02
-3.288376149862241860e-02
-2.850577145734004003e-02
-2.449887646902890181e-02
-2.084773487277501169e-02
-1.753507592956882882e-02
-1.454234754494230369e-02
-1.185024470464847435e-02
-9.439136743630199833e-03
-7.289409077977808404e-03
-5.381732860561386222e-03
-3.697274133797730233e-03
-2.217852412582890786e-03
-9.260572060045060838e-04
1.946702490326981949e-04
1.159983839481279477e-03
1.984602736460040762e-03
2.682300387794482599e-03
3.265908556902855087e-03
3.747333217051933979e-03
4.137579621702091454e-03
4.446784310998132261e-03
4.684252190948205025e-03
4.858497143782298383e-03
4.977284902667553773e-03
5.047677157731592090e-03
5.076076058752819128e-03
5.068268447755963288e-03
5.029469296316922342e-03
4.964363941304101788e-03
4.877148812256705893e-03
4.771570426398103609e-03
4.650962495812831568e-03
4.518281047667428024e-03
4.376137504335491334e-03
4.226829707461051203e-03
4.072370899710962486e-03
3.914516701392175071e-03
3.754790137245282884e-03
3.594504782434149691e-03
3.434786106771263274e-03
3.276591103183247242e-03
3.120726290870689396e-03
2.967864186012181531e-03
2.818558333595282562e-03
2.673256993358982900e-03
2.532315571183021280e-03
2.396007884794842339e-03
2.264536349582534080e-03
2.138041166766336664e-03
2.016608592328889525e-03
1.900278361047829908e-03
1.789050335805588343e-03
1.682890448145186795e-03
1.581735991857058637e-03
1.485500327268035646e-03
1.394077049896490662e-03
1.307343673265119743e-03
1.225164871945935317e-03
1.147395327365026635e-03
1.073882215527300829e-03
1.004467372638930770e-03
9.389891716098424301e-04
8.772841396093986792e-04
8.191883442228211363e-04
7.645385733092800859e-04
7.131733313891549381e-04
6.649336732811346592e-04
6.196638937619970353e-04
5.772120902253933617e-04
5.374306136625599858e-04
5.001764217693464073e-04
4.653113465921435393e-04
4.327022878519909735e-04
4.022213419235145366e-04
3.737458753856219345e-04
3.471585510967408047e-04
