-5.027979156486081166e-03
-1.627301575523581664e-02
-2.277318246802624221e-02
-2.557324611442248624e-02
-2.553892203574762917e-02
-2.338369618823687643e-02
-1.969195391946426330e-02
-1.493889543253933139e-02
-9.507658131416074632e-03
-3.704013447052817432e-03
2.231040481137598619e-03
8.110509502442610208e-03
1.379221242040425122e-02
1.917095440760857583e-02
2.417187849611146522e-02
2.874483282895433367e-02
3.285961243620151573e-02
3.650195275387711769e-02
3.967016825218006720e-02
4.237234365934557101e-02
4.462399760558629497e-02
4.644614928468390747e-02
4.786372813031385121e-02
4.890427469863568855e-02
4.959688808654654640e-02
4.997138142700080499e-02
5.005761240399780876e-02
4.988496042143399090e-02
4.948192613099473836e-02
4.887583255283287770e-02
4.809261007763911827e-02
4.715665028016853555e-02
4.609071575527083631e-02
4.491589515438974833e-02
4.365159429403192570e-02
4.231555566348616654e-02
4.092389990829697205e-02
3.949118393594351628e-02
3.803047120470508941e-02
3.655341053664167006e-02
3.507032045917388152e-02
3.359027664277485642e-02
3.212120047861247857e-02
3.066994724164189001e-02
2.924239262211647192e-02
2.784351669086114478e-02
2.647748459883279837e-02
2.514772350633248665e-02
2.385699539766260313e-02
2.260746556817593705e-02
2.140076667697379809e-02
2.023805834380557056e-02
1.912008233629491905e-02
1.804721344630426730e-02
1.701950619448099056e-02
1.603673753189022166e-02
1.509844572891364325e-02
1.420396565580048405e-02
1.335246066769098239e-02
1.254295131069197052e-02
1.177434106559786808e-02
1.104543934290258371e-02
1.035498193749674958e-02
9.701649144441154907e-03
9.084081728910833528e-03
8.500894934193608046e-03
7.950690701816042621e-03
7.432068267712845823e-03
6.943633288060497601e-03
6.484005638127117270e-03
6.051826017379375450e-03
5.645761484235433877e-03
5.264510034337111302e-03
4.906804327092065092e-03
4.571414656547404323e-03
4.257151254425793618e-03
3.962866005398898127e-03
3.687453647395914913e-03
3.429852522945535560e-03
3.189044941220338901e-03
2.964057204580657946e-03
2.753959347985582024e-03
2.557864634633069158e-03
2.374928846589761944e-03
2.204349404952652119e-03
2.045364350227769999e-03
1.897251210093335713e-03
1.759325778514668048e-03
1.630940827274021633e-03
1.511484768349289579e-03
1.400380283201209993e-03
1.297082932889517121e-03
1.201079761016166612e-03
1.111887899770535194e-03
1.029053187810759825e-03
9.521488073416252938e-04
8.807739465277787411e-04
8.145524922980986252e-04
7.531317576398806118e-04
6.961812466384762789e-04
