-5.716662837331831087e-02
-2.284599346475833792e-02
-5.990103483067955176e-02
1.555583893726795140e-02
-3.066733896773332635e-02
5.222799975097407177e-02
-7.329360341192743371e-03
2.859531176688890827e-02
9.074611032984394518e-03
-2.424250340270949627e-03
-2.754639271256608193e-02
3.763180629454523918e-02
1.714771428488417321e-02
5.407584753094743513e-02
3.870230071391638632e-02
-5.317799054467359232e-02
3.952990473021562173e-02
-5.679895664853559269e-03
-5.929941107799489158e-02
-3.506305685534400873e-03
5.487885824491133685e-02
6.789126769479671142e-02
-2.419329621794028169e-03
7.003178994791950385e-02
4.927493055777418945e-02
2.222988840880591246e-02
2.383144750261369238e-02
6.716009278084521250e-02
-3.731643720563526667e-02
7.478222144955511130e-02
1.275206220386680689e-02
2.881145086321828044e-03
3.792306337917165926e-02
5.674885178172135725e-02
1.257280066912383476e-01
5.288597211728861963e-02
1.416656002672276593e-01
-5.008077807474365511e-02
7.846785620493815228e-02
4.688283022487901158e-02
1.145544937401463820e-01
8.174357045593493021e-02
9.696154756990510437e-02
6.383531444684469036e-02
3.707797514183579224e-02
4.712830124299497575e-02
9.409060177972314309e-02
1.829345567935456926e-02
7.870330986163308340e-02
-2.333966485413369388e-02
5.613359951974662698e-02
2.151689262323569149e-02
6.328146036291069920e-02
6.224675067891123105e-03
2.561804917812107729e-02
1.910689375761817979e-02
6.652735632994666998e-03
2.976286707282481750e-02
3.331375445856182144e-02
1.531412793823740907e-03
5.664407400424986694e-02
7.727886793874570465e-04
8.311249972206289152e-03
8.969053817242968185e-02
2.384249423612026797e-02
-3.286841407337735138e-02
5.249402753302524760e-02
1.292076845075950352e-02
3.740232847052325088e-02
-8.296818470306244545e-03
-2.205768070623066041e-02
-1.141312870865589420e-02
1.295169668180005083e-02
3.052265322125392519e-02
-1.984952624715843189e-02
3.716394663942983873e-02
-2.345071259901230706e-02
-3.361500001384283565e-02
3.105567458515867685e-02
7.265297030280487567e-02
-8.010619942411296643e-03
-3.704528960117101609e-03
6.009985406477901491e-03
1.172017387654545641e-02
-4.405223777360031678e-02
-6.416796477956457356e-02
-2.718400682916715522e-02
2.584555805689845234e-02
-8.980066907162204820e-03
-6.417091342395115500e-03
1.786941236787201528e-02
4.354172746224822116e-02
-5.172495076227209831e-02
6.867439024126789637e-02
-2.452658465488426198e-02
4.889787932718915597e-02
2.353122860082880116e-02
1.432292961117480161e-02
2.750808706476533076e-03
2.720577032789104396e-03
