-1.015740770158516798e-01
-1.163192931556562421e-01
-1.167433288828062521e-01
-1.271722517714867218e-01
-1.319634457934764638e-01
-1.437802414855281208e-01
-1.583335838419686614e-01
-1.528626920511958476e-01
-1.409515601274578256e-01
-1.123601184513011164e-01
-1.211652293161996491e-01
-1.165080176476160079e-01
-1.063023555082202032e-01
-1.535747624065635086e-01
-1.122947974360320039e-01
-1.217134444991954667e-01
-1.503777972157374909e-01
-3.631304486685489608e-02
-7.558966588093843364e-02
-9.508138868381765807e-02
-7.084184629640935538e-02
-9.263392277769359751e-02
-1.013547081078244178e-01
-1.749340338098529651e-02
-6.446579097127574931e-02
-5.862865659214515357e-02
-3.960343151899006764e-02
-3.310587222733916285e-02
-5.182871242705013731e-02
-2.451902764365853846e-02
-9.113239412377280302e-02
-5.146813753072330966e-02
-2.080022074880840191e-02
-5.216906807668980628e-02
-4.437649987337342894e-02
7.305056405683803267e-03
-2.848819815002626848e-02
-2.032031597270624133e-03
-6.986826329174070094e-02
-2.109485136664101743e-02
-3.393759000143093535e-02
1.811639616872831246e-02
-2.957196082581950002e-03
1.299407482908373265e-03
2.890133420489687105e-02
-4.613178163553837557e-02
2.807231171166657199e-02
1.928457891622233425e-02
3.504894919864752489e-02
1.724110875964184400e-02
-1.123802075187552152e-02
-8.703427855415592218e-03
5.086941977815740562e-02
1.748550043916418002e-03
3.747391257077935245e-02
1.319141067155368136e-02
1.872384301604117923e-02
4.611856443413950984e-02
4.293340851019251947e-02
5.364743662751797482e-02
9.142823235541962246e-03
-3.120038346153610961e-02
4.040446396321572403e-02
-7.055864716819410486e-03
2.276689476496214157e-02
1.111838169644643881e-02
1.129739274280338115e-02
-4.998087423106983146e-02
-2.962670151036049179e-02
-1.426693290354260485e-02
1.843009584662050684e-02
-5.047119455866280573e-03
1.609718397208076412e-02
2.818221831142969647e-02
2.765260515027456734e-03
3.724629853293868337e-02
1.801802187881262549e-02
-5.908705324843767370e-02
3.046465516190150456e-03
1.045112859134744444e-04
2.893461132306018521e-02
-4.170472028971417000e-02
-4.573540513622593312e-03
3.528063610585470411e-02
-4.815365285136482404e-02
2.832855229867229513e-02
3.518215841459947091e-02
-3.671924620529394383e-03
-2.898077041162052704e-03
-9.927446624020357449e-03
3.248151219140234247e-02
2.979938261810776735e-03
3.624043620391528484e-03
-2.506834725012088358e-02
-2.901917977965542267e-02
-1.002811625823733961e-02
6.474752171142728052e-02
-6.201291188802314329e-03
-2.170075892598752332e-02
3.217822841040512798e-03
