3.021612230795087672e-01
2.446603365504306793e-01
2.267482896707460338e-01
2.684664280419604143e-01
2.302016547362915888e-01
2.633631137070841510e-01
2.762171537080173600e-01
2.734381099652977154e-01
1.659540609336309647e-01
1.624970621403850901e-01
1.917745233915437997e-01
2.109470919929108124e-01
1.907437058875386393e-01
1.804023089492912679e-01
1.773092076453253174e-01
2.078951789958957130e-01
2.299645446583674369e-01
2.682835773887966013e-01
1.364220126740914307e-01
1.404561725825382301e-01
1.528849505057263414e-01
1.646201023986489376e-01
8.359691583751320543e-03
1.811658599167851602e-01
3.313851124522940866e-02
3.367923096596436849e-02
6.093167448099803818e-03
9.748119154713440204e-02
6.212676205117645400e-03
9.187093385397115952e-02
1.095284386792384212e-01
4.479708151589260022e-03
3.022789844313440721e-02
7.958433100045145259e-02
-1.313753569950831986e-02
-3.078663627805202849e-02
6.343028417786110429e-02
5.996740316308375729e-02
2.066319307019677878e-02
-3.084132941730558658e-02
1.355144949946588961e-01
2.860125564235972001e-02
-5.023631621304516792e-02
9.022065894525441165e-02
1.176610194907506401e-01
4.996596824702102813e-02
5.191501190292467649e-02
2.751734598989030375e-02
-6.053464388504140037e-03
1.236078445397924552e-01
-2.286443316978315279e-02
-2.711045014696758515e-02
3.421321391785361876e-02
1.186214354500878948e-01
-7.323229240060862011e-02
6.477831492350917542e-02
7.111722359073434363e-02
7.662207372225691981e-02
-2.003309651058546097e-04
7.847647911845481716e-02
2.808796412520368768e-02
3.084503275247892431e-02
8.171241814174914908e-02
6.619438958349525837e-02
-2.143100877380346974e-03
2.818694014524520102e-03
1.766922781072416404e-02
-8.032396068820437871e-03
-3.577551459975818887e-02
-4.124829276514167808e-02
4.544933735576552926e-03
7.394257568360609011e-03
1.365660413417144232e-02
-1.617909676460828339e-02
1.038029545866326758e-01
4.274792951586895567e-02
2.070286618255373634e-02
-1.665514369617496909e-02
-4.340854504979753392e-02
-4.652875787756535070e-02
-2.434428996330131878e-02
-3.025000334517619245e-03
-6.291031299144093925e-02
-9.358408143822634362e-02
-4.053271371733043436e-03
-5.029904303271266752e-02
-7.239517693810304522e-02
-6.621483199884214271e-03
3.903821730313770857e-03
5.889477200877824004e-02
3.710757023294770224e-02
9.380130143152544397e-02
1.522219848446572654e-01
4.603904036020614599e-02
-7.157190239169478052e-02
5.788896394621560054e-02
9.245024290663811373e-02
1.906068286884073787e-02
5.544487058643351313e-03
-8.892827714528260541e-02
