-5.641659223369920734e-02
-6.671112055293669518e-02
-5.430579968308486827e-02
-1.064077472326604851e-01
-5.397547099859455882e-02
-6.906571690702970057e-02
-3.903736584815360039e-02
-5.544513578906620777e-02
-1.253333877198964386e-02
-1.154405383805619384e-01
-7.866697203891966084e-02
-8.465309200783510679e-02
-8.355427083737361482e-02
-5.749034728158462088e-02
-8.634644556450110642e-02
-9.206083277940461940e-02
-1.225620284266832200e-01
-7.449418196628043720e-02
-4.389529585553680197e-02
-1.518367405032821638e-01
-1.028319695337577416e-01
-1.228957202222973472e-01
-9.482415284922472709e-02
-9.717171114536815590e-02
-1.571087367269534130e-01
-1.233905337002290103e-01
-8.038917498192603428e-02
-9.476660480043019863e-02
-1.022974440037434374e-01
-7.786667240521213951e-02
-4.453647939712154780e-02
-1.112356742367311968e-01
-8.885208913260086994e-02
-1.286163678903437524e-01
-4.536788516098697044e-02
-8.798337012848558847e-02
-2.458449311138302673e-02
-1.642785217442197659e-02
-3.994866229537153562e-02
-3.585109182587428722e-02
-5.638792483603932010e-02
1.522674235869877178e-02
-5.471715705690465004e-02
-3.171059938530898514e-02
-4.864084750145616226e-02
-6.812170596991880267e-02
3.954200873438654118e-02
-2.029126246391788763e-02
-2.098586493642420284e-03
-3.652193671219267079e-02
-5.306905601452716753e-02
-9.308370189747972381e-03
3.282798008552161723e-02
-9.872744315050115474e-03
1.979516951851516271e-02
2.334584563155244884e-03
-1.173116910827656789e-02
-2.481908773727580300e-02
-1.653315645080336016e-02
2.250715400276304123e-02
1.647394743109563062e-02
5.668446475275471658e-02
3.967653756940834470e-03
1.337881780878105373e-02
-1.296968717943255273e-02
4.160074786180359245e-03
4.831308557885643368e-03
-3.802401945076012285e-02
4.656132561783758728e-02
-1.145868309964231252e-02
7.631486308777320204e-02
-3.245616485885331054e-02
8.121651039292123939e-03
-1.199846019243051495e-02
-3.651896302988946047e-02
1.334933352673146542e-02
-3.232653577940747952e-02
2.693356112780211867e-03
5.444626978972016279e-02
-3.357825500327624169e-02
-1.952308450829522493e-02
6.373940225122047554e-02
-1.136419500323070358e-03
-1.359777318648883876e-02
5.912517753502250645e-02
1.541139057890645800e-02
-1.812024247887084744e-02
3.702354760669077788e-03
2.033556981711344760e-02
-8.883705181144416294e-04
-2.878577756069423954e-02
-3.111979622378407279e-02
4.135101176857941541e-02
3.455451979132537904e-02
-2.733660263018047182e-03
2.461551350549825989e-02
-3.621535226764731330e-02
-2.463805229208635567e-02
-4.280984961339012566e-03
5.546595626984797411e-02
