-8.794759255540736398e-02
-7.067438987230205416e-02
-5.919953705001441274e-02
-5.226115845948478555e-02
-4.881498615263134278e-02
-4.800152093121214103e-02
-4.911774408160667765e-02
-5.159278524515163722e-02
-5.496702629352081398e-02
-5.887418646860729382e-02
-6.302599148973939136e-02
-6.719907976823866202e-02
-7.122384313177149151e-02
-7.497493828358864354e-02
-7.836323925398873402e-02
-8.132903091683942043e-02
-8.383626974930417919e-02
-8.586776085523620261e-02
-8.742112024663507841e-02
-8.850540883121851832e-02
-8.913833979452467915e-02
-8.934397436260932412e-02
-8.915083252477772058e-02
-8.859035539489340527e-02
-8.769566467953056332e-02
-8.650057236429943563e-02
-8.503880036920336005e-02
-8.334337568572854071e-02
-8.144617150311914133e-02
-7.937756915609678332e-02
-7.716621946642809871e-02
-7.483888528106359683e-02
-7.242034979569209052e-02
-6.993337765199364453e-02
-6.739871786001803977e-02
-6.483513936805974931e-02
-6.225949161973388934e-02
-5.968678373539969273e-02
-5.713027706209544698e-02
-5.460158677845663999e-02
-5.211078904111909882e-02
-4.966653083640772126e-02
-4.727614027270039820e-02
-4.494573552954173740e-02
-4.268033108222921146e-02
-4.048394015637728910e-02
-3.835967264556897766e-02
-3.630982795502328553e-02
-3.433598242249740612e-02
-3.243907112068103449e-02
-3.061946396853435989e-02
-2.887703617703823653e-02
-2.721123313167067570e-02
-2.562112987304399417e-02
-2.410548538148266778e-02
-2.266279190341443511e-02
-2.129131957944420048e-02
-1.998915664771117734e-02
-1.875424550315447567e-02
-1.758441489494713336e-02
-1.647740854171557065e-02
-1.543091043817649763e-02
-1.444256711827804525e-02
-1.351000712947932406e-02
-1.263085796098405329e-02
-1.180276065600375374e-02
-1.102338232483023907e-02
-1.029042676194022107e-02
-9.601643356774941171e-03
-8.954834474422718182e-03
-8.347861469328591438e-03
-7.778649482475547688e-03
-7.245191160308740892e-03
-6.745549422067047100e-03
-6.277859391185092348e-03
-5.840329596055891283e-03
-5.431242535710975768e-03
-5.048954696879757488e-03
-4.691896100425079798e-03
-4.358569447302190585e-03
-4.047548926933045715e-03
-3.757478744204128737e-03
-3.487071415156483851e-03
-3.235105875814053497e-03
-3.000425443461009374e-03
-2.781935665001549190e-03
-2.578602082786483982e-03
-2.389447944441301479e-03
-2.213551879751568703e-03
-2.050045564526027392e-03
-1.898111388539445695e-03
-1.756980142130562528e-03
-1.625928733771849280e-03
-1.504277948914447714e-03
-1.391390258622340285e-03
-1.286667684924829979e-03
-1.189549728416899313e-03
-1.099511362406024742e-03
-1.016061096825248951e-03
-9.387391141912104818e-04
