-6.242392007227050288e-02
-5.835340731482310805e-02
-5.708012091543349098e-02
-5.786227774022686260e-02
-6.009737820549675841e-02
-6.330018450425557719e-02
-6.708384101560173340e-02
-7.114371809187486351e-02
-7.524361359425613127e-02
-7.920399321225472800e-02
-8.289199153144517773e-02
-8.621293169171598270e-02
-8.910315291009646144e-02
-9.152396266213652654e-02
-9.345655439537553510e-02
-9.489775270377867611e-02
-9.585646629021277176e-02
-9.635074510876913412e-02
-9.640535209534539796e-02
-9.604977211477050414e-02
-9.531659139733945907e-02
-9.424019000185607231e-02
-9.285569789773179261e-02
-9.119817225626034030e-02
-8.930195961356734990e-02
-8.720021183152161515e-02
-8.492452934050927216e-02
-8.250470908932640290e-02
-7.996857803143397891e-02
-7.734189591262596863e-02
-7.464831365342293468e-02
-7.190937579332960794e-02
-6.914455732997881743e-02
-6.637132688479074893e-02
-6.360522949365988998e-02
-6.085998348739470737e-02
-5.814758691928532258e-02
-5.547842983990382282e-02
-5.286140943265196790e-02
-5.030404562560274878e-02
-4.781259530143754793e-02
-4.539216365132128783e-02
-4.304681157215665965e-02
-4.077965830002229508e-02
-3.859297871457433027e-02
-3.648829494742278357e-02
-3.446646208859477367e-02
-3.252774791486861411e-02
-3.067190666691555628e-02
-2.889824698304870737e-02
-2.720569415957412723e-02
-2.559284695438025087e-02
-2.405802918414354924e-02
-2.259933638864148470e-02
-2.121467785007918883e-02
-1.990181426269175408e-02
-1.865839134957035170e-02
-1.748196972084547704e-02
-1.637005126103095037e-02
-1.532010232431164735e-02
-1.432957400553186433e-02
-1.339591974218116294e-02
-1.251661048924752016e-02
-1.168914769479813785e-02
-1.091107428986799570e-02
-1.017998389193305875e-02
-9.493528407118971557e-03
-8.849424202499516987e-03
-8.245457006490986007e-03
-7.679485682535829721e-03
-7.149445009053472314e-03
-6.653347587059901987e-03
-6.189284985944210581e-03
-5.755428227650865106e-03
-5.350027699950337529e-03
-4.971412580578437462e-03
-4.617989845770674277e-03
-4.288242929090356134e-03
-3.980730089423160749e-03
-3.694082540558766160e-03
-3.427002388871588749e-03
-3.178260420217833646e-03
-2.946693772252870821e-03
-2.731203523910972087e-03
-2.530752229747479983e-03
-2.344361423192038805e-03
-2.171109109471131872e-03
-2.010127266001484302e-03
-1.860599365406089825e-03
-1.721757933936503195e-03
-1.592882155975098614e-03
-1.473295533416384747e-03
-1.362363607066734020e-03
-1.259491745737124132e-03
-1.164123007415646420e-03
-1.075736075778820815e-03
-9.938432743173645102e-04
-9.179886594988551649e-04
-8.477461936532765989e-04
-7.827179976357778561e-04
