-3.702889571537076874e-02
3.750247808364785829e-02
-2.696475146003311438e-02
-3.480484615127393822e-02
1.705213204488313650e-02
7.049638344139372292e-02
-9.232666735276265704e-03
2.059236283218467481e-02
1.144116291276760372e-01
2.878282758184748033e-02
1.712091474902675825e-02
-1.218996846203313916e-01
1.644661391170711140e-02
1.490592662863093019e-02
-2.231038322062566469e-04
4.544273779957839349e-02
-7.528819602415127987e-02
1.054676039188378878e-01
5.368159544385580836e-03
1.988963833902300526e-02
1.699950478523660005e-02
2.515166836808825634e-02
5.660420448179317998e-02
7.090827710933655763e-03
2.009126512131374775e-02
-6.599738239572046361e-02
-9.802507646508142394e-03
-3.330307481404248815e-02
8.056745840031329098e-02
-8.950798918771679658e-02
4.260858426443547148e-02
2.555241784782801007e-02
8.662593205108833072e-02
3.274358883993230135e-02
-1.011599180179047486e-01
2.720986317200202627e-03
-1.336259848744630364e-02
5.514318029022809153e-02
1.005601515443954319e-01
-6.093893993976481210e-02
4.183235157967048722e-03
4.674987466357056337e-02
8.089519776877795998e-02
-8.268760817275214170e-02
1.016344174466033978e-01
8.365560766432197926e-02
-6.641574225603424919e-02
-1.106762091962474881e-01
-3.369223591773024690e-02
9.766396803986152064e-03
-8.285331726552934081e-03
-2.112778733181037288e-02
4.572763326181362997e-02
3.206562998449258295e-02
7.712844223662355947e-02
5.429309366795183334e-02
4.578777059182186082e-02
4.533936485426235535e-02
-1.604594588753069026e-02
5.861144033887830812e-02
-4.233276982128573313e-02
-5.109104158207961738e-02
7.426252340298741816e-02
-1.169287002877422710e-01
3.598079999210662683e-02
-2.859635792005517027e-02
-4.272591131116142138e-02
5.854458821196562024e-02
3.605924826001428302e-02
-1.708621932003903665e-02
-2.670583157832942880e-02
-2.122144231542861040e-02
-3.806860340123332381e-02
-4.629489965127896178e-02
-3.920780037277192542e-02
-4.660110723112228267e-04
8.955054716903824985e-03
4.100312072442915262e-02
-2.153009430186446360e-02
1.919791818712490022e-02
3.695149731538630716e-02
2.506399875418162740e-03
-3.503813711662697350e-04
6.450115401700309489e-03
-1.393449744459998238e-02
-1.346064429141174967e-01
3.227444613549692448e-02
2.535424370525111645e-02
-7.158623586080635481e-02
-6.111676342044409377e-02
1.503439899348166763e-03
-3.167382598658766927e-03
-1.826634037187047435e-02
-7.610713336684845655e-03
7.935894852173415795e-03
2.602773054189044810e-02
6.482625282234178409e-03
-2.349230013294055855e-02
-4.262289795197912040e-02
-7.485228534786785015e-02
