1.795720673453412852e-01
1.233476472195172702e-01
7.389286116130092119e-02
3.064780023305896384e-02
-6.923059764508042446e-03
-3.932844233506986587e-02
-6.704872401326016085e-02
-9.053509614158070096e-02
-1.102092976631229571e-01
-1.264638031137015062e-01
-1.396623682703104774e-01
-1.501408516237024149e-01
-1.582082433262512189e-01
-1.641478448152658975e-01
-1.682185521830079911e-01
-1.706562047820034955e-01
-1.716749677136303331e-01
-1.714687229202945806e-01
-1.702124487358105953e-01
-1.680635720747120643e-01
-1.651632810721749833e-01
-1.616377890203101186e-01
-1.575995429691809391e-01
-1.531483724461105977e-01
-1.483725754588878787e-01
-1.433499403429635555e-01
-1.381487031377116315e-01
-1.328284410738120869e-01
-1.274409034585582690e-01
-1.220307817891923968e-01
-1.166364213326638727e-01
-1.112904767061642514e-01
-1.060205141958208003e-01
-1.008495636775846444e-01
-9.579662306873948374e-02
-9.087711825255131992e-02
-8.610332139252722949e-02
-8.148473049510054911e-02
-7.702841299750756709e-02
-7.273931605718481075e-02
-6.862054610521034492e-02
-6.467362010328939204e-02
-6.089869081496182557e-02
-5.729474826987417113e-02
-5.385979946737320251e-02
-5.059102823414127204e-02
-4.748493702153458451e-02
-4.453747230280631630e-02
-4.174413510932838134e-02
-3.910007812888444123e-02
-3.660019067851015551e-02
-3.423917275948218375e-02
-3.201159930304437601e-02
-2.991197562235671514e-02
-2.793478499892065522e-02
-2.607452925026946394e-02
-2.432576304986652782e-02
-2.268312269973314990e-02
-2.114134999111493690e-02
-1.969531172825384618e-02
-1.834001543480891921e-02
-1.707062171140702120e-02
-1.588245366594241703e-02
-1.477100379532280891e-02
-1.373193865812344892e-02
-1.276110164180996494e-02
-1.185451409558507460e-02
-1.100837507027055059e-02
-1.021905987973353164e-02
-9.483117673994075070e-03
-8.797268192109051338e-03
-8.158397843028738355e-03
-7.563555244689188634e-03
-7.009946335470702838e-03
-6.494929157666070284e-03
-6.016008399617121284e-03
-5.570829771562082686e-03
-5.157174279864292811e-03
-4.772952455051417998e-03
-4.416198580877654656e-03
-4.085064964331849846e-03
-3.777816280063567636e-03
-3.492824017004020863e-03
-3.228561049945160005e-03
-2.983596354438960204e-03
-2.756589879527917772e-03
-2.546287589459373182e-03
-2.351516682619100244e-03
-2.171180993396189945e-03
-2.004256580518783918e-03
-1.849787503540261443e-03
-1.706881787572455973e-03
-1.574707575025265961e-03
-1.452489461991697669e-03
-1.339505015988362059e-03
-1.235081471000733060e-03
-1.138592595169050448e-03
-1.049455725966340998e-03
-9.671289673477217151e-04
-8.911085430753367016e-04
