1.539603602017774464e-01
-5.579893524596907933e-02
-2.449557240941087691e-02
-7.014575570614466071e-02
5.326895380858387430e-02
-6.015927911953349028e-02
6.773074088634392642e-02
6.941622607236541675e-02
-1.631178516286748703e-01
4.598293633472078784e-02
-9.255644097203462317e-02
-7.141209632863805556e-02
5.573116347491133965e-02
2.128473272805056493e-02
5.291657502818847281e-02
9.523015087265172818e-02
1.217718319166017221e-01
-6.260203987446238960e-02
-5.558831998064223123e-02
3.983132572766211535e-03
-9.993162818049744142e-03
-6.235366204635423189e-03
-6.796194537197708385e-02
1.660552590523471372e-01
-4.223774451100932581e-02
3.748270724257798253e-02
-1.483410060387722607e-01
-1.351128703090369865e-01
1.082503031212585093e-01
-7.600180210973721262e-02
6.451084743665744248e-02
1.454207021060920924e-01
9.187106913679217446e-02
4.320633500546832567e-02
1.010314709797072996e-01
2.955326868872728847e-03
8.007065047595478269e-02
6.218690030665495472e-02
-1.005715438275305573e-01
-4.074256506719757531e-02
-6.585073381740380594e-02
1.830576882236223668e-01
8.226907940671832412e-03
6.577486164701254467e-02
5.885286840535563883e-03
-5.405025867545248247e-02
-3.952903024610022326e-02
1.148980870074625821e-01
-1.862755559028470703e-02
-6.486768518517112281e-02
9.729986620607941616e-02
5.583588657755328422e-02
6.884367452918262187e-02
9.430430705065814823e-02
-5.422868311118216045e-02
1.049310723114108973e-01
-1.013741443061420416e-01
-5.892711671825898861e-03
1.066729792923456488e-01
-4.747079387612044843e-01
-1.589847929271872434e-02
9.471783694706972789e-02
9.385761645201914916e-02
1.401428471132656894e-01
-1.228901616405370231e-03
5.384858818164086486e-02
-6.109531668824055156e-02
-1.606817064008971285e-01
5.607212306098150606e-02
-6.605177368262343807e-02
1.254754906816523963e-01
6.529105746582046510e-02
-9.645669562270047306e-03
-1.027448636815535971e-01
5.786832365773871695e-02
-7.029560169958470883e-02
3.336808867038176113e-02
-1.188318840685812644e-01
-9.990954346801875219e-02
4.577763954918268041e-02
1.331042440621374966e-02
-2.768607173010047967e-02
4.788918891485777901e-02
8.777333717390112255e-02
5.421603208794007617e-02
5.930702288426825675e-02
-7.540681614982917835e-02
6.705942304394879594e-02
-7.946291673903702057e-02
-7.975898084905168328e-02
-1.012909147788833841e-01
5.396424169677754151e-02
5.601854512430519406e-02
-1.014816968984211948e-01
-1.134001082176128855e-01
1.916605256518427447e-01
-7.710786723705687074e-02
6.775527043694466733e-02
-3.578115891476248145e-02
-7.147641340075977512e-02
