1.991133745687811152e-01
2.299835908565862619e-01
7.788565949691006463e-02
1.386996255587822080e-01
-6.326923610751282456e-02
-1.550067764308800666e-01
4.533500868415318852e-02
-9.057320154275390334e-02
-1.563548275378066066e-01
-1.336648041872413040e-01
-1.677805347618922249e-01
-1.522496025693719501e-01
-2.392223107096708434e-01
-1.133180129795707536e-01
1.631749644391350743e-02
-5.380120712642539466e-02
-2.300745786765318601e-01
-1.517011145980781128e-01
-3.688057517248026218e-01
-1.941621220204886034e-01
-6.888008107364514132e-02
-1.037909274752539524e-01
-1.236244965754259850e-01
-7.793857568440884509e-02
-6.880027143932979615e-03
-1.872757390285332835e-01
-8.840605108020796465e-02
-2.110194125319007352e-01
-4.544526460979525506e-02
-1.304826505135244508e-01
-1.784529175594698758e-01
-8.986678528209839090e-02
-8.785671103080891498e-02
-1.135514539290107955e-01
-3.067478687378031310e-01
-1.667714954363803126e-01
3.616728772520488378e-04
-7.547072323655405757e-02
-3.596098409661683398e-02
-2.019120931279195508e-01
-2.071567569441510881e-01
2.091157012825159076e-02
-1.101827523191044600e-01
-1.844560761079875807e-02
1.157675372146424464e-02
-1.352166936501267569e-01
4.970364856170551848e-02
-3.347715019224755534e-02
-1.730850845795573190e-01
-9.404916884470809757e-02
-1.771998557702954558e-01
-3.736658106905996896e-02
-8.536383909390160563e-02
-1.627820905510773408e-01
-3.709363214538631548e-02
5.155311478945438092e-03
3.297130241557251484e-02
4.503653393087457546e-02
-4.149711102780347799e-02
-7.340893912093394112e-03
-1.241018735171768861e-01
-1.462919662454104375e-01
-7.536632002522267171e-02
-1.129944963433435617e-01
6.972564704603510799e-02
-2.317752052953792399e-02
-6.295124063668637582e-02
3.522744692619163981e-02
-1.309855114186021519e-01
-3.958292660575461752e-02
-7.621813155963096109e-02
-1.405040840249363078e-02
8.884241830064176781e-02
4.503622069608027162e-02
1.170116256178474201e-01
2.452073167418885105e-02
3.983881504820370456e-02
-3.713950490412496613e-02
-8.985781695746188069e-02
1.228309054852378540e-02
1.398177435066253263e-02
-8.146442010773902176e-02
-1.649758109868158240e-01
5.339170838132753505e-02
3.569284053583243049e-02
4.441532718153880753e-03
-8.897948760861897066e-02
-7.650204016690001496e-02
-5.266514071383337353e-02
-8.685239750473401285e-03
4.084584127435157003e-02
-4.124415820593054643e-02
-7.518786551186484434e-04
1.028617839294918290e-01
-3.578754442405887581e-02
-3.186854633161873007e-02
-5.450123181698077190e-02
5.674122743285088533e-02
-8.757177991952576346e-02
-1.875786056699797755e-02
