2.105745968016575209e-01
1.556790604900338548e-01
1.064965296241400378e-01
6.270592950763063944e-02
2.396994694522528585e-02
-1.005653436664877623e-02
-3.971968878919977103e-02
-6.536142663575414402e-02
-8.731526530123928653e-02
-1.059031966505143002e-01
-1.214333820926732366e-01
-1.341985313860185047e-01
-1.444748425291459692e-01
-1.525213985180278731e-01
-1.585799326562163380e-01
-1.628748878190987848e-01
-1.656137068773634313e-01
-1.669873016281704092e-01
-1.671706562827365850e-01
-1.663235290066604755e-01
-1.645912213709534166e-01
-1.621053909929754955e-01
-1.589848872544027680e-01
-1.553365938888576214e-01
-1.512562655315676796e-01
-1.468293481015467417e-01
-1.421317752165513204e-01
-1.372307347861069227e-01
-1.321854015434875684e-01
-1.270476326116045107e-01
-1.218626242918397357e-01
-1.166695291548670160e-01
-1.115020332294850980e-01
-1.063888936562130405e-01
-1.013544376199452257e-01
-9.641902372016093736e-02
-9.159946719506803503e-02
-8.690943060221534289e-02
-8.235978168500997232e-02
-7.795892023286177253e-02
-7.371307578139715821e-02
-6.962657800601738944e-02
-6.570210164351605875e-02
-6.194088773798859388e-02
-5.834294295345905657e-02
-5.490721863035409600e-02
-5.163177118936550930e-02
-4.851390540700174780e-02
-4.555030200439984245e-02
-4.273713090652388191e-02
-4.007015144413245133e-02
-3.754480068699863476e-02
-3.515627101469837729e-02
-3.289957795153813924e-02
-3.076961921538686612e-02
-2.876122585668224041e-02
-2.686920629395696605e-02
-2.508838398603351408e-02
-2.341362941864707017e-02
-2.183988702469303461e-02
-2.036219760252082692e-02
-1.897571674563716670e-02
-1.767572974973136493e-02
-1.645766341896400670e-02
-1.531709515282264622e-02
-1.424975965738328396e-02
-1.325155359036174658e-02
-1.231853841772188700e-02
-1.144694173065921756e-02
-1.063315724532905120e-02
-9.873743683570596757e-03
-9.165422710932350642e-03
-8.505076088371950685e-03
-7.889742175936631519e-03
-7.316611910385553176e-03
-6.783024363956430443e-03
-6.286461978179019687e-03
-5.824545554675661721e-03
-5.395029074151766295e-03
-4.995794405161264364e-03
-4.624845955634617270e-03
-4.280305312489325088e-03
-3.960405907819403160e-03
-3.663487744103079494e-03
-3.387992205504274882e-03
-3.132456977607052644e-03
-2.895511093751254508e-03
-2.675870122476485449e-03
-2.472331507378619508e-03
-2.283770067891107737e-03
-2.109133667080037924e-03
-1.947439050447506009e-03
-1.797767857937525955e-03
-1.659262809799762293e-03
-1.531124065659795336e-03
-1.412605755044110071e-03
-1.303012676689356769e-03
-1.201697163207552342e-03
-1.108056107062004719e-03
-1.021528143315833439e-03
