5.897509525675809217e-02
3.562853205566385989e-02
1.814117144861020908e-02
5.423732690780667595e-03
-3.441150310404185453e-03
-9.223464583427470193e-03
-1.256708088033125711e-02
-1.400815958494297173e-02
-1.399106469260546354e-02
-1.288210591437313063e-02
-1.098138942560554498e-02
-8.533022984440613579e-03
-5.733890535161711988e-03
-2.741184494051390752e-03
3.211397435164548009e-04
3.356843320635384542e-03
6.292691957384008439e-03
9.074443023421155385e-03
1.166343620671064091e-02
1.403370465630238151e-02
1.616953426736050803e-02
1.806340822447215916e-02
1.971428218642846952e-02
2.112614272486752071e-02
2.230680794632660530e-02
2.326693474341066936e-02
2.401920193383529772e-02
2.457764274230742063e-02
2.495710373554693023e-02
2.517281050212955354e-02
2.524002313512432871e-02
2.517376697850471495e-02
2.498862618357490517e-02
2.469858942920087272e-02
2.431693872462977607e-02
2.385617356699394967e-02
2.332796389431657930e-02
2.274312628272310080e-02
2.211161870444015853e-02
2.144254990927416810e-02
2.074420013257263079e-02
2.002405038115386698e-02
1.928881801755845393e-02
1.854449676289651391e-02
1.779639957885461449e-02
1.704920317820688910e-02
1.630699315752749678e-02
1.557330895189114675e-02
1.485118798453678376e-02
1.414320852941952644e-02
1.345153092533160968e-02
1.277793688034623357e-02
1.212386668776639989e-02
1.149045424217507230e-02
1.087855979885537366e-02
1.028880046373944340e-02
9.721578435842214566e-03
9.177107051292855699e-03
8.655434698839666735e-03
8.156466692142431280e-03
7.679985195192919403e-03
7.225667304599716831e-03
6.793101396901089425e-03
6.381801851092470251e-03
5.991222256650728488e-03
5.620767215906825875e-03
5.269802847000866659e-03
4.937666090130861385e-03
4.623672915614849242e-03
4.327125527620484871e-03
4.047318652437183542e-03
3.783544995005125831e-03
3.535099942178822254e-03
3.301285585975978400e-03
3.081414134912430387e-03
2.874810776503180978e-03
2.680816049158217789e-03
2.498787777048935323e-03
2.328102617087489910e-03
2.168157262961005385e-03
2.018369347202682296e-03
1.878178078565925346e-03
1.747044648494607737e-03
1.624452437248908058e-03
1.509907047245641863e-03
1.402936188396945640e-03
1.303089437672195691e-03
1.209937892755267620e-03
1.123073737511895345e-03
1.042109735008909903e-03
9.666786620274921832e-04
8.964326973749410640e-04
8.310427748131002249e-04
7.701979100756309836e-04
7.136045102305584942e-04
6.609856725490130102e-04
6.120804790563105519e-04
5.666432920585995564e-04
5.244430551486505996e-04
4.852626034901235189e-04
