-9.819631709440850356e-03
-3.679299631164467503e-03
1.410481124554724712e-03
5.591273479522396520e-03
8.987475350190867601e-03
1.170827944892043233e-02
1.384941792386391868e-02
1.549471481255283375e-02
1.671746688168468387e-02
1.758167127018022899e-02
1.814311641921294641e-02
1.845035103904206844e-02
1.854554430780637475e-02
1.846524910369951034e-02
1.824107882272889281e-02
1.790030721479508868e-02
1.746639966784133829e-02
1.695948347138083803e-02
1.639676378608566354e-02
1.579289132567614565e-02
1.516028711242018399e-02
1.450942909035607062e-02
1.384910486389742852e-02
1.318663436748527922e-02
1.252806585877998431e-02
1.187834825847017099e-02
1.124148252957062055e-02
1.062065449400439662e-02
1.001835122065350935e-02
9.436462883629885903e-03
8.876371779315023192e-03
8.339030003096870730e-03
7.825027119323280447e-03
7.334649008664923323e-03
6.867928943929286871e-03
6.424691826680776520e-03
6.004592411267890839e-03
5.607148248663105898e-03
5.231767998654476837e-03
4.877775684287957887e-03
4.544431396059322309e-03
4.230948894310719230e-03
3.936510505808766235e-03
3.660279663860689300e-03
3.401411399929659719e-03
3.159061057973386408e-03
2.932391470145176600e-03
2.720578803611275586e-03
2.522817262647471595e-03
2.338322807520693859e-03
2.166336031614069912e-03
2.006124320528931710e-03
1.856983401236525976e-03
1.718238375526383397e-03
1.589244319802269375e-03
1.469386522527515223e-03
1.358080421156551698e-03
1.254771292063124781e-03
1.158933739658759600e-03
1.070071024472225157e-03
9.877142643294363738e-04
9.114215378421971440e-04
8.407769151021572468e-04
7.753894367112057441e-04
7.148920589971112993e-04
6.589405804064816683e-04
6.072125615856252111e-04
5.594062495086213685e-04
5.152395141511614427e-04
4.744488046032003452e-04
4.367881301318897675e-04
4.020280705210779845e-04
3.699548190003071639e-04
3.403692602131663152e-04
3.130860849429529711e-04
2.879329426959766395e-04
2.647496327246978806e-04
2.433873336410876775e-04
2.237078714136262803e-04
2.055830252490981546e-04
1.888938706238528324e-04
1.735301585407221362e-04
1.593897299404289166e-04
1.463779640841243257e-04
1.344072596414019004e-04
1.233965471612021795e-04
1.132708315674390312e-04
1.039607633035103784e-04
9.540223674708156660e-05
8.753601452604785533e-05
8.030737638615596851e-05
7.366579128843406211e-05
6.756461144870013564e-05
6.196078707054806893e-05
5.681460056613370452e-05
5.208941910476910716e-05
4.775146437689277830e-05
4.376959850969043748e-05
4.011512511986636310e-05
3.676160453830487580e-05
