2.223399556786251341e-01
2.181392884987644609e-01
2.126328268680263422e-01
2.061158726656818763e-01
1.988385182712852084e-01
1.910116559482546161e-01
1.828122453759471189e-01
1.743879268191469156e-01
1.658610574225187761e-01
1.573322392339120690e-01
1.488833996716731889e-01
1.405804781478582899e-01
1.324757663438457800e-01
1.246099441203391972e-01
1.170138481526013241e-01
1.097100060448980841e-01
1.027139648340075623e-01
9.603543938546203751e-02
8.967930316911597310e-02
8.364644122921219282e-02
7.793448279965904668e-02
7.253842892329685765e-02
6.745118858388197969e-02
6.266403522408892091e-02
5.816699407778117004e-02
5.394916946856536527e-02
4.999902010005647518e-02
4.630458936930473279e-02
4.285369685832901565e-02
3.963409638621896020e-02
3.663360532386430307e-02
3.384020927443918969e-02
3.124214569589973955e-02
2.882796957859071890e-02
2.658660388419257711e-02
2.450737709510214177e-02
2.258004991010278961e-02
2.079483284768156304e-02
1.914239627801546384e-02
1.761387419442951921e-02
1.620086285143639351e-02
1.489541523613061892e-02
1.369003219992182170e-02
1.257765095586947136e-02
1.155163154103353712e-02
1.060574175134311285e-02
9.734140976798075218e-03
8.931363295848083333e-03
8.192300128205357371e-03
7.512182693971309298e-03
6.886564482755171308e-03
6.311303898527157938e-03
5.782547213475954656e-03
5.296711936427010541e-03
4.850470677804614474e-03
4.440735573142788779e-03
4.064643310291423360e-03
3.719540791305608191e-03
3.402971448182002222e-03
3.112662221795483002e-03
2.846511205311817814e-03
2.602575946763195387e-03
2.379062400159269799e-03
2.174314510281089626e-03
1.986804413007011404e-03
1.815123230507448282e-03
1.657972438797561399e-03
1.514155783847439315e-03
1.382571721626974512e-03
1.262206357028401510e-03
1.152126856495326764e-03
1.051475309334870068e-03
9.594630130489518105e-04
8.753651585492083949e-04
7.985158917810175963e-04
7.283037290446354485e-04
6.641673041394944178e-04
6.055914263490913899e-04
5.521034292102795912e-04
5.032697909567975447e-04
4.586930084797694930e-04
4.180087075974050267e-04
3.808829733636873160e-04
3.470098850647698567e-04
3.161092414467601736e-04
2.879244625854766003e-04
2.622206556445053419e-04
2.387828325703066881e-04
2.174142685407166300e-04
1.979349907150894806e-04
1.801803875301961108e-04
1.639999294458290978e-04
1.492559926682950500e-04
1.358227779692265983e-04
1.235853172722806354e-04
1.124385612023605125e-04
1.022865412821296217e-04
9.304160092004902407e-05
8.462368976425274679e-05
7.695971639864352548e-05
