1.776518121393949601e-01
1.123589334463164502e-01
1.306607551524906485e-01
1.950010472922183644e-02
-1.638067477932167101e-02
-7.713975032846311086e-02
-5.913387007319904909e-02
-1.083384821809393744e-01
-1.525445137218152392e-01
-1.124879874650406980e-01
-1.078523183921048650e-01
-1.920192088315114953e-01
-1.626017530869393879e-01
-1.297056748103398993e-01
-2.159630479608125597e-01
-1.674816868508710865e-01
-1.159703671848022338e-01
-1.540910237917937076e-01
-1.510983123137182305e-01
-2.052206230505244366e-01
-1.178050130125978673e-01
-1.425439388741930047e-01
-2.096068013154678278e-01
-1.879642006926022513e-01
-1.708763325578940562e-01
-1.145287521021539079e-01
-2.100229646063465350e-01
-8.560844598717583243e-02
-1.192439437281650749e-01
-1.151779288204834162e-01
-7.157198814894460970e-02
-9.240239031407587733e-02
-1.041900626704043292e-01
2.169858863738231315e-03
-1.431630587371687247e-01
-6.668329109300483171e-02
-9.227850948834287470e-02
-8.526759882513222644e-02
-4.322765488557386154e-02
-5.364281874050266796e-02
-6.077846303512918213e-02
-7.303127266416181707e-02
-3.078239970201991985e-02
-4.354124203763649198e-02
-1.836521137662474323e-01
-6.226696487204705366e-02
-3.405360902840748327e-02
-4.770099396228132116e-02
-8.863313948351389526e-02
-1.103025978657120043e-01
-2.819994938241542418e-02
-1.038955144868612263e-01
-3.148876309601990331e-02
-9.873144960156535199e-02
-9.919176046788089063e-02
3.555997844603835112e-02
-1.149963292599575325e-02
-1.248023380880677012e-02
-5.543335234647513848e-02
2.243941436678090554e-02
-2.926981384873693359e-02
-2.421307690551504493e-02
-5.159249341109087977e-02
2.927218516884569702e-02
-1.506566421114980889e-02
-3.126935393819634673e-02
-4.032055248290696697e-02
5.072023933504344294e-03
-6.861040543647423107e-02
-7.009341605326221969e-02
-5.155074310189923514e-02
-1.849345446157054165e-02
-5.614890069372863168e-02
-6.322794463853515130e-03
-2.429678959849190106e-02
2.775832755043148442e-02
7.313708836278802472e-02
1.059416708226725533e-02
-9.684475357107522270e-04
-8.347061211401445024e-02
-3.054139089065396884e-02
-4.073335755472608233e-02
-1.099430260806948390e-01
5.640827032045423600e-02
7.563014763956273090e-03
-6.409790075151427027e-03
-2.364910090245422175e-02
3.264795864163582556e-02
-7.993448251542534244e-02
2.853337996014281355e-02
-4.464214073274552080e-02
5.866645038282737590e-02
3.191110322257958293e-02
-3.657856759657450354e-03
4.458072489279506223e-02
-2.461622235211808132e-02
-4.781379912798421582e-03
1.030730926471993061e-02
-2.793465586616717192e-02
-2.780377340354467722e-02
