2.539273284294040200e-01
1.448875543390429343e-01
1.647462692751513469e-01
1.927997989270576196e-01
1.572552284175882109e-01
3.762526980801754739e-01
2.884219969063142042e-01
1.003595440582946835e-01
1.613896599373301766e-01
1.836837779800511161e-01
1.790939836565802468e-01
1.225717298680472356e-01
2.198714252302395866e-02
2.067358549830396741e-01
1.764285383397753634e-02
5.533194612974294546e-02
-2.450793340822073410e-02
9.890612400781728653e-02
1.108550193585531307e-01
1.547893233112390132e-01
5.590129897127208564e-02
7.955424088851766051e-02
1.889138379498490616e-01
-2.799452521515153475e-02
-1.168011037423709146e-02
3.472729379913923331e-02
1.171282188627699589e-01
2.272788331669819695e-01
3.540064557246780375e-02
-1.132060142604820845e-02
-9.959952423006457334e-02
7.606012812797791067e-02
-4.460471695553815813e-02
-1.338765974261882097e-01
2.224140634519434362e-02
8.424380259568285678e-02
3.059378019963083020e-02
9.974819098360165892e-02
-2.876430084669690228e-03
-2.490663936042657872e-02
6.175605753177589724e-02
6.735524359716318910e-02
-6.022118883429884023e-02
-6.053247481729424895e-02
1.226771585861346769e-01
-2.438876872103441524e-03
-6.864117485401750873e-02
7.077375649531879309e-02
7.790364671188318435e-02
8.673902356348776876e-02
1.173193425187033512e-01
1.101580962726229351e-01
-2.380506614869094262e-01
-5.597964139972819858e-02
1.507876035952361304e-01
7.731352677531290463e-02
-4.838637047154868004e-02
3.288354276014782140e-02
9.547177826489679220e-03
9.037534371957488266e-02
2.048252062108601220e-03
-1.012805569944448952e-01
4.428687229511561740e-02
-1.115209454078426032e-01
3.335305752753282144e-02
7.317109926277630405e-02
1.036089254657865527e-01
-6.014466937815852315e-03
2.441195828022768924e-02
-5.792141069682293919e-02
-7.143176299894622716e-02
1.091939912410893644e-02
1.819800375741438825e-01
7.047118121428950013e-03
-8.973083594725704548e-02
-1.072909811613449171e-01
-3.224995117248670440e-02
8.703672748534634074e-02
7.282961206695756640e-02
-2.262845924043034584e-01
2.981294957223644404e-02
5.549146423398595984e-02
1.135943669962078267e-01
-3.871653903960534972e-03
2.066901879121138194e-02
-3.663786956374063316e-03
5.266584770893705664e-02
1.347238985844349257e-01
-2.429607874536518219e-01
6.425640081311638496e-02
1.355023147821392271e-01
1.134700036523211969e-01
-2.149774928996731893e-01
-2.606535416532059640e-02
-2.339199108513353442e-01
-1.836800010453255305e-01
7.670691225910405975e-02
4.919670953878733065e-03
8.171247670676037855e-02
-1.949144785122094992e-02
