-1.911708972695375097e-01
-8.624977485426831361e-03
-7.244643542409290315e-02
1.428439982807447935e-03
-7.725911204162602859e-03
-2.659938406806243785e-03
-8.508632326035259208e-02
-1.106825985252196387e-01
-5.843291365393010056e-02
-6.140010996453746511e-02
-5.725032709241181794e-02
5.291129675328073295e-03
-4.905186891742749355e-02
-4.909271968653879104e-02
-2.014525779840050101e-01
-1.132297622052430390e-02
-5.568155234804691989e-02
-2.274117820600907725e-01
-6.687821254201838095e-02
-1.127264331766840294e-01
-4.749567089599152081e-02
-1.008989498742294127e-01
-8.412115266976594175e-02
-1.645359716617421086e-01
-1.447717890530322293e-01
-9.037362579059915468e-02
-1.486824410718047551e-01
-8.477965890535044124e-02
-6.492910905922533171e-02
-8.038423396491743700e-02
-6.223422730419015357e-03
-7.473891627010478822e-02
8.180079747627015674e-03
-5.106993215157774185e-02
-2.817407618878313771e-02
-8.804139231932354981e-02
-1.211772787810635153e-02
-4.094599882299952698e-02
-1.534936642015244934e-01
9.703302509621217209e-03
-9.981113558141158082e-02
-9.173696475118854610e-02
-1.043206871235343447e-01
-1.270568284603873499e-01
1.754189988422781565e-02
-2.005441810112135875e-02
-8.208713932333897012e-02
3.921884147040471946e-02
-3.154944442022231121e-02
-7.064791998046826560e-02
3.284561700741765733e-02
5.545400868993468485e-02
5.896369577076781415e-02
-5.608972002494513193e-02
3.461965196473006275e-03
8.565125565431784549e-03
1.554573464537171296e-02
4.742110307332727398e-02
-7.572691751444020347e-02
1.484396175510406535e-02
-6.595596696924523050e-02
2.698844007058696232e-02
-9.429249289151274416e-02
7.102189028324626396e-02
2.130832852358331003e-02
1.917266479612226779e-02
-1.139212929764130550e-01
6.111975059204400457e-02
-2.816205110308678261e-02
-4.030352008617048287e-02
2.316712805591511493e-02
-5.979929871933303831e-02
-5.305116165334139954e-03
8.159260489528161187e-02
2.203825425156066831e-02
-3.875011122781082257e-02
6.705601216006823462e-02
-3.293751444029827807e-02
1.773376926698200240e-01
-3.918309926322303266e-02
2.902148278860241983e-03
-3.542947598258581327e-02
3.054193560683013051e-02
1.185200251996060099e-02
4.459340584686307535e-02
-1.254158744966825216e-02
-7.109654757961223273e-03
-3.900636957161530971e-02
-6.523454527623863408e-02
-6.746531576086467474e-02
6.479335940742397826e-02
-7.733586652061848719e-03
-6.069058290770765543e-03
3.462291462616779586e-02
4.103604788784725316e-02
2.643388013118922603e-02
2.159729318922684951e-02
1.013847482963449193e-03
2.807433723128718861e-02
-4.026642936450079008e-02
