-1.008286343692606918e-01
-1.401586306176288710e-01
7.360523435277398219e-02
-1.074917641118846301e-01
-4.983460221091323000e-02
7.774165104486061018e-02
-2.390893919181222294e-02
1.795117638403157748e-03
2.871472239103915400e-02
-1.637330725916475577e-02
9.310552077130429538e-02
-9.116387493981985279e-02
-1.162858012758257592e-01
8.190935056437377570e-02
2.793272849273748318e-02
2.603573787411269519e-02
-3.125238090960148069e-02
1.208478354339035873e-02
-8.252172067964537450e-02
-4.112904426037145011e-02
-9.055283212540088389e-02
6.141275807102254680e-02
1.436914465486996938e-02
3.519837674591459048e-02
1.876292474801710686e-01
4.020060516659628574e-02
-3.236580114780772399e-02
7.271153631708858478e-02
1.674796905220710952e-01
1.064848244616558859e-01
-8.835389215111455474e-02
1.296635172361711441e-01
4.916813617731784908e-02
5.822449416726340615e-02
1.232001984351407120e-01
8.936334256641818852e-02
3.818176857068295016e-02
-8.160112447916494094e-02
2.319936908520928501e-02
6.831092329063941093e-02
-2.140479666037268386e-02
2.231503973899635895e-02
-2.137931278224153575e-01
1.736400757208548043e-02
-5.968268322930816300e-02
-9.481495624184259341e-02
2.306789790369451754e-01
5.660915917187796936e-02
5.643903950413110826e-02
-4.906777457779092771e-02
-2.926893087565818601e-03
-7.105610018999843069e-02
-1.287549262048583512e-02
4.422169216954489196e-02
2.918064758289578425e-02
9.211555627441979366e-02
8.515340370171875506e-03
6.623852556996547014e-02
1.635977999835180607e-01
3.154947490266125920e-02
4.285708974586906021e-03
1.298326958751523305e-02
2.231149031393006577e-02
5.561136136172425970e-02
7.402012387274021360e-03
-1.971390695147895722e-01
6.375973275250285122e-02
1.114534943570826969e-01
1.850284298296354935e-01
8.720278161607517009e-03
1.852091346639299918e-01
-2.183444344406648696e-02
1.719986209751323269e-01
-3.468499031985353143e-02
3.564542227506000555e-02
9.650211270580791312e-02
1.455383603475868953e-02
-2.141405202864243851e-02
4.771320281303945837e-02
-1.320665512069295680e-02
-1.738254467985561047e-01
-4.866852223623919366e-02
7.969995546146986520e-02
-7.161850520871868020e-02
-9.402607005628509096e-02
6.073177887486048282e-02
1.675355190396093097e-01
-1.096989821209117671e-02
-4.469638330135203980e-02
-4.789782237163305728e-02
-1.275351171920234283e-01
-2.349068130263764348e-02
-2.007778337364713589e-02
-4.132189796393276326e-02
-1.434062396825812498e-02
-1.353422783413235110e-02
3.619428268733722309e-02
-1.408709416473264975e-01
-6.894988125839728033e-02
1.299574300680085039e-02
