-5.383143467611128941e-02
-5.380041341909751196e-02
-5.140310397438945661e-02
-4.726950430758908306e-02
-4.191406914713929205e-02
-3.575361976513319329e-02
-2.912273686262272995e-02
-2.228696810714895019e-02
-1.545414016142292873e-02
-8.784028402260217472e-03
-2.396605358291878374e-03
3.620939336627597427e-03
9.208239438751847361e-03
1.432670670826489273e-02
1.895527232651648963e-02
2.308680444975303586e-02
2.672510579883137505e-02
2.988240792079336142e-02
3.257728988663892433e-02
3.483295890600314471e-02
3.667583881636627546e-02
3.813441979402498044e-02
3.923832907032878681e-02
4.001758803761291949e-02
4.050202599866455783e-02
4.072082504277773490e-02
4.070217420078964254e-02
4.047301421152191270e-02
4.005885698476957524e-02
3.948366622581271634e-02
3.876978774112883885e-02
3.793791971643807603e-02
3.700711478312571773e-02
3.599480699960841412e-02
3.491685799848713578e-02
3.378761751297928995e-02
3.261999431866900723e-02
3.142553432785483158e-02
3.021450317011940834e-02
2.899597109850692717e-02
2.777789848834181369e-02
2.656722055611462907e-02
2.536993022844283296e-02
2.419115834409102384e-02
2.303525058253215810e-02
2.190584068672450646e-02
2.080591969101809602e-02
1.973790098201727225e-02
1.870368111480845766e-02
1.770469638266351439e-02
1.674197519811682772e-02
1.581618638974360141e-02
1.492768355422684559e-02
1.407654562927024462e-02
1.326261387119720414e-02
1.248552543304101009e-02
1.174474374574305952e-02
1.103958590772151360e-02
1.036924728738806978e-02
9.732823539880173375e-03
9.129330233930409502e-03
8.557720277909583798e-03
8.016899326065926937e-03
7.505739337180396438e-03
7.023090448547606238e-03
6.567791318600879960e-03
6.138678081813700622e-03
5.734592049875156250e-03
5.354386283670567112e-03
4.996931151390108378e-03
4.661118979205815076e-03
4.345867892451065091e-03
4.050124937140515795e-03
3.772868564005216630e-03
3.513110549999061763e-03
3.269897425462506280e-03
3.042311468805303405e-03
2.829471324683400027e-03
2.630532296184560047e-03
2.444686356487671148e-03
2.271161920804611652e-03
2.109223415132688122e-03
1.958170674419831142e-03
1.817338199153974718e-03
1.686094296111717572e-03
1.563840126019322950e-03
1.450008678171117813e-03
1.344063689597241882e-03
1.245498524155527840e-03
1.153835024923071826e-03
1.068622351464770890e-03
9.894358119422444389e-04
9.158756985820091026e-04
8.475661337319298364e-04
7.841539325863711900e-04
7.253074876405280142e-04
6.707156790312798853e-04
6.200868141248199123e-04
5.731475990100509590e-04
5.296421439421537510e-04
