-4.992581627434854868e-02
-4.275439442543844254e-03
2.945654932793474387e-02
5.347551099956649595e-02
6.964165801952990065e-02
7.951894637523312936e-02
8.441748593027512126e-02
8.543028864877723338e-02
8.346507428733189460e-02
7.927176498102903035e-02
7.346622249394488269e-02
6.655071352322192157e-02
5.893152825716781174e-02
5.093412443332469286e-02
4.281612257380520981e-02
3.477843714151808430e-02
2.697479239785594007e-02
1.951984016236175956e-02
1.249606895817199914e-02
5.959669714296525478e-03
-5.449811894979450511e-05
-5.528714860452074720e-03
-1.045887446666236842e-02
-1.485152945968776228e-02
-1.872142491082764981e-02
-2.208945041085842720e-02
-2.498094850770708752e-02
-2.742432642459197156e-02
-2.944992513646665921e-02
-3.108910621113183947e-02
-3.237352232943094266e-02
-3.333454218839838890e-02
-3.400280465171356264e-02
-3.440788062215017346e-02
-3.457802424017382414e-02
-3.453999772229065374e-02
-3.431895649562775874e-02
-3.393838330842320616e-02
-3.342006174075559666e-02
-3.278408104200358081e-02
-3.204886551278025159e-02
-3.123122275708956758e-02
-3.034640607939418505e-02
-2.940818711232047120e-02
-2.842893545233479702e-02
-2.741970266904139933e-02
-2.639030855284541302e-02
-2.534942788786510165e-02
-2.430467639284049353e-02
-2.326269477166911445e-02
-2.222923006517398339e-02
-2.120921370379144980e-02
-2.020683583313362397e-02
-1.922561562610305974e-02
-1.826846741097185034e-02
-1.733776253852162622e-02
-1.643538698637311141e-02
-1.556279475793999334e-02
-1.472105717953973818e-02
-1.391090823424494249e-02
-1.313278609691416118e-02
-1.238687105308533543e-02
-1.167311999639856698e-02
-1.099129770608794042e-02
-1.034100510882095258e-02
-9.721704728593792352e-03
-9.132743525208764090e-03
-8.573373316650752946e-03
-8.042768973933167240e-03
-7.540044569107436610e-03
-7.064267648461431195e-03
-6.614471793749063244e-03
-6.189667624822023373e-03
-5.788852387459081893e-03
-5.411018260655116492e-03
-5.055159508256750964e-03
-4.720278590704832765e-03
-4.405391343833038251e-03
-4.109531323227659516e-03
-3.831753404610675068e-03
-3.571136723089083764e-03
-3.326787026931214523e-03
-3.097838514789205515e-03
-2.883455218984289949e-03
-2.682831991600345776e-03
-2.495195144680283344e-03
-2.319802790774507222e-03
-2.155944925434572206e-03
-2.002943288959909036e-03
-1.860151040771760743e-03
-1.726952276186779090e-03
-1.602761412072605494e-03
-1.487022464869706484e-03
-1.379208241737854817e-03
-1.278819463112976619e-03
-1.185383832722172390e-03
-1.098455069083693978e-03
-1.017611910697845991e-03
-9.424571054978908655e-04
-8.726163936621472543e-04
