2.715377820983773047e-02
1.669992813573187643e-02
1.091622150671438252e-02
8.729996489982353586e-03
9.256954732526322116e-03
1.177250304850209484e-02
1.568708369483747672e-02
2.052497079519473300e-02
2.590607595890897369e-02
3.153036368864252370e-02
3.716452771593977550e-02
4.263062377689995353e-02
4.779639327394849535e-02
5.256704641215525359e-02
5.687830332223407087e-02
6.069051789295207971e-02
6.398373197968637571e-02
6.675352772741706409e-02
6.900756329330731687e-02
7.076269258293459152e-02
7.204258299567947721e-02
7.287575684712951918e-02
7.329399230964919743e-02
7.333102857147087705e-02
7.302152762260404051e-02
7.240025177581936588e-02
7.150142184895684483e-02
7.035822598161235730e-02
6.900245343222027872e-02
6.746423148615837695e-02
6.577184687679750452e-02
6.395163594523514683e-02
6.202793019851169515e-02
6.002304602099372416e-02
5.795730909361480887e-02
5.584910561955895580e-02
5.371495377666156423e-02
5.156958994591839818e-02
4.942606522791560819e-02
4.729584857730593367e-02
4.518893357935031135e-02
4.311394647917671935e-02
4.107825356871105255e-02
3.908806645119500961e-02
3.714854405010509925e-02
3.526389051791435636e-02
3.343744843898074914e-02
3.167178691725434925e-02
2.996878429981801248e-02
2.832970541700715120e-02
2.675527332371832601e-02
2.524573560859346213e-02
2.380092540155363118e-02
2.242031725866078934e-02
2.110307813907977281e-02
1.984811371419352086e-02
1.865411026556881152e-02
1.751957243806921694e-02
1.644285711832017827e-02
1.542220370809035263e-02
1.445576105792632966e-02
1.354161131937357820e-02
1.267779096500987884e-02
1.186230921487034344e-02
1.109316409612079446e-02
1.036835635041877604e-02
9.685901390601780320e-03
9.043839495409886423e-03
8.440244418086767855e-03
7.873230572066354516e-03
7.340958944664259869e-03
6.841641877846382259e-03
6.373546843808202030e-03
5.934999332314589739e-03
5.524384956551072964e-03
5.140150874638944184e-03
4.780806614974018182e-03
4.444924385157231900e-03
4.131138936484199560e-03
3.838147048733596672e-03
3.564706693319851134e-03
3.309635926731224320e-03
3.071811560533548643e-03
2.850167649056193145e-03
2.643693831162343289e-03
2.451433558212745816e-03
2.272482236432701256e-03
2.105985308359489307e-03
1.951136294854971618e-03
1.807174816290354254e-03
1.673384608922854396e-03
1.549091550163692868e-03
1.433661704361803828e-03
1.326499398876933083e-03
1.227045338569911215e-03
1.134774765378800121e-03
1.049195668360010294e-03
9.698470484378892515e-04
8.962972411097997697e-04
8.281422994830307414e-04
