3.115631956873976885e-02
6.033690516286138034e-02
8.104700652493387891e-02
9.488522218944620001e-02
1.031987470305673338e-01
1.071190143310244286e-01
1.075926149017767119e-01
1.054080899375181013e-01
1.012191215429044111e-01
9.556458074310883455e-02
8.888583629867961855e-02
8.154167789161247126e-02
7.382116345125119827e-02
6.595466184919007713e-02
5.812332829562685821e-02
5.046721997025148398e-02
4.309223323615475609e-02
3.607602078849408977e-02
2.947302690318527596e-02
2.331876124089526936e-02
1.763341613303738564e-02
1.242491866862416305e-02
7.691496983438517177e-03
3.423829722708646162e-03
-3.931614741663064239e-04
-3.778824591669921462e-03
-6.755550047641709077e-03
-9.347764860232463113e-03
-1.158111463800412522e-02
-1.348180447626856626e-02
-1.507607386225925938e-02
-1.638978418745908050e-02
-1.744810050260890005e-02
-1.827525178699083291e-02
-1.889435628896043995e-02
-1.932730047372365617e-02
-1.959466182594395839e-02
-1.971566723309023383e-02
-1.970817995047104837e-02
-1.958870924692408116e-02
-1.937243777416585572e-02
-1.907326251301930467e-02
-1.870384584376767051e-02
-1.827567388116192390e-02
-1.779911972061642977e-02
-1.728350967263770840e-02
-1.673719092781248557e-02
-1.616759940369038098e-02
-1.558132678542985088e-02
-1.498418599092122758e-02
-1.438127447415664915e-02
-1.377703493300714947e-02
-1.317531311373612395e-02
-1.257941250837724644e-02
-1.199214582586604141e-02
-1.141588318641764688e-02
-1.085259704357533286e-02
-1.030390388175598040e-02
-9.771102770833667989e-03
-9.255210884912948299e-03
-8.756996111305724584e-03
-8.277006889000685513e-03
-7.815599424592090116e-03
-7.372962438558418145e-03
-6.949139596667373506e-03
-6.544049780737413655e-03
-6.157505350519166393e-03
-5.789228544502268356e-03
-5.438866162364223295e-03
-5.106002665857470833e-03
-4.790171828427139573e-03
-4.490867056969469889e-03
-4.207550502046396648e-03
-3.939661065700639925e-03
-3.686621408876101982e-03
-3.447844053425839529e-03
-3.222736666851183131e-03
-3.010706611310706195e-03
-2.811164832104202493e-03
-2.623529154800583255e-03
-2.447227054456312459e-03
-2.281697954972676523e-03
-2.126395111568710108e-03
-1.980787124601032529e-03
-1.844359128536615655e-03
-1.716613695771685572e-03
-1.597071491178745934e-03
-1.485271709742237451e-03
-1.380772326398064555e-03
-1.283150184209073605e-03
-1.192000944273076532e-03
-1.106938918257261047e-03
-1.027596802168353422e-03
-9.536253278870936070e-04
-8.846928471043828072e-04
-8.204848605813043656e-04
-7.607035041028554307e-04
-7.050670010932750783e-04
-6.533090905973453020e-04
-6.051784381957991434e-04
