8.583622785844824410e-02
1.899906713697375668e-02
-4.029749999432167412e-02
4.941223186165070308e-02
1.384537298500239655e-01
-6.198491269882765164e-02
6.609745056530330967e-03
9.112750513018534615e-02
1.448784280278481336e-02
3.570412743216767187e-02
-2.189207520908500668e-02
6.232629513544279964e-02
1.029477840028549251e-01
8.874921238815065838e-02
-4.747580921595299930e-02
-1.003655537678549148e-01
1.114717490133751154e-01
1.079534494001306022e-01
7.541006968312895242e-02
-4.004692083012887163e-03
3.335216724492398588e-03
3.990580554429214166e-02
1.587738093997236033e-01
4.703429711882824854e-02
-5.222277198878137044e-02
-2.333928264648044149e-02
4.687341386887147049e-02
5.746925114645668603e-02
-2.700532399202007841e-02
2.760703042225188392e-02
5.150052244435914667e-02
8.189697520542658926e-02
1.456810820268196194e-01
1.173652009462015922e-01
1.019780952023549014e-01
2.448984425336657791e-02
1.308505353316623543e-01
3.449682699151172122e-02
-4.494377629951214898e-02
1.328610473534286573e-01
-6.766088293195121790e-03
4.149619934253002962e-02
4.005427776455064079e-03
7.096779310103382143e-02
4.399976000084267896e-02
1.171519459058185941e-01
3.736981117097080279e-02
8.761317557697335598e-03
4.806836634552849596e-02
7.069272211812030471e-02
-3.994954729998257542e-02
-6.417004574166142172e-02
2.909064337779902840e-03
-4.966199690774442815e-02
3.095059640165578191e-02
4.146974415531389652e-02
-5.105205442496906637e-02
7.220037616556129745e-02
-8.643909212574275858e-02
6.466828812173569530e-02
1.162722259664836916e-01
8.955136661768495210e-02
5.200497709927911355e-02
-5.250097115772810186e-02
-3.190522929532900454e-02
2.927411881799006979e-02
3.138285322395768795e-02
1.251197064385432545e-01
4.561479359141273199e-02
-2.753516307399697313e-02
-6.594023271879290160e-02
1.040859595117252234e-02
7.856855789689863589e-02
-5.556647640079862699e-02
-3.066681596598768572e-02
-8.815487357839672800e-02
-2.883800670594187984e-03
-2.495603903220315611e-02
-6.250383197095070453e-02
-4.405181786109996743e-03
9.175852947781491797e-02
-5.375296490301847627e-03
-6.524013698459860122e-02
-2.820907202016838256e-02
1.429671681915984510e-02
1.320603123325491540e-02
2.095686707498697551e-02
2.736314888483104557e-02
7.839080026330265405e-02
1.500187035107050822e-02
7.568911868388510621e-03
-4.051691881397902900e-02
-1.063119871947883072e-01
-3.239345458148520929e-02
-2.325772617428212632e-02
7.953481722597002812e-02
-5.302998327719817689e-02
-4.136773937211201541e-02
8.746769558845635117e-02
1.816034963967892019e-02
