7.197467014166507304e-02
4.311179426651215452e-02
8.850468402349251362e-02
4.456798905633706925e-02
4.082142649265729090e-02
1.220991383723500912e-01
1.081033219324604722e-01
8.574523699825632728e-02
1.112231882945816375e-01
1.587261821450477173e-01
7.034512722471893131e-02
1.398195373539098396e-01
1.307393486878396793e-01
1.212191554097455937e-01
-2.399344582181240498e-02
3.535226807293494200e-02
7.493185648405878418e-02
3.252377404909347763e-02
5.315077868763569413e-02
-4.982533399732936436e-02
-3.116340589183060061e-02
1.212400792319520519e-02
2.786045871460088308e-02
-8.952235775007853780e-02
-1.066251282128300448e-01
5.338457253142581994e-03
8.310364819301150133e-03
6.245788715916677364e-02
-8.107132778996277434e-02
-6.163993661424992804e-02
-3.465164994027132572e-02
1.919167052642967858e-02
-5.953595856604432246e-02
3.734963872453338912e-02
4.271915491720771479e-02
2.579465245257702138e-03
2.517514861576974211e-02
-2.959133170301263618e-02
8.308442155843186530e-03
1.092228924742361662e-01
-4.309209717109017956e-02
2.157082509800785017e-02
2.247921344279746369e-04
-1.012466516884425322e-01
-9.594374505269843978e-02
4.013004848525886931e-02
-7.455032398038669017e-02
-3.383959727790952082e-02
-8.364050671785312752e-02
-5.280428302535000035e-02
3.629638692530463145e-02
-5.569817610628269300e-02
5.858804244141868622e-02
-2.104469468420910871e-02
-8.767371965625510299e-02
-6.636324051627658094e-02
8.920873659332742220e-03
5.784709276440085091e-02
-3.871408822484231124e-03
3.869894914955585019e-02
6.280287490567970643e-02
-1.057286124897660468e-01
3.804161744088039449e-02
-5.057185878172394677e-02
-8.729794457493837657e-04
-2.407449255478885317e-02
9.118012523694089821e-02
-5.353121862517876139e-02
-7.627932275016189104e-03
-3.641305648440804066e-02
-2.644696494490226396e-02
2.614319344424805014e-02
8.888501640571225271e-02
-1.959980816942731574e-02
-1.663424039990827642e-03
1.161361745551120900e-01
8.936052987603033959e-02
3.654788066561191068e-02
6.263357836802851963e-02
-3.758829830818617018e-02
-3.069641428366378082e-03
-1.256239339764299127e-02
-7.636425810210312193e-02
6.120159660002209845e-02
-4.184392504200842855e-03
-1.893031079280033113e-02
1.909044100973715649e-03
-4.657811301255866676e-02
3.303839333294848746e-02
2.925325613838526337e-02
3.979399085123844389e-03
-3.103334344919201401e-03
-7.504980809290980048e-02
2.374384187845565014e-02
5.136029568229514425e-02
-9.438198007211011376e-02
-4.970789625163085645e-02
3.338250506218483349e-02
-4.137931708300779388e-02
-1.922060108026006978e-02
