7.038354279439705541e-02
1.032950703148982630e-01
1.264595770484243931e-01
1.417049303609890232e-01
1.505736058759454266e-01
1.543629041046937211e-01
1.541598639462850584e-01
1.508715403856216997e-01
1.452512326215801008e-01
1.379211773509103067e-01
1.293921589107039360e-01
1.200804324573870596e-01
1.103223074615399812e-01
1.003866957529024467e-01
9.048589047456381818e-02
8.078480899387417702e-02
7.140890353390363932e-02
6.245091755890952445e-02
5.397664335053739548e-02
4.602981637721234587e-02
3.863626465918909569e-02
3.180741607597187270e-02
2.554325319499196889e-02
1.983479349415884219e-02
1.466616260628589297e-02
1.001631925398162315e-02
5.860482713696088530e-03
2.171306809887335598e-03
-1.080161526372969139e-03
-3.923706302326204765e-03
-6.389320811930346289e-03
-8.506715932146829973e-03
-1.030493744136857376e-02
-1.181207441362785993e-02
-1.305504332754526403e-02
-1.405943476983387286e-02
-1.484941155312785588e-02
-1.544764874522091408e-02
-1.587530755506361829e-02
-1.615203626953373023e-02
-1.629599250988951475e-02
-1.632388200056787003e-02
-1.625100983541006433e-02
-1.609134090482413487e-02
-1.585756672698254016e-02
-1.556117642015347399e-02
-1.521252997323564032e-02
-1.482093232760161097e-02
-1.439470708424480175e-02
-1.394126890363052776e-02
-1.346719387823403294e-02
-1.297828733530142185e-02
-1.247964867492052342e-02
-1.197573297040065848e-02
-1.147040915801145894e-02
-1.096701472459008127e-02
-1.046840686721900275e-02
-9.977010151539530622e-03
-9.494860736398985993e-03
-9.023647264238380400e-03
-8.564748540461557952e-03
-8.119268142315384101e-03
-7.688066109688449640e-03
-7.271787877672021908e-03
-6.870890614546069572e-03
-6.485667129753667527e-03
-6.116267515001654054e-03
-5.762718678371669609e-03
-5.424941926663168906e-03
-5.102768745468328274e-03
-4.795954919989301596e-03
-4.504193132591968740e-03
-4.227124165744904419e-03
-3.964346831479196795e-03
-3.715426740954239776e-03
-3.479904020230387054e-03
-3.257300071013670938e-03
-3.047123468013107107e-03
-2.848875077685544474e-03
-2.662052476570839904e-03
-2.486153741165007466e-03
-2.320680675356204432e-03
-2.165141535865325404e-03
-2.019053310891727113e-03
-1.881943602262198083e-03
-1.753352156811563423e-03
-1.632832088476550165e-03
-1.519950828649672698e-03
-1.414290838703659813e-03
-1.315450115245256173e-03
-1.223042515575408894e-03
-1.136697928005472695e-03
-1.056062309091109668e-03
-9.807976074816420788e-04
-9.105815919279050628e-04
-8.451075990316770162e-04
-7.840842145403664797e-04
-7.272349003785440712e-04
-6.742975781501486581e-04
-6.250241785297108287e-04
