1.460323381371397833e-01
6.945616145257746399e-02
7.846075571790606107e-02
-1.916172808597048707e-02
2.216090504663288108e-01
1.922524240610557489e-01
2.636043903503755281e-01
3.461315640710209141e-01
-7.059834045501846289e-02
-4.929788266748115835e-03
9.730058269986090191e-02
9.939795238124582433e-02
7.582186137765468611e-03
3.543344792685371170e-01
1.040992873990470441e-01
7.777816579521984117e-03
-1.212626262879046013e-01
1.326926941168065643e-01
-3.527071515924846273e-02
2.211356172512582430e-01
-3.855927878226848848e-02
1.132395055899929337e-01
1.476415881271802288e-01
1.199439832082142970e-01
-1.535812361976119159e-02
-1.141669773349639760e-01
-2.177508494305596676e-01
-1.663736073417379779e-01
2.208719691646887917e-01
5.147297547547207558e-02
9.272764590169522980e-02
1.193443342523952018e-02
-1.427563063183584849e-03
-1.897385364982804024e-01
-1.483616602101309745e-01
-3.448349705486231098e-02
9.932284083385667720e-03
5.449158994025856545e-02
-2.209238394536003902e-01
1.090437230464167268e-01
-1.278221317699405613e-01
1.357105460077444037e-01
-1.698825008542812764e-01
1.109342704200062119e-02
-9.445190254025490062e-02
6.889897919912207902e-02
-3.611138988781048553e-02
1.374145448698789462e-02
-6.059631449150854055e-02
-1.610369149186446358e-01
5.077278671946972022e-02
6.526705858207526578e-02
-8.293483095032576358e-02
9.347620882302899725e-02
8.297426520066225608e-02
-2.392755762835262479e-01
2.766066978977335666e-02
1.718342833929608349e-01
-1.633545659574154874e-01
-3.708027985357882639e-02
-9.579086314599188912e-02
1.140080467450662813e-02
-1.466664539073293805e-01
1.723133931416224729e-01
1.583616956971780065e-01
3.933225362058212493e-02
7.217586190244132394e-02
-2.926696239043384273e-01
6.665867215266954582e-02
7.828987335741624531e-02
-1.633789533573625982e-02
2.108387819813324071e-01
3.608130376992181587e-02
-1.476034667954143620e-01
1.348247513381871932e-01
2.687642835187256107e-01
-2.598952062618604675e-01
-5.259376883519016610e-02
-2.373271731717962844e-03
-1.687810427616658338e-01
-4.992018810143025037e-02
-3.644015216798560108e-02
-9.790958327098479852e-02
7.697189193660723856e-03
-1.298613457835274820e-01
-2.473044591237314599e-02
3.509636298674919525e-02
1.258397189810277761e-01
-1.489556452825597788e-01
-3.157569550979211770e-01
-1.299456307753986406e-01
-3.231142600566791478e-02
1.994450799982152300e-01
1.068098545028347279e-01
-7.102915490536196308e-02
4.924819537108266615e-02
1.373349881020652710e-02
6.820743645806424948e-02
1.067517419095640741e-01
1.576166519289692591e-01
