6.759153277139658134e-02
4.840342296352470597e-02
3.494389711221111000e-02
2.604056315480202805e-02
2.071663586784282599e-02
1.816200796258600481e-02
1.770827617957103362e-02
1.880721064084959343e-02
2.101221929638521016e-02
2.396241522289288897e-02
2.736894369839690255e-02
3.100326917998995346e-02
3.468716025973572759e-02
3.828414398700331206e-02
4.169223017521721253e-02
4.483773194355704372e-02
4.767003120939597438e-02
5.015715752489592616e-02
5.228206587642000858e-02
5.403951413417713151e-02
5.543345401288376356e-02
5.647486091250307483e-02
5.717993805436731580e-02
5.756863909117207467e-02
5.766346100713502093e-02
5.748846577589750151e-02
5.706849503076175112e-02
5.642854703215768875e-02
5.559328958542913979e-02
5.458668635128334501e-02
5.343171727463745524e-02
5.215017669929866706e-02
5.076253519226494454e-02
4.928785322185125217e-02
4.774373666166548125e-02
4.614632566564740024e-02
4.451030981119959845e-02
4.284896356697907860e-02
4.117419713463754682e-02
3.949661856194065790e-02
3.782560374768859091e-02
3.616937157365560790e-02
3.453506192014749177e-02
3.292881476261989848e-02
3.135584891832028653e-02
2.982053932385688583e-02
2.832649198542992741e-02
2.687661596053423502e-02
2.547319190962502033e-02
2.411793690405224927e-02
2.281206529727754923e-02
2.155634556411547414e-02
2.035115309103699074e-02
1.919651896249720616e-02
1.809217483643117338e-02
1.703759403875460335e-02
1.603202903384531516e-02
1.507454544721443385e-02
1.416405282931260286e-02
1.329933235685295048e-02
1.247906167118356321e-02
1.170183705296716330e-02
1.096619312944751082e-02
1.027062030550760820e-02
9.613580103062690368e-03
8.993518585501968782e-03
8.408878035247658797e-03
7.858107043323868390e-03
7.339669160355945590e-03
6.852050248841824037e-03
6.393764667001342744e-03
5.963360405137174691e-03
5.559423286323110155e-03
5.180580334442206301e-03
4.825502404179431853e-03
4.492906159565937356e-03
4.181555480098362101e-03
3.890262366328152508e-03
3.617887410137164000e-03
3.363339888683967906e-03
3.125577535211880933e-03
2.903606034543229370e-03
2.696478286128945173e-03
2.503293472961200770e-03
2.323195970470128859e-03
2.155374125693983265e-03
1.999058933514422619e-03
1.853522633564646518e-03
1.718077248526984294e-03
1.592073081918089338e-03
1.474897191094668922e-03
1.365971849081327712e-03
1.264753006906863290e-03
1.170728766418650119e-03
1.083417872010275333e-03
1.002368228329973861e-03
9.271554498219319092e-04
8.573814468758387923e-04
7.926730524093076116e-04
7.326806918713679078e-04
