4.312730650304565094e-02
7.022495159837721657e-02
8.806355545367737514e-02
9.851311236468467125e-02
1.031379511688708395e-01
1.032411747463965190e-01
9.990310529918092208e-02
9.401450278141887384e-02
8.630522933145463871e-02
7.736894933469257163e-02
6.768438150995235991e-02
5.763355498839901891e-02
4.751746471016818352e-02
3.756947168339602738e-02
2.796674992346794009e-02
1.884004350045119514e-02
1.028196343639231625e-02
2.354024651491246067e-03
-4.907402735677870997e-03
-1.148607613081616130e-02
-1.738166544264235780e-02
-2.260622592218715365e-02
-2.718125965394185828e-02
-3.113527975784659285e-02
-3.450180294351526400e-02
-3.731770616140228647e-02
-3.962189190148185380e-02
-4.145421435843320290e-02
-4.285462535417108865e-02
-4.386250470779042704e-02
-4.451614477864881958e-02
-4.485236327625402586e-02
-4.490622221510368051e-02
-4.471083416763466795e-02
-4.429723979893702979e-02
-4.369434310986385073e-02
-4.292889292060303452e-02
-4.202550093846213475e-02
-4.100668830991534980e-02
-3.989295389144503767e-02
-3.870285861574432329e-02
-3.745312130509991649e-02
-3.615872211466371333e-02
-3.483301049441162034e-02
-3.348781515694101985e-02
-3.213355404373723079e-02
-3.077934270808435277e-02
-2.943309988966124821e-02
-2.810164935382235968e-02
-2.679081731610396394e-02
-2.550552497697077675e-02
-2.424987585959665487e-02
-2.302723778006138602e-02
-2.184031938949969331e-02
-2.069124131555954288e-02
-1.958160199954329245e-02
-1.851253837885424858e-02
-1.748478160445295082e-02
-1.649870801217362404e-02
-1.555438558686455738e-02
-1.465161617102013827e-02
-1.378997367624820031e-02
-1.296883855773262040e-02
-1.218742880979785392e-02
-1.144482773559201555e-02
-1.074000873647591031e-02
-1.007185735752201550e-02
-9.439190815073083760e-03
-8.840775220986567956e-03
-8.275340706326198004e-03
-7.741594635123383653e-03
-7.238233086634543456e-03
-6.763950772437039155e-03
-6.317449542871228160e-03
-5.897445625852994720e-03
-5.502675730027056442e-03
-5.131902133663638135e-03
-4.783916870656958892e-03
-4.457545115488046467e-03
-4.151647860078128138e-03
-3.865123967084349056e-03
-3.596911676371784914e-03
-3.345989634122881109e-03
-3.111377507301622391e-03
-2.892136239955276581e-03
-2.687368002089613080e-03
-2.496215876569849237e-03
-2.317863324654772985e-03
-2.151533466339884421e-03
-1.996488207641433383e-03
-1.852027243271903503e-03
-1.717486959813553779e-03
-1.592239261466501729e-03
-1.475690337707967047e-03
-1.367279389727602944e-03
-1.266477330279270307e-03
-1.172785469591876859e-03
-1.085734198192387289e-03
-1.004881675894831643e-03
-9.298125347836928281e-04
