8.127768884511052394e-02
5.413254713302222826e-02
1.278788880381180326e-01
3.405446295172600678e-03
2.610871016993513219e-02
4.757252638378706155e-02
2.041226240252083657e-01
7.251366023663387284e-02
8.289950987450982189e-02
8.040584922184371153e-02
2.067213277040171604e-01
3.805774584452959602e-02
-4.550684948278046517e-03
1.735590224952719418e-01
7.146102246472321728e-02
1.548536245493564167e-01
-2.590916522700950630e-01
-8.955770873491966655e-02
-5.594442127849156426e-02
-4.491037902519656039e-02
-2.337377508313743732e-02
-5.376834831554781063e-02
1.467046478240616528e-02
-2.932037166723446830e-01
-1.027415666331138455e-01
-6.937892289107767951e-02
9.929643831816580002e-02
1.267323196334822211e-01
-2.278142750683112838e-01
-9.778296754626678022e-02
1.347537473488923943e-01
-1.584613006993491058e-01
1.881967773268858335e-02
-7.445988098348728206e-03
-3.698501232857376309e-02
1.209746079444064815e-01
-5.500869604563094276e-03
-2.115865525945042069e-01
5.775143578601031613e-02
-1.740580705114776194e-01
3.650727319869825210e-02
-1.140799634744616708e-01
-3.048256711650199416e-02
2.727056029413878202e-02
-1.852785227194281206e-03
1.171761598437703472e-01
-1.847435786439383387e-01
-1.380936494791751845e-01
-5.375528945689501265e-02
-6.042912493871148427e-02
5.271042856221296036e-02
-1.792628617581306094e-01
-1.399078480987077100e-01
2.503046479410426239e-01
2.321157260369436925e-01
-4.096804818027452964e-03
-1.561500583260780617e-01
-1.435178821382927794e-01
1.858410623198059330e-01
-4.668058864306273009e-02
-1.730016816162025309e-02
-7.638452407339547186e-05
-1.301012155300935724e-01
1.648607241380888923e-04
-2.123961320111138751e-01
8.669803512422212532e-02
-6.139326155587758460e-02
-2.351264936063499345e-01
6.918853581266011521e-02
-1.855763495459119769e-02
1.028689501179185090e-01
-1.173921626901851256e-01
-1.221208327643051039e-01
-4.828341876764456753e-02
-4.494653545447078492e-03
4.933590115058879982e-02
-6.175718560339581165e-02
4.241661657286102671e-02
-1.478775654006799223e-01
-5.333443750157622343e-02
1.030237151492083836e-01
-3.131417620710649774e-02
-1.394161206645357920e-01
1.096777916503419714e-01
1.446560061085902793e-01
-1.159705360510182165e-01
-6.727686797622513259e-02
1.084003338287369694e-01
1.595557811059816200e-01
-1.464385410276506372e-01
1.454917915893488671e-02
8.483916693566073697e-02
2.216560669502770364e-01
-1.299274040189102586e-01
9.756336813027831345e-02
-2.322987666890180764e-04
-3.033096411969752326e-01
-1.417114905778326661e-01
-2.327811656250551309e-01
-9.175144791528359878e-02
