-7.021969564504712156e-04
-8.371107880829399030e-04
5.044811745175872136e-02
-2.082831217875695529e-02
3.426065385660738427e-02
2.681255133014524838e-02
4.294965219586458632e-02
2.240568791231495674e-02
7.222669724694043281e-02
3.936503846303852222e-02
1.315227963084188156e-02
7.954463124958540202e-03
4.228831085735824946e-02
8.867827175073444979e-02
1.214553950312461522e-02
5.367192952791365740e-02
4.781808399146969535e-02
5.588015656834894457e-02
6.505995410155994418e-02
3.068741449451773545e-02
5.980068477280436195e-02
6.610387424215538599e-02
4.755155009592629267e-02
7.326333327099938952e-02
1.486625925739370191e-01
1.062780398921665537e-01
8.326612798674637439e-02
5.426487060376157523e-02
2.668362406583483018e-02
7.075989454809587798e-02
4.915965913722570441e-02
1.012885779189157676e-01
6.763641025315407507e-02
9.566658678148208528e-02
3.549219812302189386e-02
6.112742109166852816e-02
1.955483419807667322e-02
3.356014163593633998e-02
4.001663763737269702e-02
4.970795662247413232e-02
4.783363855415055654e-02
4.994095882343706910e-02
3.007119179955308058e-02
3.847278816813698432e-02
2.667408589935556587e-02
1.079483090617152502e-01
2.380180779607895744e-02
-2.659321352096191693e-02
7.528532000097193366e-02
5.763293257925303226e-02
7.686447513698005385e-02
1.372214483909924357e-02
2.115149159018544014e-02
-2.450137002535881896e-03
1.898413738638289952e-02
5.171561279192832261e-02
9.344226382524029040e-02
-3.358095130164955380e-03
6.923168864018008906e-02
4.604791113984760959e-02
8.842317042292864582e-02
4.683211619025905853e-02
2.235935409255590187e-02
4.432264580117922792e-02
-2.395461156703043108e-03
-3.847552899658436554e-02
-2.241444463405537976e-02
-2.391886276375038839e-02
-5.388810885190533501e-02
3.353498028321240387e-02
2.008962617290890873e-02
-1.957884928965548249e-02
-1.689483049502446543e-02
5.944655672996602969e-02
2.658173735168769397e-04
-5.068900136481947370e-04
-9.256735375473777727e-02
3.760831493082198579e-02
-5.186531896765130684e-02
3.429269886585701449e-02
4.730312834099082743e-03
1.859356152945206703e-02
-5.430182966804489308e-03
2.393560333492060141e-02
3.917353884723035438e-03
1.672628775882809699e-02
3.585733061978219061e-02
2.047082220109516099e-02
-2.294343900129956065e-02
-3.611393973170182875e-02
-4.448429944272180858e-02
4.254748294894269978e-02
4.008985888369855782e-02
-8.066036010266732295e-03
7.500043490052461792e-03
-5.992417105042129738e-02
1.780569470642437771e-02
1.363257319255089736e-02
2.014117522362944557e-02
-1.902591435180009047e-02
