1.457799844498496311e-01
7.403900614891859022e-02
1.380116216176969189e-02
-4.730905624915972035e-04
-2.046705902488916290e-02
-1.093372923210191583e-01
-1.100658044606539626e-01
-1.717971973941352926e-01
-2.883663684723961618e-01
-2.451556527878879788e-01
-2.570361420604572733e-01
-1.292116535954452861e-01
-2.001838809336266845e-01
-2.766873165608445539e-01
-1.949329715998054380e-01
-2.528433467608996038e-02
-1.609263510772900030e-01
-1.354091243791342436e-01
-1.603936124208729108e-01
-1.458955506776657973e-01
-2.218368680372055091e-01
-2.225365368914160313e-01
-1.236749357670361288e-01
-2.582057830312207702e-01
-1.129760578688834560e-01
-1.591360126353218996e-01
-1.206176636989283457e-01
-2.521653284514172033e-02
-2.230271414086524573e-01
-5.381518255778326015e-02
-6.999197984058586064e-02
-2.165501137876358825e-02
-1.144996749886104948e-01
1.666354278586467536e-02
-1.734464477258659820e-01
8.409343041260312554e-03
-7.432515441140979950e-02
-7.218452935301555851e-02
-1.143935014286334012e-01
-1.441200008475676253e-01
-1.880958657139152890e-01
-7.661877291447564964e-02
-1.439277232813250818e-01
-7.729628348159599260e-02
2.123297003484395790e-02
-3.538411546582312384e-02
5.566765466260533562e-02
-5.016186704017162878e-02
-1.266256556374338316e-01
-3.657389158500532617e-02
8.615852021912039083e-02
-5.035419393471927269e-02
-3.992124405101526302e-02
-1.996891638317197307e-02
-5.123664954121552595e-02
-1.302308522715934502e-01
1.155845808248074230e-01
-3.053588689066029371e-02
9.403187814465897854e-03
-3.111258141453013271e-02
8.105318618603639391e-02
7.211027158881926080e-02
-7.024873505398769591e-02
7.674655685872971977e-02
7.846558699045574903e-02
2.390560119678144038e-02
-1.005925097468010204e-01
-1.064531480524459790e-02
4.718043213543291620e-02
2.100749325807285683e-02
-6.261143495273167880e-02
2.743032394327181434e-02
-2.979684015562452867e-02
-1.244430264498356670e-01
1.064705553511522823e-01
4.992323946058308676e-02
6.657087602863082099e-02
1.343370117084829729e-01
6.730564861775577279e-02
-1.635487105678241904e-01
-5.605206790851947896e-02
1.846433525270933448e-02
-8.500446068823515333e-02
-1.998725695337021102e-02
2.846864673991781475e-02
3.893914546300468460e-02
-8.353577672941146781e-02
-3.376854612977341769e-02
1.735460691078665255e-02
-4.877873266647944628e-02
-2.040346433623293695e-02
6.061417195973252403e-02
7.297014884902809119e-03
2.513814080428207129e-02
-3.540908091648954648e-02
-4.503213874596349170e-02
-2.110731244816451205e-02
1.122609041092802011e-02
6.268298420811811711e-02
3.420574983725687291e-03
