1.212062713426926563e-01
4.129133605319208061e-02
2.540337332264785419e-01
4.627384802240837314e-02
2.813139840243101403e-02
-8.473144209658466097e-02
-2.178547104492862818e-01
-3.135267713798797068e-02
-1.504949007086181789e-01
-4.912832964305834382e-01
-4.324957458646568331e-01
-1.068155950984826102e-01
-1.469068380961094378e-01
-2.112999248359437865e-01
-2.166270365085507521e-01
-2.677803079265910213e-01
-3.426498033374312802e-01
-7.742349119793331957e-02
-4.314976764525361164e-01
-3.147458956286527387e-01
-2.193626333801992068e-01
-3.143541689745956158e-01
-4.296284009758063460e-01
-2.214461833914356179e-02
-2.357260321053609720e-01
3.630850778684020785e-02
-3.766123031286712775e-01
-8.207076840368057692e-04
-2.013110402657710407e-01
-4.604035191360693613e-01
-1.295094965554088318e-01
-1.237164366055284737e-01
-6.641739330611658165e-02
-2.934436522238436096e-01
-8.223906173308456746e-02
-1.701902934929402367e-01
1.385695882527608891e-01
-3.211886498849492177e-01
-4.412376287123216667e-02
-1.559502129916479907e-01
-1.044161644941065531e-01
4.453126628365075557e-02
-1.522964078724804438e-01
-3.467018950786160403e-01
8.145051342952318307e-02
-2.456489240624174231e-01
2.324284803245271480e-01
-4.320545919262310658e-02
-1.079121227091259932e-01
-8.747452742870361064e-02
-9.041029164599395651e-02
-1.708659668928872166e-01
-1.684986619379614525e-01
-1.298382982592211354e-01
-1.073412152964216965e-01
-2.181224753146148998e-01
6.973896728389408772e-02
-4.141133473449008090e-02
1.169124936309560991e-01
-1.263556694938459957e-01
-7.801959222583595456e-03
1.378081714104076039e-01
-3.501501340477501389e-01
5.680177748195117809e-02
-2.739563305264220427e-01
1.425929459786718645e-01
2.267600786876742547e-01
-1.985888812710267376e-02
-8.734064076557467027e-02
6.159048133588026358e-02
-5.359789214202322766e-03
7.294014317789538314e-03
6.766704308285872993e-02
1.836243962092452553e-01
4.721071532487990802e-02
-4.422519953046775282e-02
1.571867593081314463e-01
1.104793587078772843e-02
1.187827378506893933e-01
-1.481995399013985304e-01
5.608965775879668630e-02
4.897010281009784444e-02
5.739486541027065403e-02
2.057667729875085061e-01
1.572507935227665798e-01
-2.893387200524586422e-01
3.540507999544839635e-02
-2.384523260728481364e-01
-1.808416681684111016e-01
6.871470916845057175e-02
-2.029102060941611330e-01
-1.212033974564485916e-01
3.297276878702464220e-01
-9.779818536951123686e-02
-3.837402860738343274e-02
2.840526447151338618e-01
5.659273446967054422e-02
-4.004625097784054316e-02
-6.075034766637712330e-02
1.940069749610225450e-02
