-6.033023961942121649e-02
-4.018560972008813903e-02
1.679502707887523538e-01
-1.535449024129769031e-02
5.028353383318302783e-02
3.979429066441469293e-02
9.794301566729657349e-02
7.948930143128407622e-02
1.809783447017000377e-02
1.124097850635914220e-01
-2.761481275487599404e-02
7.309701673264056010e-02
1.576546701398618411e-01
7.878666419662333498e-02
2.600217786210246018e-02
-1.360764084403489338e-01
2.106659746278287670e-01
2.446181513101373939e-01
1.534043001964113806e-02
-1.633418376653155424e-01
1.720272618522004915e-02
1.610052101719276416e-02
-7.654249107435431854e-02
-5.345279752259551181e-02
6.728481449746732956e-02
4.025488627216457921e-02
-6.925655105284231339e-02
-1.594756506998347145e-01
-4.826940144704029712e-02
-2.694243685256264009e-01
1.303632702992457149e-01
-3.011551706343936763e-01
-1.466242136590253653e-01
5.388284509443586751e-02
-4.401736252829388518e-02
3.056328792509718090e-02
3.164916482548819215e-02
1.181576713201594186e-01
-1.188980009221007744e-01
4.361141425891441187e-02
-3.128790828280825775e-01
-1.031991381184081263e-01
-4.456715063788400932e-02
1.270599796136389348e-01
4.215325698219313244e-02
-1.554594377423024198e-01
-1.168524380370967591e-01
1.500811292998753890e-02
-2.436597122678880664e-02
-6.659810227178687703e-02
-2.408649631621954598e-02
2.795671669048886612e-04
1.641746592283749862e-01
1.030065724997626941e-01
1.076156017125664936e-02
-3.342051845763435031e-02
-1.288962812226568111e-01
-1.214405698167546344e-01
5.082523191923397216e-02
1.257977350983818521e-01
7.503250212466279490e-02
1.333823946170338559e-01
1.714342721518726242e-01
-1.848937433860216861e-01
1.540387411820747510e-01
-2.470525167542234057e-02
-1.368211820112165411e-01
-2.690872606966608904e-01
-2.539541520345565129e-01
-3.272648725275673770e-02
7.604870101804031557e-02
-5.659500274067811448e-02
-4.916793139177063135e-03
-1.043267427235957528e-01
1.643721785394333945e-01
2.085678647638595715e-02
-6.909798112320982011e-02
5.438907801763331190e-02
1.080898242683637003e-02
1.351133946824379650e-01
1.252647035835071365e-01
1.009157834220193312e-01
8.220389491398583104e-02
1.326631853368594183e-01
-3.593490106516206151e-01
-1.728311819154261519e-01
1.452109413602783172e-01
-1.689908316057233129e-01
-9.554751165991173800e-02
-3.714766221648893585e-02
7.449558850640682073e-02
5.473672694759310065e-02
6.406660604120965885e-02
-7.131864173785990024e-02
-5.897382008770470779e-02
6.199032728696469985e-02
-9.842318989469288695e-03
2.876421746008085006e-02
-8.132117957947382347e-02
-8.270124739775082390e-02
