1.994461537493059378e-01
1.273699909291838017e-01
6.379371753086113261e-02
8.076986936033129019e-03
-4.040654512452226954e-02
-8.226314636501225186e-02
-1.180744964216355608e-01
-1.483944689752185186e-01
-1.737469780691026922e-01
-1.946246934196945166e-01
-2.114884591063593278e-01
-2.247672755553500323e-01
-2.348587267229882702e-01
-2.421297532954625464e-01
-2.469176889584979717e-01
-2.495314907017984196e-01
-2.502531060184881029e-01
-2.493389300079557613e-01
-2.470213140266432905e-01
-2.435100948606277460e-01
-2.389941195952841879e-01
-2.336427465868029796e-01
-2.276073073336161712e-01
-2.210225177209073633e-01
-2.140078301708941422e-01
-2.066687207644861135e-01
-1.990979074833899021e-01
-1.913764974225432014e-01
-1.835750621986732001e-01
-1.757546418816568479e-01
-1.679676786441960390e-01
-1.602588819991212499e-01
-1.526660280041956530e-01
-1.452206951888694864e-01
-1.379489402193836978e-01
-1.308719164878522356e-01
-1.240064389044616411e-01
-1.173654982041196088e-01
-1.109587280619900862e-01
-1.047928282566811531e-01
-9.887194703407820029e-02
-9.319802571620794396e-02
-8.777110847413553685e-02
-8.258962004675951540e-02
-7.765061404261783262e-02
-7.294999431283524793e-02
-6.848271173287015512e-02
-6.424293858096216669e-02
-6.022422255387221979e-02
-5.641962231700910213e-02
-5.282182634736945492e-02
-4.942325669465164051e-02
-4.621615915896389037e-02
-4.319268126308876965e-02
-4.034493928348679981e-02
-3.766507549719222414e-02
-3.514530670145687291e-02
-3.277796496932339904e-02
-3.055553151709835061e-02
-2.847066447873596723e-02
-2.651622130718868375e-02
-2.468527645356291891e-02
-2.297113491114955580e-02
-2.136734215278368945e-02
-1.986769093622777621e-02
-1.846622540306532695e-02
-1.715724285164663132e-02
-1.593529352365184726e-02
-1.479517870655383538e-02
-1.373194742040284577e-02
-1.274089192666082171e-02
-1.181754226904117334e-02
-1.095766003122726311e-02
-1.015723147373256280e-02
-9.412460191821753891e-03
-8.719759418142382368e-03
-8.075744077342718319e-03
-7.477222685305232215e-03
-6.921189172551781357e-03
-6.404814699733377137e-03
-5.925439522769838929e-03
-5.480564956032339501e-03
-5.067845473850417747e-03
-4.685080983472136515e-03
-4.330209296316174516e-03
-4.001298818841450729e-03
-3.696541479543421268e-03
-3.414245904394762852e-03
-3.152830849415463876e-03
-2.910818895923529288e-03
-2.686830411328508441e-03
-2.479577776036069776e-03
-2.287859875088819710e-03
-2.110556851535925517e-03
-1.946625117165481748e-03
-1.795092615116573864e-03
-1.655054327982719529e-03
-1.525668024298900555e-03
-1.406150235746677496e-03
-1.295772456995065644e-03
