1.538259472841468634e-01
8.049382804040566830e-02
1.935322708768223710e-02
-3.121668070118535990e-02
-7.264201439514887670e-02
-1.061762454859374177e-01
-1.329198518668594231e-01
-1.538378222806611739e-01
-1.697752397317793538e-01
-1.814711485861349449e-01
-1.895708887408207033e-01
-1.946370610914302524e-01
-1.971592713355759807e-01
-1.975627837286123845e-01
-1.962162025728082237e-01
-1.934382868131994671e-01
-1.895039919872106848e-01
-1.846498238004996850e-01
-1.790785786610726849e-01
-1.729635384920521213e-01
-1.664521799656702716e-01
-1.596694518717977074e-01
-1.527206685768839889e-01
-1.456940623746240671e-01
-1.386630329159896369e-01
-1.316881277777683656e-01
-1.248187845353809777e-01
-1.180948614025311705e-01
-1.115479805467830127e-01
-1.052027055501827263e-01
-9.907757212496401400e-02
-9.318598908695174821e-02
-8.753702470725313600e-02
-8.213609188263334970e-02
-7.698554406547467033e-02
-7.208519255643983104e-02
-6.743275456989170080e-02
-6.302424041850311631e-02
-5.885428721563808196e-02
-5.491644564974183795e-02
-5.120342563314422835e-02
-4.770730595851361416e-02
-4.441971250087527190e-02
-4.133196897372275191e-02
-3.843522377723423977e-02
-3.572055605861734068e-02
-3.317906373348219334e-02
-3.080193588780995306e-02
-2.858051168800307407e-02
-2.650632766762236678e-02
-2.457115503010084967e-02
-2.276702840374005346e-02
-2.108626730573819399e-02
-1.952149141328888768e-02
-1.806563059961130771e-02
-1.671193056906508656e-02
-1.545395481642814275e-02
-1.428558353932811095e-02
-1.320101004825719772e-02
-1.219473514425980024e-02
-1.126155986909945297e-02
-1.039657697545227737e-02
-9.595161414514691289e-03
-8.852960094534340421e-03
-8.165881125445379612e-03
-7.530082731362095459e-03
-6.941961983584191490e-03
-6.398143481478418132e-03
-5.895468086671582300e-03
-5.430981797015500129e-03
-5.001924830407072572e-03
-4.605720974450428114e-03
-4.239967245851274102e-03
-3.902423893088617732e-03
-3.591004767095894688e-03
-3.303768077208056250e-03
-3.038907543322288182e-03
-2.794743949926129217e-03
-2.569717103234811766e-03
-2.362378189032307649e-03
-2.171382525824226088e-03
-1.995482705495109192e-03
-1.833522111737710637e-03
-1.684428805017955041e-03
-1.547209761695112276e-03
-1.420945454079043527e-03
-1.304784757628149258e-03
-1.197940171132534995e-03
-1.099683335551271185e-03
-1.009340837149742386e-03
-9.262902806864394467e-04
-8.499566186048882529e-04
-7.798087224760607465e-04
-7.153561832923909219e-04
-6.561463276217459513e-04
-6.017614370760013959e-04
-5.518161590233926564e-04
-5.059550969677588991e-04
-4.638505695233727157e-04
-4.252005274250734317e-04
