1.000003066717267020e+00
3.598195594777568122e-04
4.904557965844266688e-04
4.644566396084126472e-04
5.074245087300776214e-04
5.677894865935461310e-04
5.059021903417160442e-04
6.558004657564567340e-04
7.550818333199193653e-04
7.021590938011143881e-04
7.243484488265086035e-04
6.224428338973093467e-04
6.655242157882193445e-04
6.398499227407715472e-04
5.242030508399501921e-04
5.997743943830739083e-04
6.763734242625094257e-04
6.174737552595437095e-04
5.969204193620664730e-04
5.876613360800454766e-04
5.281795901966420325e-04
7.090530367361042464e-04
6.883305662810599310e-04
6.122604193339635991e-04
6.562270719102811191e-04
5.870720037963183006e-04
5.517262768927272756e-04
5.972971519679918986e-04
4.348052887266943764e-04
4.565894952509804458e-04
3.973745088622356947e-04
4.273705507178399794e-04
5.347546032086407213e-04
4.803138207294467598e-04
4.726907371314929460e-04
3.033799026259496748e-04
4.026056831980265793e-04
4.440260317088880995e-04
3.310741888913031473e-04
5.108561296142232876e-04
2.825792752591340957e-04
3.868065294862370372e-04
3.853881440278276592e-04
3.478069300688397983e-04
3.915708334526074325e-04
4.226508636382188830e-04
3.810572676119567044e-04
3.228311318224166295e-04
3.328811197786542666e-04
3.085762566275730549e-04
3.359582898784126939e-04
2.307176773844074841e-04
3.170051597928014186e-04
4.097879081917148105e-04
2.715272543152149145e-04
4.145612772530432003e-04
2.798441918046751828e-04
2.569023890048739820e-04
2.114382450240445016e-04
2.707458794107754532e-04
1.396769811316184227e-04
2.445909948315067657e-04
2.603925092929958748e-04
1.908471702748050633e-04
2.651959061835441889e-04
1.709032873595235733e-04
2.157008492212374509e-04
1.279049795048201087e-04
1.841546961173337377e-04
1.926361552622943849e-04
2.467479066315329925e-04
1.228554672238576953e-04
2.221410863165422110e-04
2.934403361887333284e-04
1.500013954211827519e-04
1.662477359812365490e-04
1.222753983798500002e-04
1.952031197455737213e-04
1.884535004316032945e-04
9.009673599101597485e-05
1.541962163236791563e-04
2.235259735183576959e-04
8.780242214795481428e-05
2.090624720345729808e-04
2.113272908176808682e-04
1.840152364657537899e-04
5.729889915534536665e-05
1.794243688829084808e-04
9.001570029883278277e-05
5.162779355192660213e-05
1.647113425366823433e-04
8.581431719993859930e-05
8.664206128704434297e-05
5.086922197259274563e-06
1.436135835097094725e-04
1.111277964356184188e-04
2.272596480397253706e-04
5.960029861113265914e-05
7.476825752832449794e-05
1.262701067050699328e-04
