-9.238994017115836601e-06
6.084465636092007478e-06
2.755904289919586174e-05
2.028979867152448286e-05
3.576734533026149564e-05
5.762737748120466246e-05
4.722528306838155612e-05
3.425807010008922923e-05
4.246001378868983854e-05
6.213350653903484770e-05
6.534146327503040862e-05
5.747274748275734612e-05
6.510149073289137414e-05
6.419618584869703432e-05
5.147570620690135893e-05
4.880832961336973122e-05
6.098834372587741800e-05
4.457541729387741697e-05
5.361930976950783802e-05
4.421889324114481023e-05
4.994516326420330116e-05
2.148212882819552282e-05
4.742251788706113095e-05
3.922540442332849651e-05
3.335733084172899838e-05
4.242038861272440144e-05
1.847658414397099116e-05
2.510068688082604848e-05
3.273520355700500987e-05
1.354627597439891747e-05
3.473017475790505447e-05
1.889256085759603756e-05
3.198059954506706425e-05
1.768724313957113455e-05
1.800500694044062798e-05
1.857741723778958120e-05
2.191912125675330361e-05
2.632163109928051863e-05
9.963135522153247165e-06
2.432098863502890173e-05
2.034926247788282377e-05
2.681032651842212865e-05
1.350619439572942376e-05
1.018426473592296662e-05
1.212921749344304195e-05
1.171068249991515102e-05
2.287222917535301178e-05
1.103281042058067894e-05
4.019867818046331202e-06
6.916653440287439648e-06
1.621098979040167733e-05
5.061179878563166785e-06
1.213051241426239946e-05
1.899913335258670985e-05
-1.080741283262497439e-06
4.634309723244598179e-06
4.054412147548952636e-07
9.507441995804511678e-06
1.919189315163237134e-05
5.725966715828130099e-06
1.183833069601804369e-05
3.616221037194733901e-06
1.711541257726261140e-05
5.688287515081103354e-06
-1.767652543200326405e-06
6.524038548775395764e-07
3.680004850926512949e-06
1.499593570384065255e-05
4.495288686548912726e-06
-5.155740899629273331e-06
-1.115238117619862759e-06
-3.506367190051605265e-06
-6.354765420916376195e-06
-8.466739880039203179e-08
-3.431549464025039942e-06
-1.015930511003013699e-05
-1.111790148205157242e-06
2.374514824470915883e-06
-3.339448630171940239e-06
4.511421323973918558e-06
-6.076421566024538175e-06
1.153087361629697569e-05
3.565228314451713123e-06
8.638514456031642919e-06
1.218540923987026240e-05
1.073978075948584311e-05
-5.541684421917289194e-06
6.296611098606499532e-06
1.340084207523698705e-05
2.227108031070588596e-06
-5.805779353264592050e-07
-2.333859583689139797e-07
-6.850250379287228844e-06
-7.650419306850316889e-06
5.003866465874437290e-06
1.519890042896294574e-05
5.046302683871568065e-06
5.532255185717126805e-06
3.545446707666721754e-06
-8.182346804196543352e-06
