9.999994501218226750e-01
-1.173567353023725101e-05
1.860395539367845294e-04
-8.336242180663503635e-05
-5.379948536057585864e-05
5.962973666376939462e-05
2.861610244076584979e-05
1.456686569048248360e-05
-1.758975131192188674e-05
5.420397184797427743e-05
7.280400293363270981e-05
4.640745964974888428e-05
9.148281979208377831e-06
-5.349440850350366426e-06
1.297749096009868450e-05
1.259698798016261240e-05
4.918312044856864006e-05
5.504195277906453115e-05
1.279796832206669336e-04
8.787845929711806693e-05
-4.780237340789526270e-05
1.103603026276400907e-04
7.178710941837690180e-05
6.023168315842356197e-06
2.133087230938526829e-05
5.101657574585991039e-05
-3.785648460126097290e-05
1.318933263062347240e-04
1.575263910966447978e-04
3.331425631523910694e-05
8.721492891357708957e-05
-5.771113475791256217e-06
1.146545290057572397e-04
2.228487458300040710e-05
9.843845744588277692e-05
5.119104704963097418e-05
4.647990382942520938e-05
-1.593081115153486182e-05
-4.749310525930867564e-06
-2.200481725368096326e-05
1.092794874180343077e-05
1.909959849182312522e-05
1.169172174752502534e-05
-4.738748425991387873e-05
-4.816006302686518680e-05
-3.181507240572927956e-05
1.380079582960600675e-04
4.868179317522241883e-05
-7.554582176966835453e-05
-1.344359307766571879e-04
5.875585100292464582e-05
1.144766284170048952e-04
-4.421482386678450723e-05
-5.978234208964867296e-06
4.058177465359137832e-05
1.538749684206185153e-04
-1.262400008883901754e-06
4.472175559237170515e-05
7.036481636196357668e-05
2.349841833581328070e-05
-8.714062302121198189e-05
-7.398062999883753182e-06
2.047947951332725969e-04
3.253518424217253132e-06
-1.895337810461514568e-05
-6.429028753192149630e-06
4.543732241305290588e-05
-4.766786207558482156e-06
8.551594900045562204e-05
-4.729399733544681583e-05
-5.116129987069893752e-05
1.774147607886880353e-05
-1.000249918745044491e-04
-8.085037179097245277e-06
-3.584784172131605775e-05
9.070209205618106447e-05
7.823490239773183948e-05
7.361058349058830635e-05
6.408546653508818394e-05
3.445238857585337342e-06
-2.949975170948322052e-05
-1.250907517482359097e-04
1.314155334165880958e-04
4.989521593050393506e-05
-3.379392027690035239e-05
3.542966027531619549e-05
1.627265431398597752e-05
-3.192598544800920166e-05
4.023436725149833111e-05
4.530681303633546053e-06
5.455632279580209739e-06
4.381638775411893585e-05
1.184348436910410938e-05
5.861871181555293231e-05
-1.027808564057803865e-04
-1.061478097562408934e-05
-1.867235775918757706e-05
3.250963489196199144e-05
-1.068922274371836485e-04
3.489767153835081429e-05
