1.000000237796986990e+00
1.085668430246188802e-04
4.321868910635918618e-05
2.213339177892426253e-04
3.701777086438931758e-05
1.560341462562908754e-05
9.770960915015603951e-05
2.266995882291481901e-04
1.534978704138046420e-04
1.830673768800531809e-04
1.070245156527157551e-04
5.108819696655750108e-05
1.105106545923634654e-04
1.803500011506167311e-04
1.496167897590627112e-04
8.753826052160183758e-05
7.834255269324169450e-05
1.981837279394971696e-04
1.831651155119756616e-04
1.259401679915088368e-04
1.084383435903189374e-04
3.849652097366365578e-05
1.719641106820914850e-04
4.963655545372635972e-05
1.062747107097454285e-04
8.496881324758985240e-05
3.072674101776488018e-05
4.831865985072474024e-05
2.084378922101632909e-05
1.430550513606016220e-04
1.376660259617533020e-04
1.105938019755065146e-04
8.219650287195236888e-05
8.855964710477794188e-05
1.527521842612165724e-05
4.266383467714582859e-05
7.342385092891134989e-05
1.487641288220144307e-04
5.671364751587136983e-05
5.176535005316083198e-05
6.155608674707391161e-05
3.840949729119353946e-06
-7.385893934473985344e-07
-3.868632733980325515e-05
8.454520885963725163e-05
-4.413669156986128580e-05
1.142278333990833216e-04
2.858360674304805707e-05
-1.748994559608729675e-05
1.493741354630076459e-05
1.466432155875303770e-05
-1.286822892238866062e-05
2.750892068820825389e-05
6.183448535888436787e-05
5.120536315104840544e-05
6.023323364589891070e-05
-7.311243350885187698e-05
-2.642003401521696466e-05
-3.055983373077710127e-05
4.080875138206096066e-05
7.977853963459714706e-06
-3.797663936785950560e-07
-1.083668841905586052e-06
-2.971480366322244094e-05
1.618902626397986729e-04
6.745531635912749031e-05
-2.960436506341594215e-05
-4.591653798860128503e-05
1.222859515870074328e-05
-4.577293657738140637e-05
-1.650654359768994722e-05
-6.648879748870126075e-05
1.136424612533812952e-04
-6.152147565915625079e-05
-4.575071923672341235e-06
-3.005324010035358869e-05
-4.968608746936866046e-05
3.203636073526021868e-08
-1.345086406404997698e-05
9.247797333940336846e-05
1.131223861739705331e-04
-5.717676953084298129e-05
-6.501602511258510939e-05
-9.085053631238965285e-05
1.318639746289993775e-05
-3.109123709117135955e-05
-1.969991441243031246e-05
-3.760953347080109341e-06
1.187297713118847176e-04
4.539258230198319413e-06
8.379413353419584449e-05
-7.683824810494765012e-05
-6.332629959569819483e-05
1.158539088286515131e-04
-2.375479749150735101e-05
-3.328995448106905787e-05
7.391730646713005537e-06
-3.727807551644274695e-05
1.275097324846739609e-05
1.371784334864232911e-05
