2.990160665784415562e-05
5.094487877192734277e-05
7.183430518583434421e-05
9.873548545457836020e-05
9.710349017512098768e-05
1.152790517582542499e-04
1.199718511135952718e-04
1.099216635986435039e-04
1.298082298392756783e-04
1.332602184613928913e-04
1.311453579968129316e-04
1.298030883033798302e-04
1.420311856863493627e-04
1.363510898014754695e-04
1.215368129050544240e-04
1.223546667465711226e-04
1.173506158365841947e-04
1.230188239276707395e-04
1.160304056195352729e-04
1.062210875999034307e-04
1.009264453706855782e-04
1.092184154198059463e-04
9.855597043018067907e-05
9.161115060296595790e-05
1.033789221998499843e-04
7.784971610941875879e-05
8.442994411156319384e-05
8.358726476750167635e-05
7.947217052650322434e-05
5.906347707773345869e-05
6.938101950625983976e-05
6.155157649469725635e-05
7.472512121053766026e-05
6.240555721023602375e-05
6.625602781215939236e-05
4.919538619825958943e-05
4.654404787714282263e-05
6.509286648028343096e-05
3.883416872925134298e-05
5.025348268695105212e-05
4.353589352833588458e-05
4.440416731385337501e-05
4.820528721834956449e-05
3.534805447020716119e-05
3.898356389150628616e-05
3.934519684582547778e-05
4.036799016512694166e-05
4.324396042194437903e-05
2.950925375772588645e-05
4.682141232114783058e-05
2.668329103749121089e-05
3.118023529418765378e-05
1.766506632992681901e-05
1.838538979060327529e-05
1.475579267703236750e-05
1.447975508277222231e-05
4.178438198183462632e-06
2.021389212869888853e-05
1.517145330472951681e-05
1.183748992664752688e-05
9.965917221615625508e-06
1.321580572618552179e-05
1.609590120093488470e-06
2.177723746215756528e-06
7.167991436993176286e-06
5.185540085169994624e-06
1.216015424323634103e-05
6.390304484933186575e-06
3.758629195647070093e-06
-4.000501112112014045e-06
2.125579149460143629e-05
7.487459542114509411e-06
4.242487895595327222e-06
-4.267369338793248423e-06
1.104110984950547336e-05
1.596149878403263302e-05
9.269575157839970102e-06
8.689365550328928249e-06
1.281973336293872929e-05
3.026135947385398065e-06
1.759425509294534085e-05
-7.299507983955108425e-06
9.430788602481979041e-07
6.854380859577944229e-06
1.104948610905835819e-05
7.379819660687970120e-06
9.138429412351054503e-06
-1.241217661246690384e-06
-2.464694615069046673e-06
8.394869832623446447e-06
-5.444986083683560651e-07
-3.052524154339113188e-06
-5.186454450211624366e-06
9.575037540452750154e-06
-2.621114763458829346e-06
-1.538749547223580099e-06
-4.284279579461536753e-06
-1.270890853973626830e-06
5.138305895319841649e-06
1.352038573188854792e-05
