3.447086681653484014e-04
4.090445940543464679e-04
4.873864600807389404e-04
5.282594786269248759e-04
5.634615995964729679e-04
6.001786833320924474e-04
6.316945346254618752e-04
6.478771778237495853e-04
6.630401605085492088e-04
6.620709634488569986e-04
6.716267996112935566e-04
6.671399860430292069e-04
6.546510796059652835e-04
6.514961124939796242e-04
6.612392776982071920e-04
6.359167683793474956e-04
6.250107125615776216e-04
6.194492820645366559e-04
6.171501142194386067e-04
6.012112464855469667e-04
5.914834246411398121e-04
5.825457332565348771e-04
5.698784351385274317e-04
5.643168223820435765e-04
5.485847379897745065e-04
5.484510023716721245e-04
5.212191515003426106e-04
5.223536850142265807e-04
5.027885116428691291e-04
4.925620258498271528e-04
4.872538230234676744e-04
4.675270016410868683e-04
4.710039827990019062e-04
4.773433160865986542e-04
4.430007240735903454e-04
4.173612213700456574e-04
4.086384186075672970e-04
4.112954279911845376e-04
4.086274337392257995e-04
3.973890873228367866e-04
3.775210500210322579e-04
3.829896494500807658e-04
3.751529165562448708e-04
3.604694440452949804e-04
3.572631491103398231e-04
3.531202614343588149e-04
3.333083745637308221e-04
3.326171878394470712e-04
3.322762922971177180e-04
3.026503219748620933e-04
3.229035175735820644e-04
3.073871749697027378e-04
2.859984384756091014e-04
2.906482513197236714e-04
2.696167069415567009e-04
2.639111782463267981e-04
2.702031930505157872e-04
2.665088589343482246e-04
2.615952914847825914e-04
2.491384550237487000e-04
2.531610879080785598e-04
2.380444770986558836e-04
2.324553870273068869e-04
2.320208953244728089e-04
2.224861859744198755e-04
2.140072103751669932e-04
2.037774121249965752e-04
2.026645240288543228e-04
2.185645944270445096e-04
1.891385046907945449e-04
1.952111929750329920e-04
1.879852886214861639e-04
1.872484016570107859e-04
1.809291088188490616e-04
1.695270363367263711e-04
1.749989868557298592e-04
1.875086009557791662e-04
1.616631067885172519e-04
1.650552134845939057e-04
1.417805675685011098e-04
1.508474807021611963e-04
1.524398282365464123e-04
1.414655641394184360e-04
1.433059928947453014e-04
1.400411352090895941e-04
1.328794680778282058e-04
1.324752772791201098e-04
1.437384291939518613e-04
1.280709520866333130e-04
1.297543313389090463e-04
1.207126804102021990e-04
1.096786243463949263e-04
1.174761498962540579e-04
1.185050347779665220e-04
1.165741642532712073e-04
1.087552506891419963e-04
9.921973547388780572e-05
1.142264458275134840e-04
9.817226342146489278e-05
1.087155451370687241e-04
