2.834689902687240748e-01
2.732272879270439270e-01
2.636813293052655549e-01
2.546664429500277160e-01
2.460548934376091679e-01
2.377492107620140516e-01
2.296765625434566138e-01
2.217840207394281560e-01
2.140345943009923646e-01
2.064039164668246273e-01
1.988774904344993433e-01
1.914484102636808960e-01
1.841154852878349735e-01
1.768817062498803938e-01
1.697530000176124543e-01
1.627372272392200170e-01
1.558433838105843516e-01
1.490809726697321091e-01
1.424595173199628972e-01
1.359881927084445330e-01
1.296755527362501159e-01
1.235293368232190936e-01
1.175563406617794737e-01
1.117623386249742001e-01
1.061520472952851291e-01
1.007291212960593207e-01
9.549617407453780960e-02
9.045481753794865076e-02
8.560571551089632414e-02
8.094864688868322333e-02
7.648257512928799406e-02
7.220572137570045734e-02
6.811563904686926407e-02
6.420928819415214206e-02
6.048310830346287359e-02
5.693308854218573356e-02
5.355483471382956051e-02
5.034363240048592147e-02
4.729450595049664030e-02
4.440227311241105174e-02
4.166159523156343081e-02
3.906702301693353724e-02
3.661303795723674925e-02
3.429408951973825920e-02
3.210462830593495409e-02
3.003913536741435741e-02
2.809214790494322239e-02
2.625828158590623462e-02
2.453224972108622448e-02
2.290887954270271962e-02
2.138312582265228246e-02
1.995008206390557967e-02
1.860498948974232541e-02
1.734324404555750293e-02
1.616040161685213666e-02
1.505218165513930693e-02
1.401446939118820324e-02
1.304331680256216527e-02
1.213494248999694852e-02
1.128573060498029232e-02
1.049222895906177892e-02
9.751146434041027544e-03
9.059349801321654391e-03
8.413860048426469868e-03
7.811848300976699001e-03
7.250631419358588223e-03
6.727667340839963567e-03
6.240550230049508179e-03
5.787005493481175641e-03
5.364884707015613909e-03
4.972160499337216315e-03
4.606921428543746429e-03
4.267366884167185515e-03
3.951802042220753722e-03
3.658632896728316805e-03
3.386361387448525578e-03
3.133580640148376974e-03
2.898970332780063334e-03
2.681292198243766939e-03
2.479385672050713873e-03
2.292163691109663261e-03
2.118608648022528556e-03
1.957768503667768872e-03
1.808753059452678858e-03
1.670730389407562447e-03
1.542923431257735550e-03
1.424606734725875111e-03
1.315103364571853367e-03
1.213781955255045352e-03
1.120053913591751490e-03
1.033370765365671700e-03
9.532216415208256922e-04
8.791308993139231292e-04
8.106558736175012263e-04
7.473847534377630513e-04
6.889345786344240000e-04
6.349493517969871529e-04
5.850982602367138389e-04
5.390740030904513525e-04
4.965912185966072897e-04
