8.994239963713217267e-02
-5.642053771298815440e-02
-7.772271088756813832e-04
5.585930483908760347e-02
-9.752812382706504968e-02
-1.872108845259918761e-02
6.992988912590601680e-02
-6.574951406291314193e-02
2.869380612685519527e-02
-9.428663922795769807e-04
-7.785797914546195575e-02
-3.843799764543349984e-02
4.523466109686685027e-02
-5.231850472979471256e-02
4.527016037423309269e-02
1.889409082516613908e-02
3.962740238237068280e-02
3.897744277037229477e-02
3.208638885253858181e-02
8.117034379901548122e-03
2.569079437809688657e-02
-1.806218468311339420e-02
-9.609999449195176860e-03
2.152009752609236604e-02
-7.019669903543154441e-03
3.507694550434346803e-02
5.646698214449784314e-02
-4.605019679856570819e-02
5.777215383967117257e-02
2.776040640858906325e-02
-3.069822691286341193e-02
1.123045462139333484e-01
3.425719195715212079e-02
2.969148660872308193e-02
-6.168482197145420259e-02
1.202901534441735837e-01
-5.490573755036080861e-03
-7.070960268625891762e-03
6.365053100267792363e-02
-4.385251371418953659e-02
-3.899886072871030368e-02
6.398171568317569460e-03
5.099507555260641978e-02
1.372273322043660732e-02
3.218451449307801332e-02
-6.942162588766380427e-02
4.449484781277703027e-02
-8.476336925528942445e-04
4.388463906782141821e-02
2.769675805866706787e-03
-2.540532253437743221e-02
1.054586070210044024e-01
-4.984993085401462874e-03
6.982986022997353381e-02
8.735937168222313726e-03
6.148779473028141013e-02
-4.412814774255875011e-02
4.369051066355591345e-02
5.358173143731013999e-02
6.624741111998114218e-02
9.840476687419585922e-02
-9.502898801050457811e-02
6.957401244939888374e-02
-8.780491563534340016e-02
6.775153140082265657e-02
6.970604426036852708e-02
3.433876402903161124e-02
-1.747553085333424308e-02
3.367750988421504971e-02
-1.474953587870612114e-02
-1.105745335822261484e-02
-6.721872306397523068e-03
9.375693252747967221e-02
8.085759146419309318e-02
4.449073640529297574e-02
8.750709688959830423e-02
3.808815454028480901e-02
-8.759306733347960172e-02
-1.759544737758704860e-02
5.194267858086667328e-02
6.746211521454273385e-02
7.450412601753569897e-02
1.876071271807534802e-02
-6.242049942959761004e-03
7.614148864396019789e-02
-1.017515685485187726e-01
-2.302933645452255249e-02
-8.710276907976952088e-02
2.367408956200716535e-02
-9.069949537110162663e-02
-1.382820242522042609e-02
3.009612540736959774e-02
-6.996531622833129793e-02
3.812862513960478972e-03
-3.713751134147943306e-02
-2.617410495776950272e-02
-8.151731947143843471e-02
2.725515762073055237e-02
-4.347767123435542815e-03
2.775396628231686577e-03
