4.368327639366506587e-02
2.229098275175399671e-02
6.657296588335547861e-03
-4.318259025805525758e-03
-1.156000121025408875e-02
-1.584144393706478707e-02
-1.780725316850420570e-02
-1.799223449225791083e-02
-1.683773392780286288e-02
-1.470578559974319161e-02
-1.189129862291860712e-02
-8.632539161832548935e-03
-5.120131630737261019e-03
-1.504774874880161761e-03
2.096155538305860544e-03
5.592969490478751082e-03
8.918858566083612271e-03
1.202581271780328587e-02
1.488115832313009063e-02
1.746463144842847620e-02
1.976591137838459161e-02
2.178254930685574742e-02
2.351823568936337039e-02
2.498135727738064887e-02
2.618380142205967154e-02
2.713997096641578705e-02
2.786597804272936130e-02
2.837898944631913473e-02
2.869670004739013208e-02
2.883691399933834346e-02
2.881721636626832783e-02
2.865472027868817134e-02
2.836587688197610146e-02
2.796633720907061929e-02
2.747085672363262787e-02
2.689323467487926902e-02
2.624628160865605242e-02
2.554180941586663492e-02
2.479063919082265602e-02
2.400262293741066075e-02
2.318667581682566647e-02
2.235081619152856636e-02
2.150221119874970443e-02
2.064722599437315842e-02
1.979147515407049182e-02
1.893987501154299063e-02
1.809669596102096364e-02
1.726561395915057751e-02
1.644976063562578888e-02
1.565177156722200036e-02
1.487383239044142227e-02
1.411772252741573704e-02
1.338485638116563778e-02
1.267632192250183268e-02
1.199291664410879338e-02
1.133518089969654669e-02
1.070342867927433911e-02
1.009777589708161019e-02
9.518166287785550378e-03
8.964395020313103632e-03
8.436130148061932524e-03
7.932932020024653988e-03
7.454270780238263575e-03
6.999542083508039116e-03
6.568081154035048524e-03
6.159175310804298337e-03
5.772075079706954354e-03
5.406004007658257553e-03
5.060167288668069446e-03
4.733759306117207681e-03
4.425970189548658444e-03
4.135991478227175194e-03
3.863020977657091997e-03
3.606266889258579432e-03
3.364951287551225158e-03
3.138313013529356668e-03
2.925610047472977301e-03
2.726121419246926858e-03
2.539148709216655642e-03
2.364017188262145398e-03
2.200076641006258951e-03
2.046701912290673723e-03
1.903293213127427511e-03
1.769276218820765509e-03
1.644101988683574272e-03
1.527246733755076129e-03
1.418211456149933098e-03
1.316521481121465118e-03
1.221725900590507445e-03
1.133396944763584912e-03
1.051129296526820281e-03
9.745393615423556932e-04
9.032645053798469973e-04
8.369622675745888021e-04
7.753095612044836682e-04
7.180018654094281593e-04
6.647524172280306698e-04
6.152914081881827053e-04
5.693651902503378982e-04
5.267354949567780008e-04
