-2.007403509088290672e-03
-4.557669408228355590e-02
-7.946643494523410178e-02
-1.052546093385191145e-01
-1.242941298839380510e-01
-1.377425649177103362e-01
-1.465881331009385447e-01
-1.516724180331863181e-01
-1.537102013976507087e-01
-1.533067660997976533e-01
-1.509729792311893248e-01
-1.471384278797617795e-01
-1.421628482691676409e-01
-1.363460599564791376e-01
-1.299365914176010828e-01
-1.231391609197451109e-01
-1.161211567799760314e-01
-1.090182436362207019e-01
-1.019392059443761100e-01
-9.497012632471456273e-02
-8.817798440201049526e-02
-8.161375122997682752e-02
-7.531504509620728927e-02
-6.930840632222592945e-02
-6.361124147456216626e-02
-5.823348107195758933e-02
-5.317898930902408006e-02
-4.844675942776927730e-02
-4.403192407561652699e-02
-3.992660622131604525e-02
-3.612063289607143207e-02
-3.260213113113039768e-02
-2.935802292625874083e-02
-2.637443386286203451e-02
-2.363702803300341687e-02
-2.113128025760395087e-02
-1.884269508406810970e-02
-1.675698075930475914e-02
-1.486018524555395709e-02
-1.313880036326028899e-02
-1.157983928954093439e-02
-1.017089189681064446e-02
-8.900161769958281344e-03
-7.756488179900610652e-03
-6.729355805623050274e-03
-5.808894576504252533e-03
-4.985871643511979173e-03
-4.251677174462328845e-03
-3.598305398554144108e-03
-3.018332093215728845e-03
-2.504889507011023170e-03
-2.051639541640089617e-03
-1.652745870160100827e-03
-1.302845544149321480e-03
-9.970205367531362328e-04
-7.307695788676665111e-04
-4.999805699350077376e-04
-3.009037810266027013e-04
-1.301260144074330855e-04
1.545416084988357475e-05
1.386500146599422417e-04
2.420090511164882732e-04
3.278341660532448770e-04
3.982035602077722836e-04
4.549894174779734596e-04
4.998753706258757951e-04
5.343727867901434253e-04
5.598359127756899478e-04
5.774759256897341042e-04
5.883739384268571633e-04
5.934930120605496663e-04
5.936892286227167873e-04
5.897218782565370222e-04
5.822628144909235484e-04
5.719050305585298213e-04
5.591705083917799558e-04
5.445173902907008041e-04
5.283465213524430552e-04
5.110074086606777345e-04
4.928036410156793300e-04
4.739978106941794122e-04
4.548159764038196828e-04
4.354517042740343839e-04
4.160697214305284115e-04
3.968092144554044185e-04
3.777868028559397883e-04
3.590992155643213694e-04
3.408256964773392385e-04
3.230301631252947142e-04
3.057631407369816590e-04
2.890634922445708358e-04
2.729599631488768699e-04
2.574725586410394782e-04
2.426137689492233358e-04
2.283896575459832233e-04
2.148008256102418648e-04
2.018432649838044829e-04
1.895091107920666334e-04
1.777873039079691541e-04
1.666641725230920737e-04
