2.812425954137761086e-01
2.716391907162286068e-01
2.625478236679961164e-01
2.538408462086977346e-01
2.454214173883909056e-01
2.372177349596958917e-01
2.291781868248895515e-01
2.212672898962256274e-01
2.134623017189695160e-01
2.057504057241101858e-01
1.981263845013587765e-01
1.905907072592955831e-01
1.831479678852762916e-01
1.758056189237325317e-01
1.685729545255505446e-01
1.614603021307152164e-01
1.544783884608614266e-01
1.476378504314871110e-01
1.409488659451247072e-01
1.344208832842465340e-01
1.280624310628016849e-01
1.218809934852378152e-01
1.158829380604867176e-01
1.100734849771513313e-01
1.044567091100364609e-01
9.903556713653248467e-02
9.381194352852642582e-02
8.878671028143150790e-02
8.395979617270399320e-02
7.933026213060241638e-02
7.489637995972839302e-02
7.065571223027924952e-02
6.660519160789082904e-02
6.274119829341760768e-02
5.905963456823421637e-02
5.555599571037327100e-02
5.222543676845900484e-02
4.906283486121677806e-02
4.606284681660315072e-02
4.321996208170469228e-02
4.052855092713318619e-02
3.798290804168099472e-02
3.557729166790229991e-02
3.330595846996645820e-02
3.116319435407747390e-02
2.914334148107980416e-02
2.724082172237320479e-02
2.545015681545665862e-02
2.376598547559246807e-02
2.218307771630736308e-02
2.069634662462444333e-02
1.930085782780405559e-02
1.799183687758203892e-02
1.676467476594558151e-02
1.561493177380020130e-02
1.453833984079495878e-02
1.353080363136395167e-02
1.258840045892488727e-02
1.170737921732198372e-02
1.088415845614086087e-02
1.011532372455327747e-02
9.397624296941738814e-03
8.727969382753202748e-03
8.103423912867911694e-03
7.521203985257136904e-03
6.978672043843827874e-03
6.473331856266553892e-03
6.002823348663357747e-03
5.564917348618782234e-03
5.157510281029156242e-03
4.778618855810326353e-03
4.426374781069383930e-03
4.099019530555914059e-03
3.794899189868089148e-03
3.512459401983046570e-03
3.250240429178281182e-03
3.006872345281609571e-03
2.781070369401970454e-03
2.571630349824298098e-03
2.377424404572368172e-03
2.197396723228310037e-03
2.030559532923163421e-03
1.875989229956678481e-03
1.732822677246074073e-03
1.600253666723083258e-03
1.477529544878597532e-03
1.363947998877782473e-03
1.258854000020581199e-03
1.161636900788981996e-03
1.071727681290376511e-03
9.885963405642519356e-04
9.117494279564183511e-04
8.407277095715040820e-04
7.751039646816336968e-04
7.144809068891289821e-04
6.584892248066585895e-04
6.067857370229362644e-04
5.590516561602313717e-04
5.149909568963038399e-04
4.743288429134576091e-04
