2.974327940366559009e-01
2.738480722468137341e-01
2.343035348119699712e-01
2.361770700341648543e-01
2.715167632790457808e-01
2.946106313286090961e-01
1.991382523255002535e-01
1.978955755715180453e-01
1.552088035485802986e-01
1.651515740741688054e-01
1.884617232984567292e-01
2.032491399894263695e-01
1.988079340120480487e-01
2.366447323392450175e-01
1.924214812882576175e-01
1.902981500328278508e-01
2.078322165894592732e-01
1.598936119781289855e-01
1.627662039049077303e-01
1.451068662555775324e-01
1.420703886395758841e-01
8.448702032590368893e-02
5.477210145492879961e-02
8.751890451533138326e-02
4.811076796113001458e-02
4.666627215960061220e-02
1.433491808295201675e-01
7.471569029659341776e-02
8.454709547984776141e-02
1.366229617250229178e-01
3.384699675616460735e-02
-2.566187246285179038e-02
6.073879345434042565e-02
7.517740312807999481e-02
2.908077388987503550e-02
7.500611849543407754e-03
1.767824256530695776e-02
6.732022894868280871e-02
1.337413594793853688e-01
6.612064512466919730e-02
5.511394333169099269e-02
1.123502759542824130e-02
7.065463225718060514e-02
8.466659692189316966e-02
1.024034961252298231e-01
2.139925054157216372e-02
-1.032075101429507508e-02
7.068409716248923169e-02
-1.902147805282871154e-02
4.919330659689130636e-02
4.094627421600141592e-02
2.038082958843921363e-02
3.239149524175549688e-02
3.797420710886978412e-02
-5.809741562281262039e-02
2.717368887273359339e-03
-9.690532885783913197e-03
-5.978176023807544454e-03
-1.685334715846390982e-02
2.038337839368437390e-02
-1.193996834186385365e-02
3.244368506802593893e-02
8.077739509106485194e-02
-1.197349111149906796e-02
6.059639700998486166e-03
-3.357237169206924192e-04
4.576379939087087123e-02
-1.867530980469296956e-03
9.646675306219013035e-02
1.546254067559670736e-02
-1.310113273528821891e-02
8.202564560015760189e-03
-2.713446070186707748e-02
-3.895828208491167177e-02
3.573757247065348364e-02
-3.897795220690244630e-03
-3.798193444706468580e-02
-7.696216875813265135e-02
1.760942237761793303e-02
3.258635526433750762e-02
4.913773278851146786e-02
-1.834160108890017446e-02
1.826643720633476173e-02
-6.626716543559856010e-02
-2.218659163561772368e-02
1.409928832171112797e-02
7.703593887117631857e-03
1.173360101230454429e-02
1.180516832950830042e-02
-3.702497062142985629e-02
-4.964355909865805772e-02
5.369733704157042542e-02
-1.009265669275530124e-02
4.082849126154479424e-02
-9.820036207990013102e-03
1.185615336029431297e-02
-5.460845861001150346e-03
-5.849498365253363169e-02
7.959188990752996684e-02
8.101568281493434776e-02
