2.510634852290928934e-02
-1.054618086732719423e-01
-2.706308397477567851e-02
-1.038150015127002196e-01
-1.579376343165009577e-01
-1.244687649107683036e-01
-2.278707648726180923e-01
-1.659700733767400516e-01
-1.414284795484306023e-01
-2.868562818476166898e-02
-1.675540536018394477e-01
-1.402575304577005910e-01
-1.876243414969723244e-01
-1.153641054887284828e-01
-1.770526119807612764e-01
-1.174522091461670803e-01
-1.919876814042741076e-02
-1.149932702890194280e-01
-7.250081983786099693e-02
-1.328449991093375859e-01
-1.091619893508828376e-01
-9.671420438246920714e-02
-1.556695006610491483e-01
-2.798061803340931922e-02
-1.428108271636849558e-01
-2.639070802074591424e-02
-6.579821151613483854e-02
-1.352001791955585903e-02
-7.870819923495714354e-02
6.797708384385812638e-03
-4.595002672515218628e-02
-9.148902098908903713e-02
-6.958862716418916239e-02
2.371765156870559929e-02
-1.930122114932781435e-02
1.091434261988456778e-02
-1.368297338104790088e-02
-1.889679002205541317e-02
5.203428069602831357e-02
5.047400847855602196e-03
-6.135212840092697101e-02
-3.002566253782159092e-02
3.938423090057171366e-02
-3.509929411998949367e-02
4.004770216688367281e-03
-1.975683763480304972e-02
2.241055646427359688e-02
4.235656636699243471e-02
-2.468741566125904133e-02
-5.142454529584897932e-02
4.761128589131442823e-02
-9.805204304168818608e-02
2.008524848725892764e-03
-6.016281636659812602e-03
-4.668407088041184871e-02
-3.966425666020718943e-02
-1.877833038111279343e-02
-1.714092019775947592e-02
-5.448588264865288772e-02
-2.434679013976018269e-02
-2.595026447640608885e-03
9.694639094334198126e-03
-4.128199189747414760e-02
-1.287307518157462284e-02
6.770640098442722021e-02
4.678759360228656322e-02
2.720980505584223372e-02
9.025706782599233341e-03
8.676954293911771920e-02
-3.053511091860203197e-02
2.669015220428104865e-02
2.015544020264354187e-03
2.645527531815377795e-02
-1.029145426311370154e-01
-2.093940407522834612e-02
6.971592990825997704e-02
-3.812889402065340605e-02
9.868072625309929138e-03
3.326862458055235283e-02
-3.842268169957600843e-02
1.004382073249296264e-01
1.345503608397762181e-02
9.084459967382257917e-02
3.211070150274265844e-02
3.634550996134107426e-02
7.326062808180473784e-02
4.886595475692761398e-02
4.108655773012716284e-02
4.932793564337584896e-02
1.539513690908750690e-02
-5.933622803154736669e-02
-5.113703731268749025e-02
8.348093294278473298e-02
-2.483392089358997523e-02
2.854959985733336938e-02
8.643421554502751097e-03
5.400355833113904686e-02
5.670369179767320578e-02
-2.946568717072401214e-02
3.671003792409913667e-03
