-3.272815533164822460e-02
7.029363753969672390e-02
-1.559420013730845010e-02
-5.392908413991088362e-02
-2.244556213645221981e-02
-5.439517536052661945e-02
1.064987680931028975e-02
9.507332160348652694e-02
8.543485081066745646e-02
1.516117663218384363e-02
-1.414855008877450027e-01
9.580939967783930200e-02
6.996129913880483331e-02
7.472549948099305173e-02
-5.661898383007003994e-03
4.674354170565427589e-03
1.372625052837658267e-02
-1.138676543858464611e-02
-4.402723974110962085e-02
-2.190004143303925579e-02
3.184998499345374767e-02
9.608103892900954346e-02
-7.333678742973086424e-03
-2.123104209889429411e-02
-4.972406930216278532e-03
-1.017323867843316076e-01
-5.512068267661243692e-02
-1.501699209707454963e-01
-1.129609841582534082e-03
5.621941446353917460e-02
6.911887607001540590e-02
2.533288896810657539e-02
1.543392110362599434e-01
-2.289580509009231726e-02
1.492501436899515144e-01
1.315450533091499785e-01
1.367153662653023891e-02
-6.781587031071958319e-05
1.228412593338557013e-01
2.312890735738177758e-02
-2.645679101087308749e-02
2.579952311183525068e-02
-4.946009901187219809e-02
-7.841014593168654789e-02
-5.408703503828107134e-02
-1.177838750184493216e-01
9.463600927021625919e-02
-1.077798300773342988e-02
1.405739662567094816e-01
4.141384655692412903e-02
1.046945113565395657e-01
4.908319665076151667e-02
4.073254944581262971e-02
1.234821818126917714e-01
1.443227404944993041e-02
-2.784293747940336933e-02
4.085942078061909760e-03
-5.340468487158921140e-02
-3.745040717982484751e-02
4.227270742263060377e-02
-2.166303284381077346e-02
6.811265181239724298e-02
1.190509087468699101e-01
7.181722955736254133e-02
-1.666003333533719599e-01
1.320086942030507249e-01
9.603570795068501476e-02
1.112285676871327816e-01
-2.098908485270351565e-01
-7.274129772899522173e-02
3.066088048462711768e-02
2.097113940066656218e-02
-4.408615517165680175e-02
-5.545088338513315396e-02
2.083111237118561235e-02
-9.404576536918700380e-02
-2.103982552116861193e-01
3.199473368253634431e-02
4.094634668193603000e-02
-1.087600793479771670e-02
-9.358988525249954671e-02
2.072882025709187406e-02
-3.705874222753669650e-02
1.194964783088852539e-02
-5.448755581749539084e-02
2.631201292753641147e-02
2.165299967848400425e-02
-9.934955297970651800e-02
6.124611641695642400e-02
-6.122176652892243748e-02
4.302558074184541920e-02
1.199374600893529513e-01
-4.733562300084257629e-02
2.934054946903849603e-02
-6.955838884388380883e-02
3.724728875250071791e-02
-5.303763836457998752e-03
-2.026176092733331796e-02
3.199073301275835723e-02
-3.002392029776283777e-02
