3.760521930940695368e-03
3.276319330162692734e-04
-1.493890407726823112e-03
-2.074047670107026162e-03
-1.718030054851326337e-03
-6.760550379661528497e-04
8.481601322688596400e-04
2.690114255245483130e-03
4.718269869035545544e-03
6.828696047536702424e-03
8.940486827316030879e-03
1.099185096689342910e-02
1.293678206143546172e-02
1.474222971839335428e-02
1.638570274005037020e-02
1.785324422996915905e-02
1.913772639447321872e-02
2.023741968220163501e-02
2.115479691325993297e-02
2.189553829936246102e-02
2.246770784005035909e-02
2.288107557904221767e-02
2.314656369081921281e-02
2.327579740388965521e-02
2.328074440948513929e-02
2.317342870169830996e-02
2.296570679037161083e-02
2.266909595927176641e-02
2.229464574253018846e-02
2.185284509123855759e-02
2.135355882513341810e-02
2.080598793400986746e-02
2.021864912962562100e-02
1.959936976870415432e-02
1.895529488638381804e-02
1.829290361035955034e-02
1.761803268063698996e-02
1.693590518841249157e-02
1.625116297897238882e-02
1.556790144540792439e-02
1.488970567911633569e-02
1.421968714538399819e-02
1.356052022294332304e-02
1.291447808971417886e-02
1.228346755685213662e-02
1.166906255308867123e-02
1.107253604407411676e-02
1.049489023954609107e-02
9.936884996824137117e-03
9.399064374262036670e-03
8.881781324496183447e-03
8.385220546013542192e-03
7.909419533928508175e-03
7.454287887938624083e-03
7.019624948109912978e-03
6.605135838179673063e-03
6.210446002104750077e-03
5.835114323174784429e-03
5.478644916619569705e-03
5.140497686661764723e-03
4.820097737732918775e-03
4.516843727362085913e-03
4.230115245295301869e-03
3.959279299905763862e-03
3.703695989069800357e-03
3.462723428544710151e-03
3.235722006600154355e-03
3.022058029311813169e-03
2.821106816595183708e-03
2.632255304793632185e-03
2.454904207481250870e-03
2.288469782130344871e-03
2.132385246449348872e-03
1.986101884536581232e-03
1.849089879529423625e-03
1.720838906163331796e-03
1.600858513592957801e-03
1.488678325967584528e-03
1.383848085591819679e-03
1.285937561034909520e-03
1.194536340271262287e-03
1.109253526833329064e-03
1.029717355027201737e-03
9.555747384923258267e-04
8.864907647702706351e-04
8.221481470743484442e-04
7.622466431125686850e-04
7.065024496020029998e-04
6.546475800141116725e-04
6.064292320993785795e-04
5.616091508475288272e-04
5.199629917387042950e-04
4.812796884238986547e-04
4.453608283326031974e-04
4.120200391353908125e-04
3.810823884829121614e-04
3.523837989946445931e-04
3.257704800754310345e-04
3.010983777903173905e-04
2.782326437238965633e-04
