1.717709543072803158e-01
1.786518788102458011e-01
1.824280778833624050e-01
1.836509438111271209e-01
1.827928716713922153e-01
1.802575075856026887e-01
1.763887422143222417e-01
1.714785973717942169e-01
1.657741366742238320e-01
1.594835160829398690e-01
1.527812768449018088e-01
1.458129714814513644e-01
1.386992029645837399e-01
1.315391478994386021e-01
1.244136262696090289e-01
1.173877729802168118e-01
1.105133599474449335e-01
1.038308117388658525e-01
9.737095268326424746e-02
9.115651886772413448e-02
8.520346445770987653e-02
7.952208825418097260e-02
7.411800328840766061e-02
6.899296950383135285e-02
6.414560714393521823e-02
5.957200631912768635e-02
5.526624633164507749e-02
5.122083666663662660e-02
4.742709008431643392e-02
4.387543694964290281e-02
4.055568879226088830e-02
3.745725808253261985e-02
3.456934032353146946e-02
3.188106377981122369e-02
2.938161147912824248e-02
2.706031952203362401e-02
2.490675520658101882e-02
2.291077801264248398e-02
2.106258608481602346e-02
1.935275049784988821e-02
1.777223927789177774e-02
1.631243288137870784e-02
1.496513259631793158e-02
1.372256312391612401e-02
1.257737041832641782e-02
1.152261570545927427e-02
1.055176646548582065e-02
9.658685045328744417e-03
8.837615464860332573e-03
8.083168891751774804e-03
7.390308183213184154e-03
6.754331826711645025e-03
6.170857554815484432e-03
5.635805860411710437e-03
5.145383596645907928e-03
4.696067810131177370e-03
4.284589925469432965e-03
3.907920373224160401e-03
3.563253731567113912e-03
3.247994433355826625e-03
2.959743074914705438e-03
2.696283349880412676e-03
2.455569620773439925e-03
2.235715132160239881e-03
2.034980862101781925e-03
1.851765002807582950e-03
1.684593056823815039e-03
1.532108531500577832e-03
1.393064211752228446e-03
1.266313989111546821e-03
1.150805223667400977e-03
1.045571614566741378e-03
9.497265542689062919e-04
8.624569415895376196e-04
7.830174286996330855e-04
7.107250775980605145e-04
6.449544021073577108e-04
5.851327721134795242e-04
5.307361575472727220e-04
4.812851904609879885e-04
4.363415244634856905e-04
3.955044717236531134e-04
3.584078987165369937e-04
3.247173628576362193e-04
2.941274731367647232e-04
2.663594588152058554e-04
2.411589311815111011e-04
2.182938242669063761e-04
1.975525012966566462e-04
1.787420144958779314e-04
1.616865066750539060e-04
1.462257437904840817e-04
1.322137684073648397e-04
1.195176646879163486e-04
1.080164261841132727e-04
9.759991833470504506e-05
8.816792815008727552e-05
7.962929411726043280e-05
7.190110987172177543e-05
6.490799566500867271e-05
