-5.679003302056245817e-02
-3.549520621958491412e-02
-2.031826195996720708e-02
-1.004221153079699023e-02
-3.649644025856400853e-03
-2.935398763133229005e-04
7.279565359916383149e-04
-6.685483972132533204e-06
-2.023608725797952645e-03
-4.937406383989637049e-03
-8.437230773167797571e-03
-1.227487319905408436e-02
-1.625455341419726474e-02
-2.022419018215387831e-02
-2.406795352802590382e-02
-2.769992474672525878e-02
-3.105871259718421401e-02
-3.410289370568426320e-02
-3.680716236552919463e-02
-3.915908994569846507e-02
-4.115640726587407872e-02
-4.280473478697374712e-02
-4.411569550584609756e-02
-4.510535420714113786e-02
-4.579293437061878608e-02
-4.619977069579457585e-02
-4.634846100893941223e-02
-4.626218636664984618e-02
-4.596417255929201306e-02
-4.547727002910222083e-02
-4.482363252413214261e-02
-4.402447767429452929e-02
-4.309991515547247076e-02
-4.206883025113874325e-02
-4.094881247130195689e-02
-3.975612048365100015e-02
-3.850567598463536245e-02
-3.721108031790375248e-02
-3.588464865941671383e-02
-3.453745745485905377e-02
-3.317940153510924584e-02
-3.181925796643095272e-02
-3.046475422852555279e-02
-2.912263876852557928e-02
-2.779875236365471694e-02
-2.649809904941431704e-02
-2.522491564228495492e-02
-2.398273911344860065e-02
-2.277447125935399067e-02
-2.160244027162846331e-02
-2.046845893769657851e-02
-1.937387930866534685e-02
-1.831964375617186128e-02
-1.730633240806404155e-02
-1.633420700666916858e-02
-1.540325127529194177e-02
-1.451320791044544839e-02
-1.366361234083960513e-02
-1.285382341077494911e-02
-1.208305115654370945e-02
-1.135038185077033579e-02
-1.065480049221660154e-02
-9.995210918181958448e-03
-9.370453713879071250e-03
-8.779322088588880149e-03
-8.220575882440774029e-03
-7.692953860691849159e-03
-7.195184444698374780e-03
-6.725995020633725001e-03
-6.284119958614471126e-03
-5.868307466414479645e-03
-5.477325393508428002e-03
-5.109966092894121723e-03
-4.765050440078335593e-03
-4.441431100834020845e-03
-4.137995131891812790e-03
-3.853665991647116026e-03
-3.587405031264773864e-03
-3.338212530257432704e-03
-3.105128334704488052e-03
-2.887232150763066087e-03
-2.683643540994158638e-03
-2.493521666274645977e-03
-2.316064811676344249e-03
-2.150509730650852856e-03
-1.996130838147306373e-03
-1.852239279891199292e-03
-1.718181901948513971e-03
-1.593340141871999989e-03
-1.477128860157514304e-03
-1.368995128410281344e-03
-1.268416988516119946e-03
-1.174902195214808098e-03
-1.087986952765565216e-03
-1.007234654863008302e-03
-9.322346355915246078e-04
-8.626009379829995818e-04
-7.979711056547024017e-04
-7.380050020386998491e-04
-6.823836608604744733e-04
