3.226054112639127613e-02
-9.885979209283675406e-02
-8.654131656152357077e-02
9.439444315923063006e-05
2.863205916129600223e-02
-9.232714154578763877e-02
-1.908162597742893776e-02
4.173972627320107764e-02
-3.288034101386016345e-02
5.793176914698394686e-02
7.556073290986295432e-02
-7.758523094976144119e-02
9.821239847680457435e-02
-2.614536296190045350e-02
-1.206553327481229704e-01
-7.017230397192479596e-02
-3.314077484703104037e-02
-2.220806222879668015e-02
-1.081976013801390774e-01
2.454650785652150863e-02
-6.030147998316225111e-02
-4.310098759632064597e-02
-9.547242579240595994e-02
1.311243943911767108e-02
-3.551085582252916373e-02
-1.321210028115992474e-01
7.185157436027965472e-02
-2.477052471571955863e-02
-5.180293434406686714e-02
-1.921226653876165202e-02
1.122660844850611669e-02
-6.297924539139490574e-02
-3.044495258980313424e-02
-6.004896963997579523e-02
-4.599800889510810564e-02
-6.842622063922713938e-02
-1.471489336217876413e-02
-6.424345397091735244e-02
-6.776948981864841515e-02
-1.154279143402075769e-01
-8.348289565211076957e-02
3.790969076970781247e-03
-3.222569177628699377e-02
-8.386390525810855090e-02
-2.128171945596838560e-03
-1.393619274342516867e-01
4.993398724984233344e-02
-5.247753986875314941e-02
1.481301032193372072e-02
-4.850664145515699854e-02
5.959971264793834100e-03
1.228260480676531506e-02
-9.741848476423750625e-02
-1.260130364185993793e-02
-4.471188190825118453e-02
5.557521531942912624e-02
-1.089364015978705339e-03
5.074541051230890137e-02
4.064175939852744668e-02
-1.196884652004912356e-02
-4.898755334779517773e-03
-8.187041865742364366e-02
-6.478924246889657124e-02
-1.516108392918482858e-02
-6.501032079700788668e-02
5.489923054033804539e-02
-1.997622595466421944e-02
-2.627489999430377560e-02
4.289463505414505039e-04
7.389726464977076914e-02
-7.507447313527879085e-02
-5.894481358206872176e-03
3.136348949864453672e-02
-2.510681522773200100e-02
2.953710885122902766e-02
-2.250725041545595731e-02
-5.390621580570514187e-02
-1.847850846743567463e-02
2.118565675450055641e-02
-1.784739148040752430e-03
5.123107856026143381e-02
-1.325126153601119752e-02
9.941064871796302660e-02
-7.649512764978788626e-02
3.100278102134634665e-03
-9.678859868808989755e-03
-5.833264386532463486e-03
3.573342379473643231e-03
-3.245625393129098618e-02
7.048035526087412239e-02
4.501963220249646964e-03
-4.941100729674732100e-02
3.022449793220427245e-03
-3.629307284196637423e-02
-4.922458444979982417e-02
1.208035660229506980e-01
-2.600720031474541491e-02
5.088334480906007984e-02
1.114836042572248456e-02
1.169505011183613087e-02
