1.607961569984660000e-01
2.340058458090178983e-01
1.922645722265099721e-01
1.726673405835010000e-01
1.228189999049620756e-01
1.879690768500167641e-01
1.790744310623173519e-01
1.328607269896031617e-01
1.699367811076592238e-01
1.123866365698095310e-01
1.442366553339403945e-01
1.770208708545931153e-01
1.183287645984905240e-01
1.678221455115135319e-01
7.866315031297983762e-02
1.517026957044979862e-01
1.239340849547512918e-01
1.388811757852680684e-01
2.349561568230776332e-01
8.049918249260519520e-02
8.637375465264811314e-02
6.134897204409459071e-02
1.575080873475166454e-01
8.016312164605651769e-02
-3.152249007582093310e-02
1.020921975824280181e-01
-6.277810596424096556e-02
4.342991458034872743e-02
-7.822554599285160004e-02
1.458721759233624557e-02
1.465617282724094861e-01
6.189900901786041243e-02
2.664500148583142172e-02
-2.400230081673060054e-02
-1.603623374597164947e-02
-7.169550482968420346e-02
6.499516758044611431e-02
-3.607891635568191008e-02
3.495948966711483197e-02
1.311117082219394880e-01
8.461623707475636469e-02
-6.465335634054962533e-02
5.271372360552060987e-02
2.807316058811785281e-02
6.325451680982301095e-02
-6.352357196589282495e-02
1.840131916608983842e-01
-3.746513914243566890e-02
3.726952844844132889e-02
1.033482672001981156e-01
-1.374636218713405633e-01
-2.846463128309853485e-02
5.133532612879330992e-02
-1.135664681024029926e-01
-4.433834429060969778e-02
3.954809515244789297e-02
8.059453269461015756e-02
8.534645006875457574e-02
-1.362117934541265396e-02
-1.146899012388742922e-01
-8.262160187030376246e-02
-1.159872769616072108e-01
-4.718794409380781818e-02
-1.731208042791315682e-02
8.747914793382700893e-02
-6.299530599429162270e-02
1.151574900793614006e-02
2.348309217450263511e-02
-4.872766595818671387e-02
3.999782419208022105e-02
-9.746841285742270655e-02
2.034596241426276275e-04
1.030256663819859725e-01
1.885424367966407819e-02
-4.569962947188151853e-02
-9.273919073271601199e-02
-2.238082038609123109e-02
2.889992087681308996e-02
-3.544390472399795017e-02
-8.072589723408655701e-03
4.847632048278418399e-02
4.489846849852191513e-02
4.439552416568710164e-02
4.165193587939120673e-02
6.353271961722951888e-02
-7.766279812212127653e-02
3.790600008390433012e-02
-8.255759875857414387e-02
6.155310292178946957e-02
-1.824625753347820512e-01
5.160650915648631182e-02
-1.263362161046428511e-01
-1.489591637117261835e-01
5.175328950618074408e-02
5.686696829574996309e-02
5.640937164204201659e-02
-8.818232355440931702e-02
5.112651763784498149e-02
2.824421544573180523e-02
-1.362609439702082148e-01
