-1.669749634604179162e-02
2.012553668486238845e-02
4.723024187015656405e-02
6.640507336981701925e-02
7.916019519121991754e-02
8.676671644394784444e-02
9.029074466574421587e-02
9.062291048929382864e-02
8.850393738804056276e-02
8.454676013088224806e-02
7.925563379784553164e-02
7.304262079369044924e-02
6.624179538624341834e-02
5.912146313156334265e-02
5.189465545627705567e-02
4.472812705323871152e-02
3.775005508321467584e-02
3.105661399644643605e-02
2.471757768141118194e-02
1.878108124934964318e-02
1.327765774990585790e-02
8.223650200778642727e-03
3.624086251055966268e-03
-5.249086382587975219e-04
-4.234093618230766465e-03
-7.519433349526719046e-03
-1.040070788468278051e-02
-1.290036871789233819e-02
-1.504260400484848381e-02
-1.685258102766359900e-02
-1.835583839723547300e-02
-1.957780432875098203e-02
-2.054342066669003625e-02
-2.127685523650926780e-02
-2.180128761635323487e-02
-2.213875560217923311e-02
-2.231005152620857412e-02
-2.233465921904374818e-02
-2.223072381294761285e-02
-2.201504779645406529e-02
-2.170310777390007523e-02
-2.130908727973444480e-02
-2.084592176591211141e-02
-2.032535253824253180e-02
-1.975798697901655007e-02
-1.915336287150532640e-02
-1.852001504827999537e-02
-1.786554292957572357e-02
-1.719667780868200033e-02
-1.651934898604211915e-02
-1.583874805887211523e-02
-1.515939084429954176e-02
-1.448517655616357765e-02
-1.381944397295136254e-02
-1.316502443054045485e-02
-1.252429155164895905e-02
-1.189920768690414139e-02
-1.129136709259102173e-02
-1.070203590946940467e-02
-1.013218903730084101e-02
-9.582544022405560177e-03
-9.053592091959685589e-03
-8.545626479941729331e-03
-8.058768196580270299e-03
-7.592989396638136039e-03
-7.148134502565247662e-03
-6.723939237033686039e-03
-6.320047716113486730e-03
-5.936027749759010923e-03
-5.571384490689414853e-03
-5.225572566441764530e-03
-4.898006822582500266e-03
-4.588071797970921101e-03
-4.295130045731223797e-03
-4.018529406331081480e-03
-3.757609331983189499e-03
-3.511706354559292372e-03
-3.280158782392714016e-03
-3.062310704790210513e-03
-2.857515376808833843e-03
-2.665138050899988273e-03
-2.484558316394636611e-03
-2.315172002506651026e-03
-2.156392695566826390e-03
-2.007652916564318327e-03
-1.868405000758510508e-03
-1.738121717122554071e-03
-1.616296661678789806e-03
-1.502444455372648792e-03
-1.396100773991362266e-03
-1.296822234752467674e-03
-1.204186161549311573e-03
-1.117790248431907224e-03
-1.037252138706460606e-03
-9.622089350411601547e-04
-8.923166541553586651e-04
-8.272496380302522823e-04
-7.666999320987466287e-04
-7.103766395377727593e-04
-6.580052595862929173e-04
