9.043954667630976774e-02
8.198927166516491172e-02
7.466249581857754836e-02
6.829010946560483408e-02
6.272804104405321768e-02
5.785373514258186634e-02
5.356310152560646992e-02
4.976787478740799658e-02
4.639333175168785378e-02
4.337632030388704346e-02
4.066355912155976415e-02
3.821017284643662970e-02
3.597843170320123851e-02
3.393666848753416898e-02
3.205834928426619379e-02
3.032127729262538290e-02
2.870691178000222762e-02
2.719978650294049838e-02
2.578701396351654185e-02
2.445786364560652293e-02
2.320340392938250590e-02
2.201619874073255934e-02
2.089005117897946989e-02
1.981978740226137542e-02
1.880107495372571394e-02
1.783027049955390048e-02
1.690429263611215385e-02
1.602051602082304668e-02
1.517668360076494111e-02
1.437083416428320756e-02
1.360124283260639999e-02
1.286637244812796968e-02
1.216483411024667227e-02
1.149535536425271010e-02
1.085675476878622710e-02
1.024792175733465517e-02
9.667800872979439436e-03
9.115379596566995299e-03
8.589679109652881631e-03
8.089747437566087093e-03
7.614654507045215924e-03
7.163488729104525859e-03
6.735354782834771653e-03
6.329372331248208326e-03
5.944675447360265111e-03
5.580412568612074832e-03
5.235746831478110645e-03
4.909856666540766794e-03
4.601936558202067082e-03
4.311197893196490848e-03
4.036869838733320864e-03
3.778200204922583030e-03
3.534456257548079273e-03
3.304925456609687784e-03
3.088916103679553368e-03
2.885757887273512987e-03
2.694802320362915497e-03
2.515423068041967164e-03
2.347016166392682131e-03
2.189000135899271844e-03
2.040815994480346240e-03
1.901927176436662894e-03
1.771819364443604633e-03
1.650000242227111624e-03
1.535999175813285720e-03
1.429366831288921436e-03
1.329674736897905633e-03
1.236514797064016975e-03
1.149498765605344846e-03
1.068257685014856228e-03
9.924412982464979674e-04
9.217174389837684556e-04
8.557714058915123117e-04
7.943053258727928671e-04
7.370375108796307657e-04
6.837018123657179810e-04
6.340469770259970876e-04
5.878360070457610024e-04
5.448455276832623933e-04
5.048651646363216776e-04
4.676969332959096605e-04
4.331546416685231595e-04
4.010633084541067716e-04
3.712585974968136515e-04
3.435862695811741155e-04
3.179016523252795588e-04
2.940691287241460812e-04
2.719616447192828778e-04
2.514602360133008706e-04
2.324535742097739999e-04
2.148375322372088174e-04
1.985147689104675814e-04
1.833943323920927179e-04
1.693912822383839142e-04
1.564263296495987520e-04
1.444254954891449941e-04
1.333197855919983701e-04
1.230448828468375425e-04
1.135408555085568055e-04
1.047518811770517907e-04
