-1.159328583852912709e-01
-3.813844348383796791e-04
5.529836360407056062e-02
-7.277305443168419208e-02
4.264067929672823304e-02
-3.219927538577948417e-02
-1.052224600858862706e-02
-5.756851856999249673e-02
6.807067577910140554e-02
-9.207829613988445516e-02
7.570516395225070083e-02
1.242864449132163179e-01
-8.525425074516304602e-02
9.642854404223576148e-02
5.678034976885236451e-02
-4.452669303404311468e-03
2.613150338381411628e-02
5.559700807277537932e-02
4.604047623061487821e-03
-2.998272161929336870e-03
1.004328456337604814e-01
1.198306177356676591e-02
1.474196789788159712e-01
8.731876807254697337e-02
7.351045137045265909e-02
3.069849425064801948e-02
8.559554759021714698e-02
1.608017158047857498e-01
5.625885416807396150e-02
7.221748472948330555e-02
3.270836657536643766e-02
-1.496198036411996828e-02
-6.884950200417344623e-02
2.141543069752966950e-03
1.058592447180379814e-01
1.216663219071495716e-01
-8.180196664642187809e-02
7.301535209039865248e-02
-3.379390350694734535e-02
-5.838384524654537111e-02
3.707783959228390380e-02
9.251325064219235311e-03
7.408737819770770672e-02
-6.601429856206103564e-02
3.975368751087329116e-04
-1.351432435397356691e-02
2.491809900518355408e-02
-3.469632042982001563e-02
9.853507715868359274e-02
-7.199754762333328284e-02
-5.568889181188732898e-03
5.592659332394931543e-02
-6.249714044826767262e-02
-2.277762958514177594e-02
8.010291321852308633e-02
-1.326966212593553296e-01
-4.932533908478261425e-02
1.699813537445274761e-02
-6.651380966425386732e-02
-1.780225729453090676e-03
-6.144931690521737710e-02
1.028221120043578962e-01
7.371023700118502220e-02
-4.465115185429751818e-03
-8.011563701582655184e-02
3.931715045544264403e-02
-2.029925932641784073e-02
9.381783369952167995e-02
-8.693091984896220148e-02
1.219300562139931376e-01
-6.743169608728742659e-02
-3.352632540702338293e-02
2.654451901526945837e-02
5.220413586997849770e-02
8.638818550279925290e-03
-3.739230333031324377e-02
-1.204351314383944084e-02
-1.530023409414991813e-02
5.874402177764612848e-02
-7.787337682405326422e-02
2.271364278970420744e-02
1.051674672557262880e-01
-4.016542213105026710e-02
-7.568261185227835586e-02
7.158097221257997411e-02
-1.506915376405440661e-02
-8.817855119338331715e-02
1.334590525070180993e-02
-4.634562350674509279e-02
-1.421594673469788080e-02
-8.859713317843843916e-02
-2.422523961078026228e-02
-1.463090601045493877e-01
2.232471208686514705e-02
-2.022268990958416002e-02
-3.093562418397783134e-02
-9.449781237507825019e-03
2.991491061150957156e-02
1.239043702446191719e-01
1.434450451419917900e-02
