4.167662398909418447e-02
2.429119562798304557e-02
-9.556931633240035721e-05
4.528433042694134103e-02
5.944260618049013872e-02
-1.873412352623373897e-02
8.759149025293122559e-03
2.201517540655888727e-01
1.841221308335199147e-01
8.572610693081970934e-02
5.317781217490267359e-02
6.389457083215142885e-02
1.350858380133661552e-01
1.207329412799278551e-01
-5.848868884722384365e-02
8.297243329335499129e-02
7.220135745608810551e-02
-8.035419972557471258e-02
-6.272723460014875685e-02
4.921698013271830902e-02
4.878430612400951744e-02
-2.332699181173178427e-02
2.296827749066178426e-02
5.899517608770340343e-02
8.990116136982576056e-02
3.075221466953859811e-02
-7.941161290822491836e-02
-1.019037188866593474e-01
-8.263453780221878542e-02
7.224465005327970757e-02
-1.305975442147937760e-01
4.587481750294070126e-02
-4.958048345700914045e-02
-1.156135257383353182e-01
-8.287579651412609050e-02
5.360956991134626509e-02
3.284490149992548048e-03
-1.025764700563066012e-01
-6.875114333143200751e-02
3.370963953304517008e-02
-3.436474325562053483e-02
-8.626676242504255354e-02
-5.045605579224311105e-02
-4.503485301100240874e-03
4.353510920532920742e-02
-1.147187071746923054e-01
4.877041496547488558e-02
7.241005434599212531e-02
1.302693510002784494e-01
-3.581315218915357909e-03
-9.372724832376924664e-02
8.151062469106516717e-02
-1.225317096891035545e-01
4.830698254964367611e-02
6.251937420465758510e-02
-6.560520101958931816e-02
-4.774142935081149980e-02
-9.922998416449724246e-03
5.258031356136829565e-02
4.256127806844944438e-04
-5.440191448984186412e-02
-2.688535255166768501e-02
3.035593275543178871e-02
3.107115872801819584e-02
-1.180981190585938811e-01
3.923260861422753903e-02
2.148197936670823843e-02
-1.053195966197816302e-01
-4.302671771881060037e-02
-3.134826029979431716e-02
5.184358105713832154e-02
-9.683363560055363584e-03
5.621289443448524228e-03
-9.193665446106910263e-03
3.254174950914952985e-02
-8.900429576373962079e-03
9.197618447483348059e-02
-8.136684959980836074e-02
-1.405874176460222835e-01
2.095141654748797558e-02
-8.764221850538952974e-02
-5.393793036923465178e-02
5.865687882214910831e-02
4.897405277739335511e-02
1.018812946707473299e-01
-3.802107045076712905e-02
4.295655482506863937e-02
-6.057839845966662973e-02
2.941745024861219457e-02
-1.429969555054694530e-01
6.250491414057514350e-02
7.467360841927750403e-02
-2.199308554446394864e-02
3.937908653440974627e-02
5.623654090491896768e-02
8.976202237147960089e-03
1.326270655932057854e-02
-1.204062932711090321e-02
4.504149032358954058e-02
4.186729309695681571e-03
