1.029901163752822979e-01
-9.255072823417373473e-02
2.056048974999185874e-01
8.911378750342979771e-02
1.830762333852561374e-01
-3.375070244256627491e-03
6.542821063782187918e-02
1.138687936631627498e-02
-4.658442175938672103e-02
3.889956307348987896e-02
8.414454484021464953e-02
-9.231361392122500176e-02
-5.375718185658227150e-02
9.726911882678568322e-02
1.280285432087561737e-01
1.760558283400028290e-01
4.476635289353528280e-02
4.305406518563778540e-02
-1.118379571730040815e-02
-1.553040927111607461e-01
8.290210310724351050e-02
1.211300711985502099e-01
-6.087921039526992401e-02
-3.273315905098763551e-02
-2.443639698919861797e-02
-1.072465235089436683e-02
1.220316275242889215e-01
1.903092672717054956e-02
-1.803891297216916600e-01
3.176934451367415674e-02
5.743209779308692392e-02
-5.441880374325450825e-02
-6.123667377477521462e-02
4.016671380727260265e-02
4.483616215590500304e-02
1.973941024427079693e-02
2.463289975783686594e-02
-3.276818638410212980e-02
1.352055177076313397e-01
3.162389556284982139e-02
7.845506632532180114e-02
7.580542363918024718e-02
1.222543604950688673e-01
-1.240345474393796110e-02
8.271313244515746121e-02
-1.978067131231921183e-01
-6.845837758120468242e-02
3.710840367678062274e-02
7.771214656065661419e-02
-1.053411630359467159e-02
-9.716512192988244201e-02
1.231780287484415537e-01
5.764950701081493489e-02
6.607602555369330999e-02
-1.468935561180228500e-01
-1.156656482059609768e-02
1.578191476461296774e-02
1.657435751200808660e-02
-1.939410908066352413e-02
-1.600997681601856737e-02
-6.240397880332185926e-02
1.725930960731878946e-02
4.606710018992653949e-02
-9.879304416756613805e-03
2.539240947455990993e-02
-8.389437595766577327e-02
5.198705039670510619e-02
-1.143214317812926983e-01
-8.222640021089908102e-02
-1.316982061309197871e-01
-1.293568200439695892e-01
1.154515093678482873e-01
-2.220594509792977664e-02
-9.729034595654256767e-02
2.406754424899502573e-02
-3.130637667255447426e-02
1.171879867952673598e-01
-3.759709121869109910e-02
3.650600359405359319e-02
-2.619326920124941810e-02
-2.371529823633553025e-02
3.242549571812451681e-02
1.097087797240707818e-01
1.027069917995602211e-01
-2.241778448264334159e-02
7.370270669979510358e-02
4.535085833567475272e-02
-6.295254915487810687e-02
-5.255149235314429679e-02
-2.565539540052638179e-01
-6.822486731227876688e-02
-6.777938145329698294e-02
-2.987156231378491900e-02
-3.263760551452442316e-02
-8.155298957602039045e-02
3.242575402576192145e-02
4.423500931114709295e-02
3.238521342418891613e-02
6.320241317014316240e-02
5.899251200904010589e-02
