-5.772104269217280537e-02
-4.444319473290149480e-02
-3.214646746830487900e-02
-2.086174913352328852e-02
-1.059589755114627441e-02
-1.336915841090208917e-03
6.941723238006019744e-03
1.427748116395979351e-02
2.071577907983085040e-02
2.630755250696052705e-02
3.110725562755118842e-02
3.517124636362279483e-02
3.855649300659577672e-02
4.131955144018244208e-02
4.351576920286514411e-02
4.519867889058611088e-02
4.641954882457750842e-02
4.722706360827909344e-02
4.766711126303473101e-02
4.778265714549879972e-02
4.761368788129039659e-02
4.719721116154571017e-02
4.656729949609937635e-02
4.575516794676705995e-02
4.478927751835075355e-02
4.369545730005622297e-02
4.249703965791322424e-02
4.121500380739270830e-02
3.986812396904756278e-02
3.847311904987175263e-02
3.704480141765709167e-02
3.559622286100999622e-02
3.413881626786051393e-02
3.268253192240189176e-02
3.123596762498629179e-02
2.980649209070893382e-02
2.840036128815270206e-02
2.702282754687852090e-02
2.567824139664030142e-02
2.437014620807068099e-02
2.310136578810742178e-02
2.187408514747808674e-02
2.068992470536331826e-02
1.955000823068142601e-02
1.845502484264315707e-02
1.740528540732651924e-02
1.640077367372892725e-02
1.544119249351794468e-02
1.452600546474525772e-02
1.365447433214437602e-02
1.282569246616196111e-02
1.203861473029961549e-02
1.129208403226317735e-02
1.058485483932563621e-02
9.915613922611756295e-03
9.282998579035349820e-03
8.685612563629629621e-03
8.122039949215753910e-03
7.590857114919572456e-03
7.090643050097434653e-03
6.619988145861821147e-03
6.177501632674387011e-03
5.761817809442144195e-03
5.371601197239237249e-03
5.005550739194630089e-03
4.662403157234925460e-03
4.340935566243418232e-03
4.039967436774377293e-03
3.758361988724032328e-03
3.495027090280651387e-03
3.248915729026039412e-03
3.019026115209078130e-03
2.804401470925694910e-03
2.604129553186204909e-03
2.417341953597277465e-03
2.243213212598941901e-03
2.080959781845513525e-03
1.929838864371678743e-03
1.789147158611708883e-03
1.658219529112242574e-03
1.536427623869944352e-03
1.423178455609243678e-03
1.317912961967661854e-03
1.220104557454457879e-03
1.129257688170938250e-03
1.044906398608102648e-03
9.666129183506135935e-04
8.939662751984210707e-04
8.265809400527778525e-04
7.640955078871737322e-04
7.061714182225227064e-04
6.524917177371915636e-04
6.027598669549570631e-04
5.566985923572112440e-04
5.140487847502313995e-04
4.745684442754704983e-04
4.380316720726272267e-04
4.042277082846707729e-04
3.729600158244393408e-04
3.440454090981043137e-04
