2.693512524505594086e-01
2.669342066210652620e-01
2.633303568257388538e-01
2.587120640334689137e-01
2.532368080358045614e-01
2.470477759500385173e-01
2.402745384619905944e-01
2.330337855959440929e-01
2.254300989626712715e-01
2.175567418167149991e-01
2.094964519587136642e-01
2.013222256413069455e-01
1.930980832596011498e-01
1.848798098001901979e-01
1.767156648478821479e-01
1.686470584599537026e-01
1.607091904601949672e-01
1.529316517192381431e-01
1.453389868082540781e-01
1.379512180698954094e-01
1.307843316690633639e-01
1.238507265887849179e-01
1.171596278421983550e-01
1.107174653966158384e-01
1.045282204637828921e-01
9.859374091364818404e-02
9.291402762730302523e-02
8.748749362681823571e-02
8.231119781275554603e-02
7.738105511028300909e-02
7.269202477721875555e-02
6.823827856626779598e-02
6.401335036278789359e-02
6.001026884158267016e-02
5.622167460392020477e-02
5.263992317119964293e-02
4.925717512605298776e-02
4.606547460646115422e-02
4.305681727470236919e-02
4.022320880142595673e-02
3.755671482645366738e-02
3.504950328249323288e-02
3.269387989611156203e-02
3.048231761225549813e-02
2.840748062443708075e-02
2.646224363245325978e-02
2.463970689316797788e-02
2.293320757738227453e-02
2.133632789705146998e-02
1.984290042195419046e-02
1.844701096322274442e-02
1.714299936275200803e-02
1.592545849223907933e-02
1.478923173329621879e-02
1.372940918054633801e-02
1.274132278267614549e-02
1.182054061191500915e-02
1.096286043015646215e-02
1.016430269978152098e-02
9.421103169021179113e-03
8.729705145259013949e-03
8.086751554882497250e-03
7.489076875007721554e-03
6.933699010500744137e-03
6.417811179081205422e-03
5.938773857808287565e-03
5.494106835813525498e-03
5.081481410662226986e-03
4.698712759107150257e-03
4.343752507162292401e-03
4.014681519295120772e-03
3.709702922043217437e-03
3.427135373441590575e-03
3.165406586241662802e-03
2.923047109958539034e-03
2.698684374250525774e-03
2.491036993969922286e-03
2.298909334385988538e-03
2.121186333533259770e-03
1.956828577347803980e-03
1.804867622190293574e-03
1.664401558491136615e-03
1.534590808564600646e-03
1.414654151104141350e-03
1.303864964470117550e-03
1.201547680596253258e-03
1.107074441156559192e-03
1.019861947536074938e-03
9.393684961240792060e-04
8.650911904861471619e-04
7.965633220618902012e-04
7.333519111694296539e-04
6.750554002681341016e-04
6.213014916309851556e-04
5.717451218012223422e-04
5.260665654495141983e-04
4.839696615031816593e-04
4.451801546841790838e-04
4.094441458641085710e-04
3.765266449197253906e-04
