0.000000000000000000e+00
1.650964723530706779e-02
2.987709315415953623e-02
4.055086774204434003e-02
4.892258995577210973e-02
5.533373747401599402e-02
6.008164337552190926e-02
6.342480557380864026e-02
6.558758550267171361e-02
6.676436421163149670e-02
6.712321658896118481e-02
6.680915778748652833e-02
6.594701000027600180e-02
6.464393244382812820e-02
6.299165268756169722e-02
6.106843325960490537e-02
5.894080370573036298e-02
5.666508493218596482e-02
5.428872968064089866e-02
5.185150032561011701e-02
4.938650281675345532e-02
4.692109347926367441e-02
4.447767350735326586e-02
4.207438431375992022e-02
3.972571540999847439e-02
3.744303516793162645e-02
3.523505363537211832e-02
3.310822553101129551e-02
3.106710061283370072e-02
2.911462778667909743e-02
2.725241858645868070e-02
2.548097500464001353e-02
2.379988607198688794e-02
2.220799707114306035e-02
2.070355481231848926e-02
1.928433199467788697e-02
1.794773331834437213e-02
1.669088569412892700e-02
1.551071461664703215e-02
1.440400851734634745e-02
1.336747269354219593e-02
1.239777421463318131e-02
1.149157903438981741e-02
1.064558238602948681e-02
9.856533402446888970e-03
9.121254785442857102e-03
8.436658243292878556e-03
7.799756323924076501e-03
7.207671189905469518e-03
6.657640810141370047e-03
6.147022980468523461e-03
5.673297530299941001e-03
5.234067024146120232e-03
4.827056224493138196e-03
4.450110545429775306e-03
4.101193693973520515e-03
3.778384667700728124e-03
3.479874252552359222e-03
3.203961143133664171e-03
2.949047789072341968e-03
2.713636054707328684e-03
2.496322765251177134e-03
2.295795200338431388e-03
2.110826585307340898e-03
1.940271621456412512e-03
1.783062088688425716e-03
1.638202547242434155e-03
1.504766159476879448e-03
1.381890647779825858e-03
1.268774400535507179e-03
1.164672734573144559e-03
1.068894319579587540e-03
9.807977674969332437e-04
8.997883878845437102e-04
8.253151085444110574e-04
7.568675593392495482e-04
6.939733160302072844e-04
6.361953000871341680e-04
5.831293297454737037e-04
5.344018170708563897e-04
4.896676054198673958e-04
4.486079414312635761e-04
4.109285755268822483e-04
3.763579848290968147e-04
3.446457123975670217e-04
3.155608167399187461e-04
2.888904256481758114e-04
2.644383885462323839e-04
2.420240216955762155e-04
2.214809407902236927e-04
2.026559756718215367e-04
1.854081621072987463e-04
1.696078057903777591e-04
1.551356139513067973e-04
1.418818901835875476e-04
1.297457883199893769e-04
1.186346214108623451e-04
1.084632220742353520e-04
9.915335069818744049e-05
9.063314818062073914e-05
