0.000000000000000000e+00
1.342948749963953844e-02
2.430300558944006872e-02
3.298540324209367491e-02
3.979523613660134601e-02
4.501027339496709023e-02
4.887237547655360476e-02
5.159181304607015489e-02
5.335108903817149112e-02
5.430831936154389278e-02
5.460022163219076241e-02
5.434475592244889658e-02
5.364345669017790696e-02
5.258349074990310151e-02
5.123947230926470531e-02
4.967506267054298819e-02
4.794437914409450247e-02
4.609323499870954938e-02
4.416022984781338423e-02
4.217770770844608136e-02
4.017259804377446702e-02
3.816715338421159537e-02
3.617959559442637807e-02
3.422468149339348564e-02
3.231419732408895296e-02
3.045739049232621884e-02
2.866134603611701637e-02
2.693131443493819790e-02
2.527099661086938329e-02
2.368279130045219602e-02
2.216800937812309080e-02
2.072705918098776204e-02
1.935960641321651451e-02
1.806471178991245902e-02
1.684094920911020921e-02
1.568650691140031569e-02
1.459927379490654625e-02
1.357691279483281936e-02
1.261692300785634269e-02
1.171669203898688741e-02
1.087353986920962072e-02
1.008475538367086151e-02
9.347626560028524795e-03
8.659465192801061445e-03
8.017626920268845422e-03
7.419527224068749212e-03
6.862653986617738705e-03
6.344577116606368340e-03
5.862955686863118021e-03
5.415542970880481664e-03
5.000189713300291598e-03
4.614845924870050568e-03
4.257561453083250590e-03
3.926485545266838149e-03
3.619865590710891114e-03
3.336045202045983833e-03
3.073461773017275179e-03
2.830643629685052239e-03
2.606206874549495123e-03
2.398852007842432795e-03
2.207360396976127109e-03
2.030590653645953422e-03
1.867474968135136339e-03
1.717015441775700995e-03
1.578280451112836153e-03
1.450401070951593159e-03
1.332567578004990004e-03
1.224026052195626314e-03
1.124075088687549696e-03
1.032062630351975952e-03
9.473829275208090492e-04
8.694736294868382533e-04
7.978130102081159008e-04
7.319173290132108874e-04
6.713383257370774499e-04
6.156608486032311665e-04
5.645006122711213959e-04
5.175020827566873330e-04
4.743364853818675181e-04
4.346999314915548761e-04
3.983116593733946318e-04
3.649123846090541372e-04
3.342627549594826713e-04
3.061419048277972776e-04
2.803461043400909858e-04
2.566874981266649338e-04
2.349929289652422711e-04
2.151028415562871961e-04
1.968702618322648037e-04
1.801598473521467763e-04
1.648470044951485863e-04
1.508170683396675596e-04
1.379645412914726047e-04
1.261923867066339327e-04
1.154113739372263000e-04
1.055394714096546867e-04
9.650128452499381936e-05
8.822753534681923701e-05
8.065458121364378629e-05
7.372396957953449720e-05
