0.000000000000000000e+00
9.669521643635261773e-03
1.749868999533951697e-02
2.375020421159203254e-02
2.865343127552494318e-02
3.240837096652099403e-02
3.518916804971809753e-02
3.714722195443047326e-02
3.841393874337780540e-02
3.910316529279317388e-02
3.931334124507147171e-02
3.912940040521277474e-02
3.862444978030685899e-02
3.786125136329514945e-02
3.689352899849554501e-02
3.576712020132161857e-02
3.452099060644870515e-02
3.318812675890657482e-02
3.179632121574264836e-02
3.036886236922205912e-02
2.892514001563821491e-02
2.748117645848262985e-02
2.605009183467849390e-02
2.464251137325785060e-02
2.326692142424389986e-02
2.192998031995667049e-02
2.063678944110056146e-02
1.939112924653092068e-02
1.819566448024123595e-02
1.705212228445545861e-02
1.596144651713806567e-02
1.492393118984247299e-02
1.393933560233640359e-02
1.300698344916588305e-02
1.212584790605182941e-02
1.129462446700894331e-02
1.051179309299741030e-02
9.775671046784787516e-03
9.084457623853568406e-03
8.436271843272769716e-03
7.829184033350153685e-03
7.261242132716532426e-03
6.730493426591425965e-03
6.235002348849391120e-03
5.772864901822443058e-03
5.342220176354420605e-03
4.941259393417743624e-03
4.568232834677045558e-03
4.221454981905976150e-03
3.899308143394986190e-03
3.600244808771542199e-03
3.322788941407531921e-03
3.065536389292643910e-03
2.827154570447887403e-03
2.606381567231735603e-03
2.402024744890305687e-03
2.212958993101846530e-03
2.038124674779477185e-03
1.876525353772715964e-03
1.727225362124422663e-03
1.589347257997513396e-03
1.462069217110484624e-03
1.344622393357487169e-03
1.236288278100838465e-03
1.136396082290677331e-03
1.044320160981171376e-03
9.594774958814866186e-04
8.813252482193916241e-04
8.093583913330446760e-04
7.431074299777584886e-04
6.821362112827375783e-04
6.260398305682738805e-04
5.744426337928562913e-04
5.269963172038334654e-04
4.833781237810280359e-04
4.432891352605662877e-04
4.064526578804646410e-04
3.726126994776552434e-04
3.415325351685206327e-04
3.129933585445592937e-04
2.867930150965696413e-04
2.627448144318622050e-04
2.406764177582072296e-04
2.204287970658275902e-04
2.018552624363438943e-04
1.848205539379661983e-04
1.691999946231487932e-04
1.548787012230952995e-04
1.417508492283358766e-04
1.297189891522194634e-04
1.186934108912989416e-04
1.085915532204171534e-04
9.933745558852580921e-05
9.086124951190725253e-05
8.309868699290618940e-05
7.599070352318900107e-05
6.948301335982316122e-05
6.352573488925487692e-05
5.807304401784503078e-05
5.308285364747915861e-05
