0.000000000000000000e+00
8.319853164222184780e-03
1.505622891110621961e-02
2.043515893992558022e-02
2.465399526980895789e-02
2.788482178025586747e-02
3.027747617044753564e-02
3.196222558983187467e-02
3.305213448844154106e-02
3.364515903498608435e-02
3.382599870069560172e-02
3.366773225950765031e-02
3.323326246780241439e-02
3.257659102130084500e-02
3.174394300875244684e-02
3.077475796105737585e-02
2.970256270310906235e-02
2.855573952941567115e-02
2.735820172154527011e-02
2.612998708604274273e-02
2.488777899815566505e-02
2.364536337380778938e-02
2.241402904575820476e-02
2.120291817725352898e-02
2.001933259652222130e-02
1.886900126816697457e-02
1.775631352394166709e-02
1.668452214756499866e-02
1.565591993898747883e-02
1.467199296652009315e-02
1.373355334475979614e-02
1.284085404722928869e-02
1.199368797055127937e-02
1.119147320775264534e-02
1.043332625833126408e-02
9.718124698795103239e-03
9.044560656626655926e-03
8.411186270473120646e-03
7.816452177529395473e-03
7.258739943530862979e-03
6.736389239691234487e-03
6.247720472690621030e-03
5.791053487000759163e-03
5.364722882145097141e-03
4.967090419790194319e-03
4.596554935834886238e-03
4.251560120001310686e-03
3.930600479032873504e-03
3.632225758753030668e-03
3.355044064300335190e-03
3.097723886263661127e-03
2.858995212695831026e-03
2.637649882637431616e-03
2.432541315440206377e-03
2.242583731489632571e-03
2.066750963577388897e-03
1.904074943890453602e-03
1.753643939119245735e-03
1.614600595325787905e-03
1.486139844762080636e-03
1.367506718618525033e-03
1.257994102561973363e-03
1.156940465759536373e-03
1.063727588760133300e-03
9.777783110169766066e-04
8.985543148889152659e-04
8.255539595760664215e-04
7.583101755538706979e-04
6.963884276068960056e-04
6.393847524739743006e-04
5.869238753508385174e-04
5.386574080126277017e-04
4.942621300787376900e-04
4.534383539135845463e-04
4.159083728099948873e-04
3.814149914117566224e-04
3.497201367762776199e-04
3.206035480378801933e-04
2.938615422901496590e-04
2.693058540472415214e-04
2.467625454562785399e-04
2.260709843048732402e-04
2.070828867896799439e-04
1.896614219754046095e-04
1.736803748716303237e-04
1.590233650809631534e-04
1.455831180209808380e-04
1.332607857897253700e-04
1.219653148260782137e-04
1.116128576089576194e-04
1.021262257400606818e-04
9.343438186142069882e-05
8.547196796937560175e-05
7.817886779894753831e-05
7.149980106572457843e-05
6.538394746497368584e-05
5.978459843894453978e-05
5.465883483241344883e-05
4.996722866284812809e-05
4.567356733470087356e-05
