0.000000000000000000e+00
1.621312715308804130e-03
2.934048822297778344e-03
3.982255741139055158e-03
4.804392003694851927e-03
5.433992069819824737e-03
5.900255224900380520e-03
6.228566987360712771e-03
6.440960538179979662e-03
6.556524865918063154e-03
6.591765589962073416e-03
6.560923772391522892e-03
6.476257446699809975e-03
6.348290072158680429e-03
6.186029659207326753e-03
5.997161897926098044e-03
5.788220253080624336e-03
5.564735660622228269e-03
5.331368167634168223e-03
5.092022596701271595e-03
4.849950083136780887e-03
4.607837126370210347e-03
4.367883612352916126e-03
4.131871099632219643e-03
3.901222515598558403e-03
3.677054279372865900e-03
3.460221752130852695e-03
3.251358812800327243e-03
3.050912265626514949e-03
2.859171704836725638e-03
2.676295389440623389e-03
2.502332617085762604e-03
2.337243028966242732e-03
2.180913227266496023e-03
2.033171041808781547e-03
1.893797742833850653e-03
1.762538461619769879e-03
1.639111049434468625e-03
1.523213577678131717e-03
1.414530657605270799e-03
1.312738736369498723e-03
1.217510506991674110e-03
1.128518552933559845e-03
1.045438333014510378e-03
9.679505992155661371e-04
8.957433282755860281e-04
8.285132377215915578e-04
7.659669479335883728e-04
7.078218438833484795e-04
6.538066831832126330e-04
6.036619909246457435e-04
5.571402763793971468e-04
5.140061018916605934e-04
4.740360301305778824e-04
4.370184722303000120e-04
4.027534561588637721e-04
3.710523318735878804e-04
3.417374273917321375e-04
3.146416677885682561e-04
2.896081672933076344e-04
2.664898030533587449e-04
2.451487777498409211e-04
2.254561770461954576e-04
2.072915268142010593e-04
1.905423541874728954e-04
1.751037557236970481e-04
1.608779752976975002e-04
1.477739937839976083e-04
1.357071321076037398e-04
1.245986688345048041e-04
1.143754731293502344e-04
1.049696536186168084e-04
9.631822345595318538e-05
8.836278168588545937e-05
8.104921083703770489e-05
7.432739054152434004e-05
6.815092686890248698e-05
6.247689697724702459e-05
5.726560861724265761e-05
5.248037397481036711e-05
4.808729730119392628e-05
4.405507575446913530e-05
4.035481286121354741e-05
3.695984399996560211e-05
3.384557330769906290e-05
3.098932141563385189e-05
2.837018343024871354e-05
2.596889658846804287e-05
2.376771703189654958e-05
2.175030516302047377e-05
1.990161906593425551e-05
1.820781549491468638e-05
1.665615795566398143e-05
1.523493142594778200e-05
1.393336328439239107e-05
1.274155003815566129e-05
1.165038946186179681e-05
1.065151778144880339e-05
9.737251557298605650e-06
8.900533941116297559e-06
