0.000000000000000000e+00
-2.466222135484635349e-03
-4.463060138750096079e-03
-6.057515718728772973e-03
-7.308089176862376558e-03
-8.265790676960866126e-03
-8.975036033000373739e-03
-9.474439836026384704e-03
-9.797517346933889981e-03
-9.973305336782459576e-03
-1.002691094468721907e-02
-9.979996631074015620e-03
-9.851208418547549236e-03
-9.656553822470395620e-03
-9.409735168453187831e-03
-9.122443365241443905e-03
-8.804616640836626304e-03
-8.464668249846747303e-03
-8.109686714529490761e-03
-7.745611764958465831e-03
-7.377388790014705912e-03
-7.009104295834554278e-03
-6.644104587777580583e-03
-6.285099642200336033e-03
-5.934253912014558936e-03
-5.593265612205257017e-03
-5.263435855534610505e-03
-4.945728852193667993e-03
-4.640824248070233617e-03
-4.349162552689063085e-03
-4.070984498062609099e-03
-3.806365072161100368e-03
-3.555242884125429242e-03
-3.317445441505357476e-03
-3.092710851638594532e-03
-2.880706398838121188e-03
-2.681044395474191204e-03
-2.493295657563998451e-03
-2.317000913438869731e-03
-2.151680416842538784e-03
-1.996842002886503077e-03
-1.851987796170516051e-03
-1.716619754641062487e-03
-1.590244210027964410e-03
-1.472375545630856411e-03
-1.362539134521727809e-03
-1.260273645619225955e-03
-1.165132811336537814e-03
-1.076686738395299858e-03
-9.945228327448948132e-04
-9.182464001619380402e-04
-8.474809758802089553e-04
-7.818684293843584888e-04
-7.210688841742807220e-04
-6.647604867668989491e-04
-6.126390543558680058e-04
-5.644176263155618054e-04
-5.198259410409537297e-04
-4.786098563953921129e-04
-4.405307292368055021e-04
-4.053647670591148107e-04
-3.729023626749927278e-04
-3.429474210391094150e-04
-3.153166857327819195e-04
-2.898390712707114066e-04
-2.663550062210081042e-04
-2.447157911270452803e-04
-2.247829743626293209e-04
-2.064277483219295628e-04
-1.895303677261591844e-04
-1.739795913056822296e-04
-1.596721476763846828e-04
-1.465122258616121374e-04
-1.344109906059796596e-04
-1.232861223763315195e-04
-1.130613817405390619e-04
-1.036661976501364443e-04
-9.503527902224121208e-05
-8.710824891479626597e-05
-7.982930051254022409e-05
-7.314687408545177182e-05
-6.701335404344266507e-05
-6.138478518791424697e-05
-5.622060724997952880e-05
-5.148340680453928855e-05
-4.713868565715136457e-05
-4.315464481515058189e-05
-3.950198317441366792e-05
-3.615371007735175329e-05
-3.308497092516175228e-05
-3.027288505724308807e-05
-2.769639514226961653e-05
-2.533612735811000916e-05
-2.317426167110927209e-05
-2.119441155876736240e-05
-1.938151255323961373e-05
-1.772171901605542691e-05
-1.620230858678851259e-05
-1.481159377993170001e-05
-1.353884023479854192e-05
