0.000000000000000000e+00
3.343947806967053835e-03
6.051458199406156528e-03
8.213378718754806018e-03
9.909029857639462674e-03
1.120757623953465287e-02
1.216924121642604627e-02
1.284638226868234194e-02
1.328444270068281433e-02
1.352279343749905084e-02
1.359547722068917518e-02
1.353186615586860798e-02
1.335724236401927487e-02
1.309331041713471602e-02
1.275864928302839450e-02
1.236911065165902796e-02
1.193816975514478892e-02
1.147723411590270692e-02
1.099591505325279127e-02
1.050226624049066179e-02
1.000299312481241557e-02
9.503636595271057474e-03
9.008733903522697303e-03
8.521959503447237849e-03
8.046248174302128922e-03
7.583902523866763341e-03
7.136686729465279572e-03
6.705908162606277409e-03
6.292488354381111856e-03
5.897024591156675537e-03
5.519843281196656209e-03
5.161046100605158615e-03
4.820549809585681841e-03
4.498120525819845547e-03
4.193403149342756972e-03
3.905946551330314286e-03
3.635225066563387356e-03
3.380656764964614768e-03
3.141618920597365368e-03
2.917461046054823249e-03
2.707515815520755275e-03
2.511108160302507556e-03
2.327562785742446402e-03
2.156210327590823810e-03
1.996392338712303042e-03
1.847465272991466413e-03
1.708803612136356852e-03
1.579802262430243494e-03
1.459878332062721678e-03
1.348472385226740997e-03
1.245049256470771729e-03
1.149098497643655974e-03
1.060134519984276026e-03
9.776964853301587776e-04
9.013479929072560227e-04
8.306766015921349675e-04
7.652932217967400516e-04
7.048314061161794781e-04
6.489465635145171300e-04
5.973151180250569139e-04
5.496336296416647624e-04
5.056178922158748382e-04
4.650020206972881802e-04
4.275375379148707643e-04
3.929924692524118784e-04
3.611504519857088123e-04
3.318098646895340799e-04
3.047829809603655872e-04
2.798951507109947393e-04
2.569840114532123253e-04
2.358987312752083127e-04
2.164992846239468768e-04
1.986557615044372001e-04
1.822477102942761872e-04
1.671635140314691489e-04
1.532997997561343073e-04
1.405608802633936938e-04
1.288582274477381121e-04
1.181099762816511064e-04
1.082404583673747707e-04
9.917976392522957286e-05
9.086333103041476379e-05
8.323156087881457385e-05
7.622945784767340741e-05
6.980629311617189377e-05
6.391529062144478380e-05
5.851333414526640184e-05
5.356069435366277160e-05
4.902077464450535585e-05
4.485987469535979497e-05
4.104697064437016357e-05
3.755351087978362477e-05
3.435322645806240691e-05
3.142195521570822445e-05
2.873747868537807168e-05
2.627937097214242654e-05
2.402885879044291463e-05
2.196869190615228330e-05
2.008302327087682369e-05
1.835729817709032255e-05
