0.000000000000000000e+00
1.467681584955244332e-02
2.656026431659656503e-02
3.604908147987280487e-02
4.349141041175471484e-02
4.919081937964297352e-02
5.341163279825927174e-02
5.638365123330530554e-02
5.830632845872459058e-02
5.935246615996757347e-02
5.967148026027969260e-02
5.939228694200472669e-02
5.862585116493206072e-02
5.746743578142404774e-02
5.599858515311958301e-02
5.428887343244523378e-02
5.239744433567439241e-02
5.037436625964793885e-02
4.826182394284687927e-02
4.609516550871559787e-02
4.390382162404889155e-02
4.171211163022650603e-02
3.953994983538482166e-02
3.740346366915373033e-02
3.531553407860752586e-02
3.328626736692519295e-02
3.132340662915693297e-02
2.943269000835592800e-02
2.761816216756961956e-02
2.588244463755218910e-02
2.422697004651868519e-02
2.265218465785071023e-02
2.115772312638288313e-02
1.974255892660836675e-02
1.840513350047131430e-02
1.714346681267871902e-02
1.595525168259706930e-02
1.483793397927822555e-02
1.378878051595484704e-02
1.280493625886642249e-02
1.188347226932075229e-02
1.102142562461096327e-02
1.021583241025440791e-02
9.463754740734643331e-03
8.762302646497761166e-03
8.108651559586389085e-03
7.500056037394500427e-03
6.933860282174988260e-03
6.407505941867543998e-03
5.918537614416364764e-03
5.464606422017563581e-03
5.043471972790715060e-03
4.653002984420143325e-03
4.291176806662033889e-03
3.956078046643338522e-03
3.645896472037825960e-03
3.358924342006667021e-03
3.093553293803009020e-03
2.848270893779621896e-03
2.621656944866848377e-03
2.412379628104435302e-03
2.219191543250173711e-03
2.040925702615523345e-03
1.876491522886208603e-03
1.724870851590829847e-03
1.585114057920791958e-03
1.456336211637882915e-03
1.337713368705400769e-03
1.228478977934140647e-03
1.127920419248109023e-03
1.035375681060503403e-03
9.502301816329801823e-04
8.719137371039596685e-04
7.998976770566647906e-04
7.336921070036668676e-04
6.728433159471904025e-04
6.169313261943341637e-04
5.655675818294342424e-04
5.183927716422875084e-04
4.750747818549188868e-04
4.353067736583308631e-04
3.988053803447001396e-04
3.653090186826622645e-04
3.345763091189736397e-04
3.063845993861917614e-04
2.805285861421382386e-04
2.568190293533087194e-04
2.350815542530436560e-04
2.151555358492182916e-04
1.968930611195631461e-04
1.801579642105165680e-04
1.648249301434682350e-04
1.507786627268737983e-04
1.379131125710112479e-04
1.261307613016484990e-04
1.153419582675945941e-04
1.054643062333253650e-04
9.642209274031502677e-05
8.814576400828363033e-05
8.057143842949158943e-05
