0.000000000000000000e+00
-2.704466902229455631e-03
-4.894205697954021397e-03
-6.642690670610397648e-03
-8.014073433608891878e-03
-9.064291892021555941e-03
-9.842052566281282722e-03
-1.038970033762283592e-02
-1.074398814589941006e-02
-1.093675780501265210e-02
-1.099554188219141818e-02
-1.094409549924717229e-02
-1.080286594284848335e-02
-1.058940710437525877e-02
-1.031874499692029060e-02
-1.000369990755517816e-02
-9.655170128169379001e-03
-9.282381660062625356e-03
-8.893107798898671965e-03
-8.493862071241536568e-03
-8.090067605995536135e-03
-7.686205678562625133e-03
-7.285945857859361940e-03
-6.892259912428679025e-03
-6.507521388098833071e-03
-6.133592552730346946e-03
-5.771900210645001389e-03
-5.423501717752051213e-03
-5.089142375856369957e-03
-4.769305249079668942e-03
-4.464254324899238555e-03
-4.174071835357615230e-03
-3.898690459046817280e-03
-3.637921040206768594e-03
-3.391476386525426288e-03
-3.158991640940464213e-03
-2.940041663985341544e-03
-2.734155811163049322e-03
-2.540830443726215058e-03
-2.359539470430715557e-03
-2.189743181721501633e-03
-2.030895605878497989e-03
-1.882450588429132165e-03
-1.743866771205310499e-03
-1.614611625415562392e-03
-1.494164673687131554e-03
-1.382020018914263465e-03
-1.277688282666399099e-03
-1.180698042630805127e-03
-1.090596846881964612e-03
-1.006951872500852887e-03
-9.293502870481489334e-04
-8.573993634813434480e-04
-7.907263921680976427e-04
-7.289784275728802311e-04
-6.718219018794950939e-04
-6.189421331689526828e-04
-5.700427517204474876e-04
-5.248450644725772543e-04
-4.830873746098403180e-04
-4.445242705705814172e-04
-4.089258964580263340e-04
-3.760772138325490501e-04
-3.457772631326332699e-04
-3.178384314803531035e-04
-2.920857323447395180e-04
-2.683561014368787841e-04
-2.464977122707406876e-04
-2.263693140231684716e-04
-2.078395936471671231e-04
-1.907865636187565915e-04
-1.750969762153311118e-04
-1.606657648204232690e-04
-1.473955124153133946e-04
-1.351959471426438105e-04
-1.239834646028472513e-04
-1.136806763635982490e-04
-1.042159840193332383e-04
-9.552317802667742495e-05
-8.754106045758463855e-05
-8.021309075095771899e-05
-7.348705350187797298e-05
-6.731474730217515130e-05
-6.165169363421207590e-05
-5.645686481908502029e-05
-5.169243002894069873e-05
-4.732351838903111729e-05
-4.331799821699077488e-05
-3.964627147334534926e-05
-3.628108252736151837e-05
-3.319734037510857884e-05
-3.037195348123721670e-05
-2.778367645184312969e-05
-2.541296778232171567e-05
-2.324185796088149464e-05
-2.125382724499830694e-05
-1.943369246424917141e-05
-1.776750223842544390e-05
-1.624244003438940040e-05
-1.484673451866081587e-05
