0.000000000000000000e+00
-2.323529718701329962e-04
-4.204833262799061752e-04
-5.707035709174234587e-04
-6.885252607637648006e-04
-7.787542740025257381e-04
-8.455752078874963825e-04
-8.926261025034989494e-04
-9.230645689837345012e-04
-9.396262814396831283e-04
-9.446766871295696937e-04
-9.402566959071922146e-04
-9.281230265625666984e-04
-9.097838132224759589e-04
-8.865300085676836288e-04
-8.594630613897643462e-04
-8.295192931895421133e-04
-7.974913514269293307e-04
-7.640470750565127745e-04
-7.297460705771765654e-04
-6.950542634978311559e-04
-6.603566604371761571e-04
-6.259685306420053469e-04
-5.921451921759607762e-04
-5.590905670861600826e-04
-5.269646512192726175e-04
-4.958900277816851799e-04
-4.659575389972895340e-04
-4.372312171118343180e-04
-4.097525643467704766e-04
-3.835442610591157709e-04
-3.586133721752149937e-04
-3.349541138087124459e-04
-3.125502347335482262e-04
-2.913770609604985295e-04
-2.714032459707099764e-04
-2.525922641115932693e-04
-2.349036801877743064e-04
-2.182942243187437363e-04
-2.027186976285434543e-04
-1.881307312305883985e-04
-1.744834182274001568e-04
-1.617298360204075746e-04
-1.498234740832296422e-04
-1.387185804611271037e-04
-1.283704385911975322e-04
-1.187355845671584400e-04
-1.097719736767540543e-04
-1.014391038989467944e-04
-9.369810304438375885e-05
-8.651178534035459554e-05
-7.984468248658854132e-05
-7.366305352830238517e-05
-6.793487729687058352e-05
-6.262983064652955911e-05
-5.771925525894329646e-05
-5.317611538854181410e-05
-4.897494857344598999e-05
-4.509181103345901868e-05
-4.150421921266805875e-05
-3.819108869490411026e-05
-3.513267152145733199e-05
-3.231049276831506501e-05
-2.970728709149934204e-05
-2.730693582092724966e-05
-2.509440507303587175e-05
-2.305568525794862985e-05
-2.117773227621337468e-05
-1.944841063136221006e-05
-1.785643862618172835e-05
-1.639133576127869724e-05
-1.504337241308726941e-05
-1.380352183383678211e-05
-1.266341448726424918e-05
-1.161529471020515145e-05
-1.065197967092105345e-05
-9.766820579506499053e-06
-8.953666093417732999e-06
-8.206827851611542808e-06
-7.521048063562890702e-06
-6.891469074185926535e-06
-6.313604822105573251e-06
-5.783314106544906772e-06
-5.296775577074806214e-06
-4.850464360414567436e-06
-4.441130239202400883e-06
-4.065777299022517548e-06
-3.721644961853918917e-06
-3.406190326384811251e-06
-3.117071738222653996e-06
-2.852133515844520120e-06
-2.609391761108031036e-06
-2.387021186224252142e-06
-2.183342892233115825e-06
-1.996813037180273443e-06
-1.826012335340005302e-06
-1.669636331935185829e-06
-1.526486400851923421e-06
-1.395461415816064497e-06
-1.275550048378831011e-06
