0.000000000000000000e+00
-2.993118570295904592e-03
-5.416571358044059044e-03
-7.351674663330177127e-03
-8.869427094144078857e-03
-1.003173688915438844e-02
-1.089250908623825599e-02
-1.149860809711256149e-02
-1.189070955611280789e-02
-1.210405380003970466e-02
-1.216911198688474562e-02
-1.211217465700356252e-02
-1.195587146557493090e-02
-1.171962985622067646e-02
-1.142007959016600425e-02
-1.107140928228317854e-02
-1.068568041493383157e-02
-1.027310369389403295e-02
-9.842282069928095373e-03
-9.400424267720655647e-03
-8.953532234575720117e-03
-8.506565538906990867e-03
-8.063585408034380439e-03
-7.627880791660006723e-03
-7.202078567594851106e-03
-6.788239766244425280e-03
-6.387943476821536341e-03
-6.002359908362497713e-03
-5.632313909812883788e-03
-5.278340103427506431e-03
-4.940730652449316744e-03
-4.619576565665806100e-03
-4.314803336357650801e-03
-4.026201619896636712e-03
-3.753453571519454936e-03
-3.496155392441266038e-03
-3.253836567444739168e-03
-3.025976219464289723e-03
-2.812016955659856886e-03
-2.611376534307146158e-03
-2.423457641868893495e-03
-2.247656034272867750e-03
-2.083367265188904287e-03
-1.929992196507837729e-03
-1.786941461869275905e-03
-1.653639032596908179e-03
-1.529525016454433631e-03
-1.414057802942865873e-03
-1.306715654163496769e-03
-1.206997827341728348e-03
-1.114425303741737542e-03
-1.028541188720245598e-03
-9.489108389088965262e-04
-8.751217648366746513e-04
-8.067833505800379177e-04
-7.435264261468206267e-04
-6.850027231612152486e-04
-6.308842399330238200e-04
-5.808625380869017734e-04
-5.346479895273385059e-04
-4.919689895613902578e-04
-4.525711494396295899e-04
-4.162164793584312186e-04
-3.826825710513241403e-04
-3.517617874462911922e-04
-3.232604654465633630e-04
-2.969981366755826673e-04
-2.728067699866469284e-04
-2.505300386517376825e-04
-2.300226143922358727e-04
-2.111494897791106541e-04
-1.937853299963597758e-04
-1.778138545154223701e-04
-1.631272488581280865e-04
-1.496256063210857237e-04
-1.372163992861177959e-04
-1.258139795414719249e-04
-1.153391068800968289e-04
-1.057185051181936167e-04
-9.688444458425190273e-05
-8.877435006122787642e-05
-8.133043311843716117e-05
-7.449934774162835904e-05
-6.823186815657980575e-05
-6.248258774081752443e-05
-5.720963792745910147e-05
-5.237442602280779425e-05
-4.794139088351822138e-05
-4.387777542851021417e-05
-4.015341499412094269e-05
-3.674054057724282415e-05
-3.361359604952622842e-05
-3.074906846541587235e-05
-2.812533062722804851e-05
-2.572249511116107978e-05
-2.352227899865352522e-05
-2.150787859752060986e-05
-1.966385347654488454e-05
-1.797601917545074278e-05
-1.643134798929281001e-05
