0.000000000000000000e+00
-1.546652686289202040e-03
-2.798938446520605160e-03
-3.798876355786926472e-03
-4.583153964277463834e-03
-5.183761499372614712e-03
-5.628553644967838367e-03
-5.941746938621185470e-03
-6.144359952645782851e-03
-6.254602644415007198e-03
-6.288220564014844124e-03
-6.258798985102198911e-03
-6.178031469475589975e-03
-6.055956880333964940e-03
-5.901168417133757262e-03
-5.720997850665706513e-03
-5.521677785371340887e-03
-5.308484462450789067e-03
-5.085863337904921420e-03
-4.857539420662171023e-03
-4.626614134105105740e-03
-4.395650266719956963e-03
-4.166746401638818376e-03
-3.941602058199924694e-03
-3.721574639234967539e-03
-3.507729153743205028e-03
-3.300881574268161537e-03
-3.101636590168787167e-03
-2.910420430746559883e-03
-2.727509354668530145e-03
-2.553054333255724145e-03
-2.387102394042247937e-03
-2.229615036709827781e-03
-2.080484085312880090e-03
-1.939545297959393254e-03
-1.806590017203756927e-03
-1.681375110805221262e-03
-1.563631422733447211e-03
-1.453070927935918959e-03
-1.349392761042354175e-03
-1.252288268531260001e-03
-1.161445215622910901e-03
-1.076551263023586228e-03
-9.972968143894611961e-04
-9.233773227929415383e-04
-8.544951333704886272e-04
-7.903609295410953970e-04
-7.306948415590413604e-04
-6.752272685703596686e-04
-6.236994586615254464e-04
-5.758638855160412703e-04
-5.314844551366997407e-04
-4.903365715653196667e-04
-4.522070865642251777e-04
-4.168941547493248013e-04
-3.842070126253973802e-04
-3.539656973188241872e-04
-3.260007184858926439e-04
-3.001526948556715725e-04
-2.762719651095642856e-04
-2.542181812733480687e-04
-2.338598914738598995e-04
-2.150741177667112535e-04
-1.977459337516571970e-04
-1.817680458391969251e-04
-1.670403812985587534e-04
-1.534696855884212568e-04
-1.409691309342330856e-04
-1.294579376581598065e-04
-1.188610093792058801e-04
-1.091085828728696527e-04
-1.001358931038534209e-04
-9.188285371485526397e-05
-8.429375306319655966e-05
-7.731696573960963642e-05
-7.090467937520591036e-05
-6.501263643936253567e-05
-5.959989064939156248e-05
-5.462857754925761118e-05
-5.006369876655319018e-05
-4.587291942203347935e-05
-4.202637814219945867e-05
-3.849650911089418814e-05
-3.525787558909563793e-05
-3.228701433170497599e-05
-2.956229033498984074e-05
-2.706376135744681272e-05
-2.477305166935089096e-05
-2.267323450142857128e-05
-2.074872268030552327e-05
-1.898516695711531362e-05
-1.736936155546292941e-05
-1.588915648544600675e-05
-1.453337619133268424e-05
-1.329174412151839984e-05
-1.215481283032328646e-05
-1.111389924186953746e-05
-1.016102472655759492e-05
-9.288859660427178946e-06
-8.490672156860118845e-06
