0.000000000000000000e+00
3.389240478627545978e-03
6.133423207568617502e-03
8.324626228287333382e-03
1.004324440335725190e-02
1.135937916829734412e-02
1.233406958056036326e-02
1.302038228534179234e-02
1.346437610161121609e-02
1.370595522065284552e-02
1.377962348174666639e-02
1.371515082600446682e-02
1.353816181240978869e-02
1.327065499423505865e-02
1.293146098529348101e-02
1.253664618146325092e-02
1.209986833244328271e-02
1.163268947178449329e-02
1.114485110096142921e-02
1.064451597762189165e-02
1.013848037203569745e-02
9.632360222773085970e-03
9.130754237069434870e-03
8.637386638072204817e-03
8.155231955657270965e-03
7.686623985667995207e-03
7.233350800629308880e-03
6.796737479966293884e-03
6.377718036605414982e-03
5.976897846960677052e-03
5.594607740388192300e-03
5.230950770161406707e-03
4.885842569028193104e-03
4.559046086811200348e-03
4.250201413833470422e-03
3.958851310879565356e-03
3.684462992768098091e-03
3.426446647370478063e-03
3.184171114132367149e-03
2.956977095009273842e-03
2.744188225476578216e-03
2.545120293258530415e-03
2.359088857053777844e-03
2.185415486294276129e-03
2.023432815395110728e-03
1.872488581620693725e-03
1.731948794239828067e-03
1.601200163740687347e-03
1.479651903235280203e-03
1.366736999542809321e-03
1.261913038571969761e-03
1.164662658319520110e-03
1.074493692884511201e-03
9.909390622033426629e-04
9.135564545972187480e-04
8.419278425635335012e-04
7.756588664239146350e-04
7.143781153640662782e-04
6.577363309759676809e-04
6.054055545630286856e-04
5.570782361241755727e-04
5.124663200322690732e-04
4.713003199114766673e-04
4.333283930493223870e-04
3.983154228098239333e-04
3.660421159069418302e-04
3.363041200196513329e-04
3.089111660521252673e-04
2.836862383392479221e-04
2.604647752463839800e-04
2.390939018931569006e-04
2.194316961265348274e-04
2.013464883634327621e-04
1.847161955038949179e-04
1.694276887709393067e-04
1.553761950519901415e-04
1.424647310904955395e-04
1.306035696969154252e-04
1.197097370088992242e-04
1.097065397251640397e-04
1.005231211610905324e-04
9.209404492187107613e-05
8.435890495721800231e-05
7.726196074677921569e-05
7.075179636456575014e-05
6.478100218134729500e-05
5.930587798392337291e-05
5.428615631757683138e-05
4.968474489125701435e-05
4.546748692276193435e-05
4.160293834224507013e-05
3.806216081577633390e-05
3.481852959562985319e-05
3.184755524976096635e-05
2.912671836900452250e-05
2.663531639641179813e-05
2.435432176845481783e-05
2.226625060226672804e-05
2.035504120640281638e-05
1.860594173461726510e-05
