0.000000000000000000e+00
2.078848853560585170e-04
3.762040458285549182e-04
5.106052462232872234e-04
6.160196435043927693e-04
6.967470296099337020e-04
7.565313399557720402e-04
7.986275083603430747e-04
8.258606315854451685e-04
8.406783017339862973e-04
8.451968710442616653e-04
8.412423299805377609e-04
8.303864048750666475e-04
8.139784147725947746e-04
7.931733677105947105e-04
7.689567236722942914e-04
7.421662041909648589e-04
7.135109864508077477e-04
6.835885821745830114e-04
6.528996681211405228e-04
6.218611051992291305e-04
5.908173566457316020e-04
5.600504920666380662e-04
5.297889430845882913e-04
5.002151575979048130e-04
4.714722829826447107e-04
4.436699937379169297e-04
4.168895658859181341e-04
3.911882887135442245e-04
3.666032940228069830e-04
3.431548738004218586e-04
3.208493489958968558e-04
2.996815447989325219e-04
2.796369213297966792e-04
2.606934029103530771e-04
2.428229439880712378e-04
2.259928652688584355e-04
2.101669896128785075e-04
1.953066037035913120e-04
1.813712683631754272e-04
1.683194976119413433e-04
1.561093241149062521e-04
1.446987664894089061e-04
1.340462120314380042e-04
1.241107267267253767e-04
1.148523029202035329e-04
1.062320537015741751e-04
9.821236190538089491e-05
9.075699060324565498e-05
8.383116106794956369e-05
7.740160339967363720e-05
7.143658431144409016e-05
6.590591596249239083e-05
6.078094919496568002e-05
5.603455406242962959e-05
5.164109013010161991e-05
4.757636866984492346e-05
4.381760856151279164e-05
4.034338744084132821e-05
3.713358939794688296e-05
3.416935032533465708e-05
3.143300183641433706e-05
2.890801452151484492e-05
2.657894117535791349e-05
2.443136051529195321e-05
2.245182181100875276e-05
2.062779076194854385e-05
1.894759688635523588e-05
1.740038262440653341e-05
1.597605430562793090e-05
1.466523508668791210e-05
1.345921992859660438e-05
1.234993265134933849e-05
1.132988507834776972e-05
1.039213826177108943e-05
9.530265762824657028e-06
8.738318946911170871e-06
8.010794242764889065e-06
7.342602306041238129e-06
6.729039021394817579e-06
6.165758272386946403e-06
5.648746405363219907e-06
5.174298311489359804e-06
4.738995050222149962e-06
4.339682937440592207e-06
3.973454022115698374e-06
3.637627876621130551e-06
3.329734627467460967e-06
3.047499155281696103e-06
2.788826395167447843e-06
2.551787671099395641e-06
2.334608000667945476e-06
2.135654309246633868e-06
1.953424495463444579e-06
1.786537292682946286e-06
1.633722874020618784e-06
1.493814151189997937e-06
1.365738720209048328e-06
1.248511409649049349e-06
1.141227389686050432e-06
