0.000000000000000000e+00
-2.973408563697336939e-03
-5.380902655083819562e-03
-7.303263097693324726e-03
-8.811020966072174651e-03
-9.965676826501814606e-03
-1.082078074640723843e-02
-1.142288853033107329e-02
-1.181240795919696537e-02
-1.202434730841060208e-02
-1.208897708012209894e-02
-1.203241468866093032e-02
-1.187714077050099244e-02
-1.164245483746555870e-02
-1.134487714201972558e-02
-1.099850286548604075e-02
-1.061531406407198973e-02
-1.020545420496169094e-02
-9.777469587566573958e-03
-9.338521466346571404e-03
-8.894572265139384301e-03
-8.450548893069124295e-03
-8.010485833838508138e-03
-7.577650379063340623e-03
-7.154652108282661543e-03
-6.743538479795853531e-03
-6.345878184344004580e-03
-5.962833725011496000e-03
-5.595224519025187616e-03
-5.243581668095038256e-03
-4.908195411537729855e-03
-4.589156158838134103e-03
-4.286389893911658928e-03
-3.999688650686906641e-03
-3.728736677442401077e-03
-3.473132834451582353e-03
-3.232409704890257598e-03
-3.006049841724147634e-03
-2.793499522604787205e-03
-2.594180339932043201e-03
-2.407498913542316116e-03
-2.232854978375356687e-03
-2.069648068444869884e-03
-1.917282991030357141e-03
-1.775174260812080289e-03
-1.642749642324303110e-03
-1.519452930281111605e-03
-1.404746080746706966e-03
-1.298110791522365769e-03
-1.199049617278332824e-03
-1.107086693668502377e-03
-1.021768134749793944e-03
-9.426621593270189531e-04
-8.693589942165398047e-04
-8.014705957425390494e-04
-7.386302249368182976e-04
-6.804919068081531717e-04
-6.267297995926322546e-04
-5.770374960146722318e-04
-5.311272752108144772e-04
-4.887293210341300820e-04
-4.495909199123728221e-04
-4.134756492302828776e-04
-3.801625653036625201e-04
-3.494453983728690208e-04
-3.211317606333831550e-04
-2.950423721122498390e-04
-2.710103081658780922e-04
-2.488802714945090463e-04
-2.285078908218152660e-04
-2.097590477571565823e-04
-1.925092328277279593e-04
-1.766429312247124882e-04
-1.620530384398344878e-04
-1.486403056660529477e-04
-1.363128145894735438e-04
-1.249854810009983462e-04
-1.145795864988327916e-04
-1.050223374307022610e-04
-9.624645013224281294e-05
-8.818976145092187956e-05
-8.079486349906511082e-05
-7.400876155164279237e-05
-6.778255399143269337e-05
-6.207113320343667984e-05
-5.683290632977287658e-05
-5.202953481376902846e-05
-4.762569168602026029e-05
-4.358883557433634219e-05
-3.988900045259781549e-05
-3.649860017955893984e-05
-3.339224691671447966e-05
-3.054658255377581656e-05
-2.794012231047407268e-05
-2.555310972382492284e-05
-2.336738227024527569e-05
-2.136624691166447290e-05
-1.953436489375958625e-05
-1.785764516244627885e-05
-1.632314580161258700e-05
