0.000000000000000000e+00
-4.805763649952231147e-03
-8.696869545427692028e-03
-1.180387947672054474e-02
-1.424078910469796060e-02
-1.610699855536190661e-02
-1.748905798217112104e-02
-1.846221307988038518e-02
-1.909177281648993113e-02
-1.943431922362710493e-02
-1.953877691954818141e-02
-1.944735810541103546e-02
-1.919639704987724516e-02
-1.881708653738771095e-02
-1.833612738186827032e-02
-1.777630088248730034e-02
-1.715697300558950006e-02
-1.649453810292090053e-02
-1.580280910808051081e-02
-1.509336037946353189e-02
-1.437582866867372078e-02
-1.365817707942455772e-02
-1.294692633522560345e-02
-1.224735718742490584e-02
-1.156368736198299524e-02
-1.089922605790807561e-02
-1.025650866742090425e-02
-9.637414083026899989e-03
-9.043266685630546586e-03
-8.474924866952143754e-03
-7.932857725512131031e-03
-7.417211385398978299e-03
-6.927866218313635804e-03
-6.464486099648626347e-03
-6.026560696527395906e-03
-5.613441667938222357e-03
-5.224373552687340376e-03
-4.858520028387548241e-03
-4.514986142771975144e-03
-4.192837046101664626e-03
-3.891113689271948842e-03
-3.608845895482336134e-03
-3.345063163186150039e-03
-3.098803513738474739e-03
-2.869120658054946215e-03
-2.655089722092346220e-03
-2.455811740542780761e-03
-2.270417101331976932e-03
-2.098068099915485415e-03
-1.937960741607622174e-03
-1.789325911929892524e-03
-1.651430018938991606e-03
-1.523575197431359558e-03
-1.405099152593330047e-03
-1.295374709870215956e-03
-1.193809128384121579e-03
-1.099843226979481305e-03
-1.012950364775602827e-03
-9.326353118316507967e-04
-8.584330400704807051e-04
-7.899074598652202966e-04
-7.266501235796520627e-04
-6.682789137932797739e-04
-6.144367308665959733e-04
-5.647901918514658306e-04
-5.190283504726478023e-04
-4.768614459526586717e-04
-4.380196867821026458e-04
-4.022520741149990470e-04
-3.693252682615579788e-04
-3.390225007310992381e-04
-3.111425334207308007e-04
-2.854986658292092824e-04
-2.619177905810796798e-04
-2.402394970570272126e-04
-2.203152225277075582e-04
-2.020074498674018270e-04
-1.851889506694438586e-04
-1.697420723877558258e-04
-1.555580679795049500e-04
-1.425364664154304939e-04
-1.305844823503987673e-04
-1.196164632016142595e-04
-1.095533718608437799e-04
-1.003223032658161250e-04
-9.185603307106233702e-05
-8.409259668675220700e-05
-7.697489699293332509e-05
-7.045033908371193285e-05
-6.447049044940313350e-05
-5.899076506289320125e-05
-5.397012989800168390e-05
-4.937083247135744935e-05
-4.515814806423061866e-05
-4.130014534608662807e-05
-3.776746918669122749e-05
-3.453313950784502381e-05
-3.157236508883902497e-05
-2.886237130114258865e-05
-2.638224080740391011e-05
