0.000000000000000000e+00
-1.892775439390793901e-02
-3.425308083000489640e-02
-4.649020382699799170e-02
-5.608810132638179097e-02
-6.343826598337821976e-02
-6.888158015649407939e-02
-7.271440299554558784e-02
-7.519395732630367035e-02
-7.654309447391859089e-02
-7.695450663584781081e-02
-7.659444879967280961e-02
-7.560602540485467093e-02
-7.411209088323068850e-02
-7.221780780310796399e-02
-7.001290151655148453e-02
-6.757364590660518144e-02
-6.496461099499688252e-02
-6.224019975150722750e-02
-5.944599839904040478e-02
-5.661996179363948389e-02
-5.379345304058399252e-02
-5.099215435440831307e-02
-4.823686425368546582e-02
-4.554419447525825948e-02
-4.292717847450031737e-02
-4.039580202781311441e-02
-3.795746525273582112e-02
-3.561738429352976493e-02
-3.337893997140029684e-02
-3.124397985568876102e-02
-2.921307946384857704e-02
-2.728576763349477644e-02
-2.546072052007745598e-02
-2.373592815056211822e-02
-2.210883699957232051e-02
-2.057647164322722391e-02
-1.913553818155751957e-02
-1.778251179771089124e-02
-1.651371053653036269e-02
-1.532535713237677399e-02
-1.421363049259224097e-02
-1.317470824548884825e-02
-1.220480158727818218e-02
-1.130018350833615105e-02
-1.045721134331122244e-02
-9.672344469776694362e-03
-8.942157874569469853e-03
-8.263352214020792258e-03
-7.632760912524146242e-03
-7.047354772014432882e-03
-6.504244501810793611e-03
-6.000681522887048661e-03
-5.534057352079535010e-03
-5.101901829222691212e-03
-4.701880413008777647e-03
-4.331790738871997733e-03
-3.989558603840753261e-03
-3.673233518591929956e-03
-3.380983945440450052e-03
-3.111092322318680190e-03
-2.861949956601635928e-03
-2.632051858612003813e-03
-2.419991572526510818e-03
-2.224456051965633275e-03
-2.044220618573095762e-03
-1.878144034196406117e-03
-1.725163710701946773e-03
-1.584291075855225571e-03
-1.454607108942700035e-03
-1.335258055795254242e-03
-1.225451329497742473e-03
-1.124451600248252848e-03
-1.031577075489962690e-03
-9.461959695118546312e-04
-8.677231601443971326e-04
-7.956170289123266166e-04
-7.293764800047143658e-04
-6.685381326441886983e-04
-6.126736808490721017e-04
-5.613874141549996801e-04
-5.143138925711675507e-04
-4.711157688686138821e-04
-4.314817512149453360e-04
-3.951246991652181324e-04
-3.617798460781638625e-04
-3.312031411383752587e-04
-3.031697043180820437e-04
-2.774723877977826715e-04
-2.539204375756638895e-04
-2.323382492250251224e-04
-2.125642120013200565e-04
-1.944496357514205779e-04
-1.778577553334281163e-04
-1.626628075126411953e-04
-1.487491755555400978e-04
-1.360105969967013626e-04
-1.243494303017333167e-04
-1.136759763912306150e-04
-1.039078512253594253e-04
