0.000000000000000000e+00
-4.458634648312674760e-03
-8.068678926289818421e-03
-1.095126390993785871e-02
-1.321215114733141106e-02
-1.494356091356524238e-02
-1.622579168795215340e-02
-1.712865403260195249e-02
-1.771273953061803033e-02
-1.803054319113138113e-02
-1.812745571872129841e-02
-1.804264025089786713e-02
-1.780980656637174905e-02
-1.745789433833866769e-02
-1.701167573263518210e-02
-1.649228651398136625e-02
-1.591769380994152022e-02
-1.530310777857911593e-02
-1.466134362031292285e-02
-1.400313965669426099e-02
-1.333743655932651678e-02
-1.267162224253738645e-02
-1.201174642618192505e-02
-1.136270842338589493e-02
-1.072842130613419973e-02
-1.011195524400463307e-02
-9.515662493251546630e-03
-8.941286230575941699e-03
-8.390055174453878856e-03
-7.862765713418949642e-03
-7.359853062156904158e-03
-6.881452789948973130e-03
-6.427453909464546714e-03
-5.997544574984565655e-03
-5.591251315899295644e-03
-5.207972622041084389e-03
-4.847007600544753214e-03
-4.507580338101962840e-03
-4.188860526466968957e-03
-3.889980841788519880e-03
-3.610051508813613610e-03
-3.348172428367021929e-03
-3.103443199984338118e-03
-2.874971330478301879e-03
-2.661878882936867183e-03
-2.463307788641972557e-03
-2.278424016176063341e-03
-2.106420767118042606e-03
-1.946520845838039778e-03
-1.797978331640874257e-03
-1.660079664578093146e-03
-1.532144241379459646e-03
-1.413524604907444217e-03
-1.303606299100803926e-03
-1.201807451357440838e-03
-1.107578135545285621e-03
-1.020399561175148627e-03
-9.397831275897968253e-04
-8.652693762028491452e-04
-7.964268687563676608e-04
-7.328510151660771283e-04
-6.741628707073698797e-04
-6.200079189922486208e-04
-5.700548543341297679e-04
-5.239943746382823763e-04
-4.815379938413999993e-04
-4.424168811111090969e-04
-4.063807324667663532e-04
-3.731966791630711693e-04
-3.426482360581182326e-04
-3.145342922414241424e-04
-2.886681454022908561e-04
-2.648765807544045713e-04
-2.429989947811755046e-04
-2.228865636124904934e-04
-2.044014554736827468e-04
-1.874160863497804442e-04
-1.718124177720759134e-04
-1.574812954507176076e-04
-1.443218273384904034e-04
-1.322407996103202796e-04
-1.211521289743931041e-04
-1.109763496889066994e-04
-1.016401336389266894e-04
-9.307584182670858785e-05
-8.522110564285956182e-05
-7.801843631196134351e-05
-7.141486094231933946e-05
-6.536158365323206773e-05
-5.981367030279932092e-05
-5.472975539329797280e-05
-5.007176978825373195e-05
-4.580468793446028960e-05
-4.189629334243558123e-05
-3.831696113941052281e-05
-3.503945656930852498e-05
-3.203874837378313067e-05
-2.929183604684229566e-05
-2.677759001257143791e-05
-2.447660383073329941e-05
