0.000000000000000000e+00
9.747003777114979315e-04
1.763890746254292681e-03
2.394051522807384529e-03
2.888303198056121467e-03
3.266806010292631467e-03
3.547113978693047353e-03
3.744488362953189015e-03
3.872175065371726097e-03
3.941649999375947643e-03
3.962836009151971678e-03
3.944294532883095387e-03
3.893394852117045002e-03
3.816463457499424169e-03
3.718915782521013420e-03
3.605372308445886805e-03
3.479760822008024727e-03
3.345406409916456235e-03
3.205110598125623846e-03
3.061220886912550260e-03
2.915691793001792039e-03
2.770138385456797671e-03
2.625883191170412696e-03
2.483997247070055762e-03
2.345335988292835631e-03
2.210570583410109962e-03
2.080215258242210444e-03
1.954651087966384135e-03
1.834146682248411235e-03
1.718876139274333643e-03
1.608934601156489837e-03
1.504351704642459524e-03
1.405103186835280314e-03
1.311120875264199914e-03
1.222301264704290895e-03
1.138512859252916593e-03
1.059602436994779538e-03
9.854003758248269795e-04
9.157251623820006868e-04
8.503871913381915761e-04
7.891919492731291376e-04
7.319426658579404740e-04
6.784425048990428428e-04
6.284963588096204512e-04
5.819123021444916853e-04
5.385027528365963958e-04
4.980853836037427368e-04
4.604838205584495052e-04
4.255281612678549685e-04
3.930553403003453675e-04
3.629093665945000544e-04
3.349414537354414214e-04
3.090100613714071129e-04
2.849808635030226110e-04
2.627266571881810633e-04
2.421272232901015994e-04
2.230691492227232097e-04
2.054456221873486349e-04
1.891562001219986196e-04
1.741065664777426060e-04
1.602082739744001142e-04
1.473784816538436376e-04
1.355396888270637252e-04
1.246194688874144036e-04
1.145502054248641912e-04
1.052688326138748144e-04
9.671658145125957716e-05
8.883873308164690573e-05
8.158438015964856289e-05
7.490619695301059956e-05
6.876021868420091436e-05
6.310563043405456954e-05
5.790456578584031114e-05
5.312191526757188530e-05
4.872514455117498339e-05
4.468412228626428637e-05
4.097095738119584828e-05
3.755984549246342634e-05
3.442692444342796137e-05
3.155013826308363445e-05
2.890910951356571721e-05
2.648501956009827310e-05
2.426049642792687419e-05
2.221950988650763797e-05
2.034727340098183661e-05
1.863015259402826690e-05
1.705557986692349232e-05
1.561197483651979571e-05
1.428867025440996985e-05
1.307584308539671522e-05
1.196445043419140483e-05
1.094617002174955968e-05
1.001334492557525621e-05
9.158932311495353857e-06
8.376455897653339142e-06
7.659961904668617541e-06
7.003978258938092266e-06
6.403476828837098083e-06
5.853838486033913320e-06
5.350820796213706547e-06
