0.000000000000000000e+00
2.621051640596230251e-03
4.743251198032018279e-03
6.437806750684895232e-03
7.766891250805587829e-03
8.784717281931263971e-03
9.538489084270270271e-03
1.006924547413784454e-02
1.041260580158760891e-02
1.059942976710163617e-02
1.065640073679748404e-02
1.060654114106436563e-02
1.046966760040675751e-02
1.026279258251735702e-02
1.000047864545003211e-02
9.695150653577955246e-03
9.357370757176663653e-03
8.996080395249482498e-03
8.618813107709779806e-03
8.231881521076522129e-03
7.840541495904010047e-03
7.449136089315462443e-03
7.061221687828720533e-03
6.679678400203298110e-03
6.306806563774457544e-03
5.944411007518670721e-03
5.593874528099240101e-03
5.256221868854069577e-03
4.932175343861694775e-03
4.622203117849023150e-03
4.326561035992006719e-03
4.045328794008059767e-03
3.778441146917961742e-03
3.525714773189892424e-03
3.286871338531786174e-03
3.061557239355074296e-03
2.849360448988127060e-03
2.649824839263871350e-03
2.462462305423480241e-03
2.286762982725264789e-03
2.122203808153167674e-03
1.968255649673277333e-03
1.824389198135914188e-03
1.690079792760995668e-03
1.564811329816064153e-03
1.448079385279279520e-03
1.339393665689140017e-03
1.238279886765356790e-03
1.144281166515702299e-03
1.056959008221770380e-03
9.758939387441178427e-04
9.006858588463734954e-04
8.309541545678978281e-04
7.663376119509597052e-04
7.064941715404468884e-04
6.511005539236330332e-04
5.998517830775709813e-04
5.524606303649648225e-04
5.086569985976366727e-04
4.681872626093686127e-04
4.308135801933405794e-04
3.963131850162527779e-04
3.644776711795123998e-04
3.351122774205684911e-04
3.080351775018438042e-04
2.830767820918140523e-04
2.600790563771754175e-04
2.388948567341818278e-04
2.193872890113592294e-04
2.014290903174610961e-04
1.849020356523602409e-04
1.696963702511212894e-04
1.557102681208889739e-04
1.428493169260836710e-04
1.310260291106062752e-04
1.201593789283231532e-04
1.101743648780724374e-04
1.010015969006850656e-04
9.257690758773661638e-05
8.484098657030588549e-05
7.773903719685987268e-05
7.122045456903073127e-05
6.523852397943582344e-05
5.975013878420085605e-05
5.471553674219363972e-05
5.009805386121363955e-05
4.586389480681178768e-05
4.198191895060406477e-05
3.842344116064870340e-05
3.516204646562910756e-05
3.217341775633512495e-05
2.943517572150163172e-05
2.692673024981978388e-05
2.462914256534768452e-05
2.252499739917486815e-05
2.059828453568010405e-05
1.883428910676358359e-05
1.721949004180162756e-05
1.574146611457042722e-05
1.438880906087384708e-05
