0.000000000000000000e+00
2.285706154969719477e-05
4.136384911303403889e-05
5.614133764720011293e-05
6.773171066903675393e-05
7.660773275116232537e-05
8.318105172498065102e-05
8.780954941773825965e-05
9.080384682748261240e-05
9.243305810000115646e-05
9.292987736930319017e-05
9.249507332696251807e-05
9.130145817841693124e-05
8.949739032116666435e-05
8.720986354678868051e-05
8.454722974172637759e-05
8.160159686570323109e-05
7.845093935404754554e-05
7.516095396100099207e-05
7.178669038136907738e-05
6.837398270949985224e-05
6.496070487448414046e-05
6.157787059015868976e-05
5.825059604354034291e-05
5.499894148496632028e-05
5.183864604996641376e-05
4.878176851218487208e-05
4.583724521655450863e-05
4.301137515279973382e-05
4.030824098370088405e-05
3.773007382475499069e-05
3.527756866796069710e-05
3.295015653997813846e-05
3.074623877274932780e-05
2.866338813288954004e-05
2.669852099592417508e-05
2.484804425485462635e-05
2.310798021255052937e-05
2.147407231780837966e-05
1.994187425999381394e-05
1.850682463201083777e-05
1.716430910147480348e-05
1.590971179145079560e-05
1.473845736143147627e-05
1.364604509323330705e-05
1.262807612239449358e-05
1.168027481097895716e-05
1.079850513021919668e-05
9.978782809200607758e-06
9.217283907056591117e-06
8.510350379352540586e-06
7.854493133111391934e-06
7.246392998046585113e-06
6.682899982934523127e-06
6.161031134712373804e-06
5.677967272971791124e-06
5.231048833276989920e-06
4.817771018492413671e-06
4.435778427465731475e-06
4.082859304447835726e-06
3.756939530075261431e-06
3.456076455179037850e-06
3.178452661751189741e-06
2.922369720773120878e-06
2.686242004003372582e-06
2.468590595983437273e-06
2.268037343227618686e-06
2.083299069619689660e-06
1.913181980273058453e-06
1.756576270370010612e-06
1.612450950645486296e-06
1.479848897104428180e-06
1.357882129155380386e-06
1.245727317516321513e-06
1.142621520922143387e-06
1.047858148767074909e-06
9.607831452889842734e-07
8.807913896925393228e-07
8.073233056683212015e-07
7.398616730547844925e-07
6.779286338740828392e-07
6.210828846208615247e-07
5.689170464684761020e-07
5.210552049568774520e-07
4.771506107207207971e-07
4.368835328880899902e-07
3.999592569147804858e-07
3.661062188038662750e-07
3.350742678844491080e-07
3.066330505778868912e-07
2.805705078566815160e-07
2.566914793939230178e-07
2.348164077042829583e-07
2.147801358863577041e-07
1.964307928868548583e-07
1.796287605165672809e-07
1.642457167536608817e-07
1.501637501695027676e-07
1.372745406043818991e-07
1.254786015037918408e-07
