0.000000000000000000e+00
2.517484157625226454e-02
4.555827730264085107e-02
6.183425100703172222e-02
7.459992536985335376e-02
8.437600482166671134e-02
9.161587961643191669e-02
9.671372195709646014e-02
1.000116508163506890e-01
1.018060693854533350e-01
1.023532677368036992e-01
1.018743731571640221e-01
1.005597215689747193e-01
9.857271539145992523e-02
9.605322599772531111e-02
9.312059250622102546e-02
8.987626292192825439e-02
8.640611854031102212e-02
8.278251797914316923e-02
7.906609315047237463e-02
7.530732587417272861e-02
7.154793061833801537e-02
6.782206598777545947e-02
6.415739503216336126e-02
6.057601217615560946e-02
5.709525255457031934e-02
5.372839773973196731e-02
5.048529025087539202e-02
4.737286781567209143e-02
4.439562709212337838e-02
4.155602543805954341e-02
3.885482831991746155e-02
3.629140906861894056e-02
3.386400690599021546e-02
3.156994846932469762e-02
2.940583744464476956e-02
2.736771637227172760e-02
2.545120420371088307e-02
2.365161275968878998e-02
2.196404485928061048e-02
2.038347655394611227e-02
1.890482560306084095e-02
1.752300806482767065e-02
1.623298464440201677e-02
1.502979823620828256e-02
1.390860391668967411e-02
1.286469248438369857e-02
1.189350850381802431e-02
1.099066368611073194e-02
1.015194633041372786e-02
9.373327454746116505e-03
8.650964160809206799e-03
7.981200703705643162e-03
7.360567672905635878e-03
6.785779634250339344e-03
6.253731533312671155e-03
5.761494117214382982e-03
5.306308594282663042e-03
4.885580718064197123e-03
4.496874453617746327e-03
4.137905359162727219e-03
3.806533794616326263e-03
3.500758049901806727e-03
3.218707469800488347e-03
2.958635638234748729e-03
2.718913672931527661e-03
2.498023671180768773e-03
2.294552338654581858e-03
2.107184825800711894e-03
1.934698790000629687e-03
1.775958696340617119e-03
1.629910365354428608e-03
1.495575772344353909e-03
1.372048099774161867e-03
1.258487041664918234e-03
1.154114356836281798e-03
1.058209666154745574e-03
9.701064876176309368e-04
8.891885020664661585e-04
8.148860415411490104e-04
7.466727917181136855e-04
6.840626994881189409e-04
6.266070764928649388e-04
5.738918893292659215e-04
5.255352271239474050e-04
4.811849372596525452e-04
4.405164201834407302e-04
4.032305744300794309e-04
3.690518832409351571e-04
3.377266344388662415e-04
3.090212655245779460e-04
2.827208262823023761e-04
2.586275515164939754e-04
2.365595368813547315e-04
2.163495111072010347e-04
1.978436982685137665e-04
1.809007640750826429e-04
1.653908404977470715e-04
1.511946233619826678e-04
1.382025378546306276e-04
