0.000000000000000000e+00
2.327604841254793736e-02
4.212207909537974554e-02
5.717044993645482159e-02
6.897328307794116375e-02
7.801200921713451197e-02
8.470582199499537834e-02
8.941916347765940798e-02
9.246834857606937852e-02
9.412742449757219299e-02
9.463335083195327513e-02
9.419057650956330630e-02
9.297508151152555911e-02
9.113794375461931052e-02
8.880848492065440691e-02
8.609704306638255034e-02
8.309741455863083048e-02
7.988900316186373085e-02
7.653870990047371980e-02
7.310259357093397414e-02
6.962732844048004355e-02
6.615148269536696990e-02
6.270663855377041351e-02
5.931837260101267134e-02
5.600711280667337172e-02
5.278888681629069490e-02
4.967597444975877657e-02
4.667747586183002700e-02
4.379980550737463257e-02
4.104712088740470471e-02
3.842169401541639662e-02
3.592423262312628707e-02
3.355415730749190112e-02
3.130984009568599236e-02
2.918880926133864823e-02
2.718792465485535617e-02
2.530352730492568467e-02
2.353156660028556460e-02
2.186770796399614344e-02
2.030742358125683239e-02
1.884606843100204362e-02
1.747894359671781431e-02
1.620134858902715774e-02
1.500862419804339584e-02
1.389618720408610647e-02
1.285955810825074354e-02
1.189438289699194101e-02
1.099644972507234086e-02
1.016170128694129926e-02
9.386243546064669888e-03
8.666351403344742244e-03
7.998471808146662490e-03
7.379224747334820096e-03
6.805402488014058310e-03
6.273967397383158583e-03
5.782048617369411371e-03
5.326937831751634052e-03
4.906084328608083245e-03
4.517089530539235981e-03
4.157701138675395577e-03
3.825807013509370351e-03
3.519428895674477087e-03
3.236716052544936443e-03
2.975938921640629287e-03
2.735482808980343669e-03
2.513841689490146133e-03
2.309612147110485635e-03
2.121487484156788905e-03
1.948252022598241130e-03
1.788775614073057204e-03
1.642008370519547258e-03
1.506975623151116019e-03
1.382773114034556222e-03
1.268562421652467704e-03
1.163566619461428543e-03
1.067066164526665056e-03
9.783950117596257844e-04
8.969369480527351456e-04
8.221221396484809305e-04
7.534238853567780435e-04
6.903555677092133250e-04
6.324677937804131997e-04
5.793457171881948899e-04
5.306065326821083651e-04
4.858971347241895951e-04
4.448919315388935960e-04
4.072908062461974479e-04
3.728172168800302703e-04
3.412164273224707915e-04
3.122538614432137120e-04
2.857135730157666113e-04
2.613968242799195505e-04
2.391207663286837521e-04
2.187172148123613666e-04
2.000315147687993739e-04
1.829214887040013992e-04
1.672564623584562487e-04
1.529163628997360703e-04
1.397908845793959941e-04
1.277787171807200800e-04
