0.000000000000000000e+00
3.316395467135550140e-02
6.001597423338182746e-02
8.145704874936884887e-02
9.827384756161092194e-02
1.111523181101343738e-01
1.206897318329827468e-01
1.274053495577431860e-01
1.317498600431968314e-01
1.341137285865959539e-01
1.348345776638565918e-01
1.342037082268663639e-01
1.324718583740171207e-01
1.298542854847018757e-01
1.265352484295652336e-01
1.226719580137998616e-01
1.183980562715971074e-01
1.138266785083474342e-01
1.090531459959907384e-01
1.041573318879169541e-01
9.920573816313400795e-02
9.425331717257570685e-02
8.934506758755575428e-02
8.451743119154370154e-02
7.979951396701386035e-02
7.521415226920555308e-02
7.077884251259271287e-02
6.650655069184774337e-02
6.240641618865543777e-02
5.848436265348550683e-02
5.474362727468124606e-02
5.118521843571702257e-02
4.780831059714146791e-02
4.461058420642176336e-02
4.158851752224516224e-02
3.873763642697074933e-02
3.605272758040725667e-02
3.352801962970423932e-02
3.115733662477894808e-02
2.893422728824332837e-02
2.685207334600995047e-02
2.490417973319873982e-02
2.308384914389812609e-02
2.138444308764153590e-02
1.979943134559472573e-02
1.832243148135836650e-02
1.694723985137159064e-02
1.566785537495013481e-02
1.447849716115476131e-02
1.337361694643067131e-02
1.234790717103090470e-02
1.139630541163897358e-02
1.051399579055814840e-02
9.696407896761301271e-03
8.939213679595572198e-03
8.238322710767303700e-03
7.589876153295103782e-03
6.990239726434533708e-03
6.435995912282913185e-03
5.923935612100754595e-03
5.451049427658833171e-03
5.014518714537698034e-03
4.611706529738164931e-03
4.240148574738626490e-03
3.897544216843533763e-03
3.581747655941091516e-03
3.290759290305133970e-03
3.022717323551144496e-03
2.775889645039277768e-03
2.548666007687304131e-03
2.339550520119215628e-03
2.147154464160632749e-03
1.970189443749794517e-03
1.807460867231548392e-03
1.657861761626102737e-03
1.520366914713152870e-03
1.394027338557364158e-03
1.277965046345625735e-03
1.171368133042796286e-03
1.073486149342200730e-03
9.836257576386448712e-04
9.011466582411088852e-04
8.254577737308471143e-04
7.560136792252133324e-04
6.923112662992857158e-04
6.338866284215877254e-04
5.803121559554330665e-04
5.311938290455199595e-04
4.861686970346682500e-04
4.449025334246963989e-04
4.070876557971839053e-04
3.724409005345669793e-04
3.407017426217911582e-04
3.116305512567998882e-04
2.850069724489313048e-04
2.606284302332873633e-04
2.383087385725163603e-04
2.178768164522931013e-04
1.991754991006349559e-04
1.820604386722650186e-04
