0.000000000000000000e+00
2.425214895537165100e-02
4.388850368520395839e-02
5.956794053397247712e-02
7.186573534730564261e-02
8.128350802113952500e-02
8.825803143210372848e-02
9.316903082895484911e-02
9.634608605278195681e-02
9.807473670960331624e-02
9.860187948763778076e-02
9.814053705399572447e-02
9.687406925738170638e-02
9.495988959327648915e-02
9.253274295629547452e-02
8.970759452181377436e-02
8.658217408569041096e-02
8.323921527561334299e-02
7.974842466634453342e-02
7.616821192683766173e-02
7.254720864873218100e-02
6.892560040740659810e-02
6.533629384775016535e-02
6.180593813056595859e-02
5.835581788941032744e-02
5.500263290253198933e-02
5.175917795433503110e-02
4.863493482216674213e-02
4.563658695642307250e-02
4.276846620639566249e-02
4.003293986436542995e-02
3.743074534136995452e-02
3.496127893661597069e-02
3.262284440687514275e-02
3.041286637186652736e-02
2.832807299719803523e-02
2.636465186953939818e-02
2.451838251185793280e-02
2.278474857310830090e-02
2.115903236079218902e-02
1.963639406100361334e-02
1.821193770423753036e-02
1.688076568216657219e-02
1.563802339704358293e-02
1.447893542804048160e-02
1.339883442472247777e-02
1.239318378434737383e-02
1.145759503442778798e-02
1.058784072291397288e-02
9.779863513595334415e-03
9.029782092230298138e-03
8.333894408036224277e-03
7.688678704201857422e-03
7.090792728872266637e-03
6.537071463576051011e-03
6.024523658407942260e-03
5.550327421642582693e-03
5.111825075122067817e-03
4.706517455099047328e-03
4.332057810668395528e-03
3.986245427987495510e-03
3.667019087729816128e-03
3.372450445250192545e-03
3.100737407420443847e-03
2.850197566717796015e-03
2.619261741648201084e-03
2.406467662726763899e-03
2.210453834809454014e-03
2.029953599391248146e-03
1.863789414394303404e-03
1.710867363823632709e-03
1.570171905342509057e-03
1.440760860205574437e-03
1.321760646988397484e-03
1.212361758083651750e-03
1.111814475922245221e-03
1.019424824258200434e-03
9.345507485722830739e-04
8.565985186521294639e-04
7.850193456530646288e-04
7.193062053964533863e-04
6.589908592890227805e-04
6.036410640188507974e-04
5.528579610773854498e-04
5.062736371508250567e-04
4.635488465004082223e-04
4.243708865939295428e-04
3.884516184468548151e-04
3.555256233692654223e-04
3.253484880847879075e-04
2.976952104814477567e-04
2.723587185649681578e-04
2.491484955066323418e-04
2.278893040054799689e-04
2.084200035142694284e-04
1.905924542069706263e-04
1.742705018897906018e-04
1.593290383757242753e-04
1.456531321525792540e-04
1.331372244750330129e-04
