0.000000000000000000e+00
3.710482054722507445e-02
6.714766004127752097e-02
9.113657300835889541e-02
1.099517085460389038e-01
1.243605250868002332e-01
1.350312677101637993e-01
1.425449009004848833e-01
1.474056686685559503e-01
1.500504352221603832e-01
1.508569426462128826e-01
1.501511071244779061e-01
1.482134619117309315e-01
1.452848433772468140e-01
1.415714058351672799e-01
1.372490414181576079e-01
1.324672728156972568e-01
1.273526791781218470e-01
1.220119087844050987e-01
1.165343260982379114e-01
1.109943355150422445e-01
1.054534193622502225e-01
9.996192349398279331e-02
9.456062006330365199e-02
8.928207371056595676e-02
8.415183443037993483e-02
7.918947773253352806e-02
7.440951035816488479e-02
6.982215771979456698e-02
6.543404737405268679e-02
6.124880118370396725e-02
5.726754735822253001e-02
5.348936225947470424e-02
4.991165070297984285e-02
4.653047245963323753e-02
4.334082175331987336e-02
4.033686574371157796e-02
3.751214726929210513e-02
3.485975649310744939e-02
3.237247553381155524e-02
3.004289966917571969e-02
2.786353826114458879e-02
2.582689816433000884e-02
2.392555203781599263e-02
2.215219367821455107e-02
2.049968222552880567e-02
1.896107685851635555e-02
1.752966338931614271e-02
1.619897398491400645e-02
1.496280108274421726e-02
1.381520642683259359e-02
1.275052602714677082e-02
1.176337173623915981e-02
1.084863004208535403e-02
1.000145859266838265e-02
9.217280894946283318e-03
8.491779567137104287e-03
7.820888467667050717e-03
7.200783975687750742e-03
6.627875655920087428e-03
6.098796503965550793e-03
5.610392936471171946e-03
5.159714663046447748e-03
4.744004553086020141e-03
4.360688590186861772e-03
4.007365989253604960e-03
3.681799536300447116e-03
3.381906198063486246e-03
3.105748037553715101e-03
2.851523462361092894e-03
2.617558824646725336e-03
2.402300385142734120e-03
2.204306647949756410e-03
2.022241068333279716e-03
1.854865131943225472e-03
1.701031800803146869e-03
1.559679318937587508e-03
1.429825368541986445e-03
1.310561566073764920e-03
1.201048286490315328e-03
1.100509803022188191e-03
1.008229729298482742e-03
9.235467502930081937e-04
8.458506283970979077e-04
7.745784709157306144e-04
7.092112454002222344e-04
6.492705294491811887e-04
5.943154819093768694e-04
5.439400227720878446e-04
4.977702094734661603e-04
4.554617977569337499e-04
4.166979757308049079e-04
3.811872602463584883e-04
3.486615452228807878e-04
3.188742920505650705e-04
2.915988527044936665e-04
2.666269166989963389e-04
2.437670734981921912e-04
2.228434824727428768e-04
2.036946429527658486e-04
