0.000000000000000000e+00
2.452748702813366613e-02
4.438677606689391680e-02
6.024422377696293796e-02
7.268163719190361138e-02
8.220633116918552030e-02
8.926003732960183235e-02
9.422679199629532820e-02
9.743991677684489539e-02
9.918819304874902654e-02
9.972132055320263866e-02
9.925474043374575561e-02
9.797389424934530022e-02
9.603798263313123584e-02
9.358328025754053536e-02
9.072605751382346873e-02
8.756515373801598834e-02
8.418424184436751334e-02
8.065381979622948672e-02
7.703296039577772758e-02
7.337084735598090046e-02
6.970812248473108597e-02
6.607806602070508128e-02
6.250762967639283962e-02
5.901833973280196793e-02
5.562708556312252750e-02
5.234680721275323384e-02
4.918709410699892426e-02
4.615470557441195276e-02
4.325402264438084343e-02
4.048743948539017257e-02
3.785570188040918854e-02
3.535819927474422725e-02
3.299321616747801639e-02
3.075814793967347749e-02
2.864968561134052794e-02
2.666397348628184172e-02
2.479674317179283646e-02
2.304342704205681117e-02
2.139925384394612828e-02
1.985932881646389897e-02
1.841870040547172183e-02
1.707241539940309097e-02
1.581556408557690044e-02
1.464331682713787379e-02
1.355095328456245619e-02
1.253388535041671283e-02
1.158767472926523247e-02
1.070804597419800983e-02
9.890895685493341152e-03
9.132298483800826289e-03
8.428510288432364966e-03
7.775969359574167947e-03
7.171295500313894754e-03
6.611287759278372360e-03
6.092920926479635998e-03
5.613341072856973049e-03
5.169860347256948971e-03
4.759951212573176188e-03
4.381240274906018743e-03
4.031501835397749943e-03
3.708651273407672245e-03
3.410738351521480725e-03
3.135940517193160949e-03
2.882556262289688760e-03
2.648998590177863242e-03
2.433788630020779133e-03
2.235549429427721550e-03
2.052999949340740364e-03
1.884949278880452932e-03
1.730291082669062905e-03
1.587998288774246673e-03
1.457118021762265469e-03
1.336766782315380528e-03
1.226125872372055238e-03
1.124437062713735946e-03
1.030998498284098862e-03
9.451608352282616721e-04
8.663236026308932186e-04
7.939317811700474835e-04
7.274725903499711143e-04
6.664724755985018635e-04
6.104942862843420982e-04
5.591346356019524485e-04
5.120214332657111594e-04
4.688115820320654147e-04
4.291888292127917989e-04
3.928617645407642936e-04
3.595619559901866392e-04
3.290422154262349409e-04
3.010749862561751147e-04
2.754508455681301633e-04
2.519771135689157361e-04
2.304765634637412353e-04
2.107862252539706113e-04
1.927562772612038055e-04
1.762490195138535993e-04
1.611379234539961043e-04
1.473067527357465798e-04
1.346487501904364531e-04
