0.000000000000000000e+00
3.290855119660287403e-03
5.955377699207667005e-03
8.082972871169999754e-03
9.751701737072224208e-03
1.102963077653651598e-02
1.197602716047750995e-02
1.264241707658415870e-02
1.307352231464015135e-02
1.330808869779131175e-02
1.337961846255891589e-02
1.331701736636487117e-02
1.314516611969631689e-02
1.288542468568310527e-02
1.255607704926649422e-02
1.217272321919878400e-02
1.174862447800128010e-02
1.129500722803304831e-02
1.082133018731745201e-02
1.033551915898507124e-02
9.844173126186572809e-03
9.352745003907520990e-03
8.865700004736038614e-03
8.386654242337967732e-03
7.918495899753822884e-03
7.463491025689148774e-03
7.023375787187889630e-03
6.599436798297494272e-03
6.192580958732003989e-03
5.803396071594774108e-03
5.432203362684669655e-03
5.079102893769115411e-03
4.744012746670469953e-03
4.426702752477831154e-03
4.126823449236373745e-03
3.843930870806038132e-03
3.577507698084534792e-03
3.326981240442429110e-03
3.091738659116974233e-03
2.871139794650977382e-03
2.664527916525421397e-03
2.471238674280435907e-03
2.290607495078872055e-03
2.121975642332912457e-03
1.964695123235422978e-03
1.818132609412004231e-03
1.681672514079501999e-03
1.554719350743949706e-03
1.436699482312542818e-03
1.327062355279058289e-03
1.225281301146349550e-03
1.130853976274943506e-03
1.043302501716716858e-03
9.621733561508073913e-04
8.870370676463111038e-04
8.174877435096340565e-04
7.531424718244507594e-04
6.936406233620503797e-04
6.386430782436968313e-04
5.878313979984359965e-04
5.409069604122441598e-04
4.975900717480453419e-04
4.576190684782200399e-04
4.207494185653026363e-04
3.867528305115019906e-04
3.554163768371598384e-04
3.265416373103393927e-04
2.999438661061090846e-04
2.754511860999389692e-04
2.529038126730469272e-04
2.321533087092331692e-04
2.130618718758384655e-04
1.955016547910286599e-04
1.793541182726339056e-04
1.645094175288019174e-04
1.508658208777305626e-04
1.383291603639862739e-04
1.268123134647109395e-04
1.162347149437001202e-04
1.065218978090829295e-04
9.760506225606175408e-05
8.942067142550169851e-05
8.191007277825688440e-05
7.501914387069131510e-05
6.869796131603447603e-05
6.290049172655314989e-05
5.758430345089421675e-05
5.271029794755633150e-05
4.824245966772443305e-05
4.414762335732779467e-05
4.039525772804681224e-05
3.695726448913796009e-05
3.380779177558430242e-05
3.092306105254006670e-05
2.828120662076965674e-05
2.586212689233487007e-05
2.364734664978048736e-05
2.161988954521772979e-05
1.976416013776402725e-05
1.806583480858837021e-05
