0.000000000000000000e+00
1.690972542956906133e-02
3.060110459477655490e-02
4.153353670587894148e-02
5.010813081979900024e-02
5.667463964199376258e-02
6.153760152213610252e-02
6.496177855231791143e-02
6.717696911577498986e-02
6.838226469697415710e-02
6.874981314206848881e-02
6.842814375531633408e-02
6.754510354533152516e-02
6.621044851734009251e-02
6.451812907446612122e-02
6.254830428026861289e-02
6.036911589065152572e-02
5.803824963608641280e-02
5.560430818028073291e-02
5.310801745916104988e-02
5.058328567869047748e-02
4.805813208974570039e-02
4.555550073456023780e-02
4.309397264663086119e-02
4.068838846172842527e-02
3.835039204141092034e-02
3.608890450403375028e-02
3.391053698545221790e-02
3.181994949791207283e-02
2.982016240807271873e-02
2.791282630213810789e-02
2.609845533735662484e-02
2.437662858547673048e-02
2.274616334688258495e-02
2.120526394674521545e-02
1.975164911005996768e-02
1.838266064506174566e-02
1.709535583900638825e-02
1.588658568203662677e-02
1.475306077967635486e-02
1.369140658872813887e-02
1.269820941170092012e-02
1.177005440844054208e-02
1.090355672776839591e-02
1.009538672433378872e-02
9.342290104487071395e-03
8.641103737946683599e-03
7.988767777729440661e-03
7.382334647785096342e-03
6.818975384733009029e-03
6.295983755890389132e-03
5.810778519389723888e-03
5.360904142699953953e-03
4.944030252488497423e-03
4.557950050775127875e-03
4.200577899100243519e-03
3.869946243398610704e-03
3.564202026936452456e-03
3.281602716594374334e-03
3.020512048570339527e-03
2.779395582889721775e-03
2.556816141637860244e-03
2.351429193303615668e-03
2.161978234801338258e-03
1.987290213412149561e-03
1.826271022866855732e-03
1.677901100918039639e-03
1.541231149872470015e-03
1.415377996549395303e-03
1.299520603882997833e-03
1.192896242799153760e-03
1.094796829980885546e-03
1.004565434616870286e-03
9.215929551361625935e-04
8.453149652110908538e-04
7.752087269075277638e-04
7.107903677325362515e-04
6.516122174342535260e-04
5.972602997135569892e-04
5.473519734816368384e-04
5.015337179159610245e-04
4.594790553067667040e-04
4.208866055274178481e-04
3.854782658878281643e-04
3.529975101259448175e-04
3.232078003454287086e-04
2.958911058072119537e-04
2.708465226193139158e-04
2.478889885351412046e-04
2.268480872587019261e-04
2.075669368600044622e-04
1.899011571204622267e-04
1.737179108523585617e-04
1.588950144648823245e-04
1.453201132790958724e-04
1.328899173231306446e-04
1.215094935649753399e-04
1.110916107619413314e-04
1.015561333220051977e-04
9.282946078182743627e-05
