0.000000000000000000e+00
7.454172797380293966e-03
1.348962893515094283e-02
1.830888152391772772e-02
2.208874811363733398e-02
2.498340726348784180e-02
2.712710606644221784e-02
2.863655738060505440e-02
2.961306130480603066e-02
3.014438167257893486e-02
3.030640497878536038e-02
3.016460615405192405e-02
2.977534292564068194e-02
2.918699811513632281e-02
2.844098709277577755e-02
2.757264570795138134e-02
2.661201232085654358e-02
2.558451604946654009e-02
2.451158199942233759e-02
2.341116304435256895e-02
2.229820665502195084e-02
2.118506432339042553e-02
2.008185027965004449e-02
1.899675544535158606e-02
1.793632189380781061e-02
1.690568249109887164e-02
1.590876985919689734e-02
1.494849832981339985e-02
1.402692213716184855e-02
1.314537272420886020e-02
1.230457770506221578e-02
1.150476373136037102e-02
1.074574524882361028e-02
1.002700089787453633e-02
9.347739106200590731e-03
8.706954238426205250e-03
8.103474506113530693e-03
7.536002697821767363e-03
7.003150661879588984e-03
6.503468362038578032e-03
6.035468226651834883e-03
5.597645424012758116e-03
5.188494618704132290e-03
4.806523695097950598e-03
4.450264873489484518e-03
4.118283590833997539e-03
3.809185470871650353e-03
3.521621666854978742e-03
3.254292823492646244e-03
3.005951872524165961e-03
2.775405848035841522e-03
2.561516882769425494e-03
2.363202524861795963e-03
2.179435495332237866e-03
2.009242989888804665e-03
1.851705613977427641e-03
1.705956027199735745e-03
1.571177362058119153e-03
1.446601472255274650e-03
1.331507057308040911e-03
1.225217702879253948e-03
1.127099869851966611e-03
1.036560859648233412e-03
9.530467785244875348e-04
8.760405194642149375e-04
8.050597767538637079e-04
7.396551052973806021e-04
6.794080341343130495e-04
6.239292414198588854e-04
5.728567962529430889e-04
5.258544711566746259e-04
4.826101276861283424e-04
4.428341765275145255e-04
4.062581125309480462e-04
3.726331243602909807e-04
3.417287778251741344e-04
3.133317714625265911e-04
2.872447625403490366e-04
2.632852613499507251e-04
2.412845914212585947e-04
2.210869131275677575e-04
2.025483080313375647e-04
1.855359212526352312e-04
1.699271591091473538e-04
1.556089392748259996e-04
1.424769907276616620e-04
1.304352008009572765e-04
1.193950067127369383e-04
1.092748290210325248e-04
9.999954453575423177e-05
9.149999630814995314e-05
8.371253841431921963e-05
7.657861334809306980e-05
7.004435993930027086e-05
6.406024981476386617e-05
5.858075052029047217e-05
5.356401352157129088e-05
4.897158539965286818e-05
4.476814065190353110e-05
4.092123460179764087e-05
