0.000000000000000000e+00
2.164944261318771032e-02
3.917845151206889726e-02
5.317519336324118967e-02
6.415320622181072685e-02
7.256027684558959134e-02
7.878630426352525862e-02
8.317026214747097468e-02
8.600636029587603593e-02
8.754949460788982729e-02
8.802006516817355297e-02
8.760823335233976217e-02
8.647768108933411024e-02
8.476892848082773213e-02
8.260225978982607686e-02
8.008030229160192914e-02
7.729029755847703631e-02
7.430610036217109859e-02
7.118993646638235862e-02
6.799394709696238159e-02
6.476154477188324210e-02
6.152860240738157460e-02
5.832449515373513971e-02
5.517301222148182638e-02
5.209315400739345653e-02
4.909982809312448543e-02
4.620445614490392011e-02
4.341550236913791633e-02
4.073893295777390039e-02
3.817861487216119704e-02
3.573666135011962369e-02
3.341373066477662523e-02
3.120928390365466237e-02
2.912180686195079901e-02
2.714900054555519082e-02
2.528794424871752544e-02
2.353523470091677117e-02
2.188710436074917803e-02
2.033952156557911756e-02
1.888827491899809641e-02
1.752904400908678051e-02
1.625745829486630045e-02
1.506914577241154178e-02
1.395977283254293960e-02
1.292507654584497574e-02
1.196089045533359034e-02
1.106316482005977216e-02
1.022798213219978242e-02
9.451568623881778305e-03
8.730302386481689214e-03
8.060718642915581586e-03
7.439512641257455677e-03
6.863540574658560760e-03
6.329818877008308933e-03
5.835522195143466595e-03
5.377980295870061177e-03
4.954674128893572956e-03
4.563231234319014770e-03
4.201420655119493357e-03
3.867147490379571617e-03
3.558447203755212961e-03
3.273479783064197832e-03
3.010523830882702243e-03
2.767970652169558180e-03
2.544318392999024656e-03
2.338166274216743525e-03
2.148208955031822263e-03
1.973231054034429478e-03
1.812101848719706483e-03
1.663770169160989432e-03
1.527259496881474329e-03
1.401663276112404466e-03
1.286140441399476501e-03
1.179911162841802610e-03
1.082252808044125878e-03
9.924961180670414333e-04
9.100215932142605981e-04
8.342560833499222499e-04
7.646695765487347999e-04
7.007721792090463708e-04
6.421112802703256165e-04
5.882688918432105825e-04
5.388591583569800206e-04
4.935260262343792430e-04
4.519410660983482321e-04
4.138014395832394828e-04
3.788280029505565190e-04
3.467635398842616322e-04
3.173711160530330090e-04
2.904325482678061826e-04
2.657469813251926282e-04
2.431295659046170540e-04
2.224102311740990218e-04
2.034325460520956569e-04
1.860526633671012134e-04
1.701383414497993868e-04
1.555680379820026057e-04
1.422300712104778342e-04
1.300218439104497891e-04
1.188491257519223436e-04
