0.000000000000000000e+00
1.765477362838184863e-02
3.194939957182876128e-02
4.336351832455909855e-02
5.231591194366543018e-02
5.917174335662855195e-02
6.424896897539787710e-02
6.782401639903339052e-02
7.013680900494850823e-02
7.139521031548372310e-02
7.177895306888509852e-02
7.144311082059173756e-02
7.052116356148489806e-02
6.912770318335438591e-02
6.736081957573507306e-02
6.530420363752954815e-02
6.302899947336186581e-02
6.059543446642076669e-02
5.805425273014945542e-02
5.544797459893079095e-02
5.281200228570527566e-02
5.017558957898208410e-02
4.756269144322473191e-02
4.499270759852523616e-02
4.248113256406588212e-02
4.004012323386740152e-02
3.767899379376518643e-02
3.540464666848740921e-02
3.322194719198919705e-02
3.113404880930244895e-02
2.914267483201528341e-02
2.724836207131765484e-02
2.545067105271746344e-02
2.374836696645538092e-02
2.213957501966456326e-02
2.062191342359515414e-02
1.919260686565741822e-02
1.784858297619237172e-02
1.658655399890763757e-02
1.540308560749838532e-02
1.429465457525711837e-02
1.325769679603134958e-02
1.228864697065937261e-02
1.138397111027938946e-02
1.054019286424490165e-02
9.753914553631778256e-03
9.021833679572687989e-03
8.340755577195598652e-03
7.707602799256535984e-03
7.119421737295313253e-03
6.573386921105487529e-03
6.066803378433321091e-03
5.597107385157238171e-03
5.161865890910590816e-03
4.758774865450738321e-03
4.385656776384957989e-03
4.040457378553093289e-03
3.721241968917435999e-03
3.426191237762343106e-03
3.153596826951451156e-03
2.901856688567945684e-03
2.669470322154101315e-03
2.455033955687466359e-03
2.257235724133158181e-03
2.074850889674338585e-03
1.906737139351019801e-03
1.751829988659703904e-03
1.609138313531005603e-03
1.477740027876313844e-03
1.356777919460108511e-03
1.245455653108319292e-03
1.143033947114489813e-03
1.048826926074449646e-03
9.621986511968496367e-04
8.825598273398821414e-04
8.093646845599475987e-04
7.421080307790674496e-04
6.803224712432752192e-04
6.235757897182526164e-04
5.714684858199161948e-04
5.236314624792026001e-04
4.797238572684761376e-04
4.394310111511951487e-04
4.024625681390635963e-04
3.685506993365064970e-04
3.374484449077893872e-04
3.089281676060329825e-04
2.827801116460973690e-04
2.588110608764623041e-04
2.368430904017262886e-04
2.167124060212133763e-04
1.982682660752685953e-04
1.813719805249356548e-04
1.658959823292321684e-04
1.517229664242175570e-04
1.387450918470674278e-04
1.268632427843998788e-04
1.159863445555878479e-04
1.060307307674280284e-04
9.691955809537236381e-05
