0.000000000000000000e+00
9.260549179159870831e-03
1.675858281773208447e-02
2.274568921010774666e-02
2.744153426176303492e-02
3.103765876044872751e-02
3.370084201762273135e-02
3.557608002300745309e-02
3.678922101926713345e-02
3.744929672845642016e-02
3.765058328782112940e-02
3.747442222666991229e-02
3.699082849087568375e-02
3.625990955458621018e-02
3.533311701186529763e-02
3.425434968019139964e-02
3.306092514253362868e-02
3.178443477784091004e-02
3.045149565682651535e-02
2.908441118909259326e-02
2.770175107940496539e-02
2.631885996785182300e-02
2.494830307510202336e-02
2.360025623607453493e-02
2.228284687057746280e-02
2.100245169673330831e-02
1.976395633232501045e-02
1.857098134168242917e-02
1.742607876343901796e-02
1.633090269033004790e-02
1.528635705984284464e-02
1.429272344831075854e-02
1.334977133591899387e-02
1.245685302155600908e-02
1.161298511048054934e-02
1.081691827079424469e-02
1.006719675351578844e-02
9.362208992792086723e-03
8.700230444911872738e-03
8.079459685041692416e-03
7.498048656962823764e-03
6.954127861751088074e-03
6.445827174707048635e-03
5.971292894483855480e-03
5.528701553004060527e-03
5.116270948273222118e-03
4.732268803581440517e-03
4.375019404938768237e-03
4.042908523120353897e-03
3.734386886695292840e-03
3.447972437249709199e-03
3.182251567131783466e-03
2.935879512947241719e-03
2.707580054278310375e-03
2.496144646296186761e-03
2.300431096739646592e-03
2.119361881833414177e-03
1.951922181846300420e-03
1.797157704899605664e-03
1.654172357116942332e-03
1.522125808067950918e-03
1.400230992533070843e-03
1.287751582756201758e-03
1.183999459425951742e-03
1.088332204518552716e-03
1.000150634744169332e-03
9.188963905733851497e-04
8.440495926024542319e-04
7.751265742746289407e-04
7.116776976488567311e-04
6.532852569421124201e-04
5.995614729200657127e-04
5.501465798307001104e-04
5.047070054302595045e-04
4.629336437082892078e-04
4.245402191503251091e-04
3.892617407583790195e-04
3.568530435591526703e-04
3.270874149491210105e-04
2.997553029378835650e-04
2.746631031421787944e-04
2.516320212403750246e-04
2.304970075102895084e-04
2.111057600325844542e-04
1.933177931396846321e-04
1.770035677192663046e-04
1.620436800358806412e-04
1.483281058091380966e-04
1.357554963777063710e-04
1.242325238814415904e-04
1.136732725061538260e-04
1.039986729541014771e-04
9.513597742610860005e-05
8.701827252631275469e-05
7.958402762642884337e-05
7.277667635178762810e-05
6.654422897521527212e-05
6.083891362624339454e-05
5.561684434149402416e-05
5.083771409687007034e-05
