0.000000000000000000e+00
-5.466461217999525266e-03
-9.892517308576796037e-03
-1.342667972905300239e-02
-1.619861629177610229e-02
-1.832139267650739409e-02
-1.989345797308066793e-02
-2.100040267286404708e-02
-2.171651443683401961e-02
-2.210615420823623320e-02
-2.222497277387248255e-02
-2.212098567869330221e-02
-2.183552243554831226e-02
-2.140406422055178559e-02
-2.085698268209223993e-02
-2.022019109794828684e-02
-1.951571787227863661e-02
-1.876221125633775744e-02
-1.797538318923163486e-02
-1.716839927499308471e-02
-1.635222112820545678e-02
-1.553590662203841594e-02
-1.472687295067267275e-02
-1.393112686444983143e-02
-1.315346594333235974e-02
-1.239765433582164927e-02
-1.166657600048426682e-02
-1.096236814042918575e-02
-1.028653721277322276e-02
-9.640059621141413779e-03
-9.023468955834113014e-03
-8.436931430115392899e-03
-7.880310969158244722e-03
-7.353225237861519235e-03
-6.855093742659333807e-03
-6.385179008458287397e-03
-5.942621713073970892e-03
-5.526470556311790377e-03
-5.135707547647208604e-03
-4.769269313969333630e-03
-4.426064955866814907e-03
-4.104990916394119643e-03
-3.804943269213346795e-03
-3.524827782618982983e-03
-3.263568071470710104e-03
-3.020112109814475799e-03
-2.793437342370855801e-03
-2.582554602583820007e-03
-2.386511018082205452e-03
-2.204392060793286968e-03
-2.035322878190986076e-03
-1.878469023931285571e-03
-1.733036690130877223e-03
-1.598272529522292307e-03
-1.473463143438880725e-03
-1.357934300841133783e-03
-1.251049944210749039e-03
-1.152211029949287181e-03
-1.060854243781899145e-03
-9.764506254570716774e-04
-8.985041316388217526e-04
-8.265501612094915086e-04
-7.601540631516749431e-04
-6.989096436796356877e-04
-6.424376862755700520e-04
-5.903844956938731053e-04
-5.424204747741384613e-04
-4.982387410039326074e-04
-4.575537881542239343e-04
-4.201001969373058384e-04
-3.856313974771087842e-04
-3.539184854068827069e-04
-3.247490925945747931e-04
-2.979263128201956436e-04
-2.732676821730515519e-04
-2.506042134832452703e-04
-2.297794837368067114e-04
-2.106487731344433947e-04
-1.930782542291189412e-04
-1.769442294078174549e-04
-1.621324148594755746e-04
-1.485372690869002409e-04
-1.360613639691563384e-04
-1.246147963569402403e-04
-1.141146381820966582e-04
-1.044844230796150813e-04
-9.565366755262206730e-05
-8.755742475507734485e-05
-8.013586902049491911e-05
-7.333390932585171537e-05
-6.710082994606536859e-05
-6.138995662442856167e-05
-5.615834665687518884e-05
-5.136650136180766327e-05
-4.697809948151950157e-05
-4.295975013525515424e-05
-3.928076401703160309e-05
-3.591294160302207274e-05
-3.283037720316660582e-05
-3.000927775943194390e-05
