0.000000000000000000e+00
7.457756362136368916e-03
1.349611402211344652e-02
1.831768344793206077e-02
2.209936719390250687e-02
2.499541793994916258e-02
2.714014731781596787e-02
2.865032429486286461e-02
2.962729766955044322e-02
3.015887346753618262e-02
3.032097466582071507e-02
3.017910767185045390e-02
2.978965730664696540e-02
2.920102965164937323e-02
2.845465998737374894e-02
2.758590115078542529e-02
2.662480594290334707e-02
2.559681570665295683e-02
2.452336584771193720e-02
2.342241787048350218e-02
2.230892643167117079e-02
2.119524896116688900e-02
2.009150455153977527e-02
1.900588806209447396e-02
1.794494471122020859e-02
1.691380983260264842e-02
1.591641793880674283e-02
1.495568476259770407e-02
1.403366552575415448e-02
1.315169231132877481e-02
1.231049308322701256e-02
1.151029460204922375e-02
1.075091122431118783e-02
1.003182133979391155e-02
9.352232995639501653e-03
8.711140073017072452e-03
8.107370220156015841e-03
7.539625601986141810e-03
7.006517399487578734e-03
6.506594879312585511e-03
6.038369754669945487e-03
5.600336470411031338e-03
5.190988967434444733e-03
4.808834412783358388e-03
4.452404321123626038e-03
4.120263439749871810e-03
3.811016722061261013e-03
3.523314672857469874e-03
3.255857312187128167e-03
3.007396972266503272e-03
2.776740113668148876e-03
2.562748322108530930e-03
2.364338625339978701e-03
2.180483250521379236e-03
2.010208925688882192e-03
1.852595814293042350e-03
1.706776158964944416e-03
1.571932699501086888e-03
1.447296920320803983e-03
1.332147174178515249e-03
1.225806721553478933e-03
1.127641718757266785e-03
1.037059182274382768e-03
9.535049520789846446e-04
8.764616725573588004e-04
8.054468061293462450e-04
7.400106916299011755e-04
6.797346569202744517e-04
6.242291929906921286e-04
5.731321949431977206e-04
5.261072736608402413e-04
4.828421406393441201e-04
4.430470673459761962e-04
4.064534195480387592e-04
3.728122662943058143e-04
3.418930626140618992e-04
3.134824045003824266e-04
2.873828543495123944e-04
2.634118347215392468e-04
2.414005880558288441e-04
2.211931998063782921e-04
2.026456823474144335e-04
1.856251169295345489e-04
1.700088509339863895e-04
1.556837476708308938e-04
1.425454859901678932e-04
1.304979070195072522e-04
1.194524054006580651e-04
1.093273624726508582e-04
1.000476189302125686e-04
9.154398457765532734e-05
8.375278289354681923e-05
7.661542822042333807e-05
7.007803349456430213e-05
6.409104653221884022e-05
5.860891298964222645e-05
5.358976421400456273e-05
4.899512830001988761e-05
4.478966276245770884e-05
4.094090732713955933e-05
