0.000000000000000000e+00
-1.043633632402448178e-02
-1.888637522637042279e-02
-2.563364849383098845e-02
-3.092571242399919443e-02
-3.497842722581753078e-02
-3.797974773356093542e-02
-4.009307968970775293e-02
-4.146024995148015618e-02
-4.220413370687568083e-02
-4.243097708197089007e-02
-4.223244932235286492e-02
-4.168745498418793133e-02
-4.086373322674814734e-02
-3.981926831529342820e-02
-3.860353278266914767e-02
-3.725858232547932247e-02
-3.582001939550863434e-02
-3.431784056170238822e-02
-3.277718103788831994e-02
-3.121896827454745393e-02
-2.966049517965245463e-02
-2.811592234631164408e-02
-2.659671760796962492e-02
-2.511204030117576702e-02
-2.366907677888629991e-02
-2.227333297269845983e-02
-2.092888914030520409e-02
-1.963862134585513466e-02
-1.840439369781120271e-02
-1.722722490418425456e-02
-1.610743229230108750e-02
-1.504475607386297417e-02
-1.403846631088170871e-02
-1.308745474961764410e-02
-1.219031343384491435e-02
-1.134540178203014178e-02
-1.055090361211697032e-02
-9.804875419694582261e-03
-9.105287057839656778e-03
-8.450055827581409371e-03
-7.837074864720685111e-03
-7.264236599830052252e-03
-6.729451972063795785e-03
-6.230665992482900366e-03
-5.765870177675476958e-03
-5.333112308393936352e-03
-4.930503909727814923e-03
-4.556225798087813403e-03
-4.208531995195829122e-03
-3.885752269647673677e-03
-3.586293531811276386e-03
-3.308640277283241352e-03
-3.051354247354954707e-03
-2.813073451495182956e-03
-2.592510676348192423e-03
-2.388451587828784983e-03
-2.199752517260509296e-03
-2.025338008878839729e-03
-1.864198194166159783e-03
-1.715386048186379750e-03
-1.578014574155469025e-03
-1.451253954752801129e-03
-1.334328701999660518e-03
-1.226514831775132874e-03
-1.127137084090693020e-03
-1.035566206001836383e-03
-9.512163104082996040e-04
-8.735423209050826102e-04
-8.020375102251431874e-04
-7.362311376001099686e-04
-6.756861885040999112e-04
-6.199972186904198924e-04
-5.687883031402782633e-04
-5.217110894803467496e-04
-4.784429545602614394e-04
-4.386852621842266052e-04
-4.021617194384301090e-04
-3.686168286268380937e-04
-3.378144315036621490e-04
-3.095363422552499240e-04
-2.835810655234672207e-04
-2.597625956646355881e-04
-2.379092933923311430e-04
-2.178628359497546043e-04
-1.994772369901817526e-04
-1.826179324054391163e-04
-1.671609284267190415e-04
-1.529920084244036594e-04
-1.400059949497240482e-04
-1.281060636875028724e-04
-1.172031061228808916e-04
-1.072151378633189148e-04
-9.806674969816512612e-05
-8.968859861993815064e-05
-8.201693617276805922e-05
-7.499317163296416672e-05
-6.856346766351865626e-05
-6.267836621773738119e-05
-5.729244259654909128e-05
