0.000000000000000000e+00
-5.845845829347930123e-02
-1.057908009292692769e-01
-1.435852127471943240e-01
-1.732283642270870117e-01
-1.959293822722877054e-01
-2.127410836471648192e-01
-2.245787749770514763e-01
-2.322368901667588581e-01
-2.364037065800897175e-01
-2.376743549733988381e-01
-2.365623146562415569e-01
-2.335095643616332817e-01
-2.288955405789888098e-01
-2.230450383941633974e-01
-2.162351749781853127e-01
-2.087015225768694415e-01
-2.006435060054173325e-01
-1.922291490913670131e-01
-1.835992450981421553e-01
-1.748710177767939522e-01
-1.661413322251983349e-01
-1.574895080834984307e-01
-1.489797816739363567e-01
-1.406634584237275165e-01
-1.325807922209731038e-01
-1.247626241829628280e-01
-1.172318096074529553e-01
-1.100044585804794833e-01
-1.030910127842048635e-01
-9.649717844521246701e-02
-9.022473305185867154e-02
-8.427222141690580981e-02
-7.863555484024735420e-02
-7.330852551073131773e-02
-6.828324685324616006e-02
-6.355052925716912771e-02
-5.910019949698328001e-02
-5.492137115929453250e-02
-5.100267250831726912e-02
-4.733243744139428028e-02
-4.389886449591525602e-02
-4.069014825897965953e-02
-3.769458699230212456e-02
-3.490066980916386313e-02
-3.229714632052780449e-02
-2.987308129740920068e-02
-2.761789657057663050e-02
-2.552140210162185188e-02
-2.357381790692005680e-02
-2.176578829402798024e-02
-2.008838967511529169e-02
-1.853313305095766542e-02
-1.709196210905976690e-02
-1.575724774815519258e-02
-1.452177972645653237e-02
-1.337875603066430129e-02
-1.232177047516429952e-02
-1.134479896452638727e-02
-1.044218478601286436e-02
-9.608623241115520075e-03
-8.839145875110797704e-03
-8.129104520315811114e-03
-7.474155331318406426e-03
-6.870242958211912089e-03
-6.313584976144265802e-03
-5.800656665724462924e-03
-5.328176218513978185e-03
-4.893090424526173876e-03
-4.492560883973340316e-03
-4.123950773096595780e-03
-3.784812183488065699e-03
-3.472874045602869063e-03
-3.186030639928887943e-03
-2.922330693332008886e-03
-2.679967053245039133e-03
-2.457266928464740905e-03
-2.252682682226889773e-03
-2.064783160825439494e-03
-1.892245539225488127e-03
-1.733847663800357946e-03
-1.588460871423056633e-03
-1.455043263593409301e-03
-1.332633414025848713e-03
-1.220344488108313259e-03
-1.117358752826416593e-03
-1.022922456091186197e-03
-9.363410548812540948e-04
-8.569747721837269383e-04
-7.842344633685952027e-04
-7.175777733396972429e-04
-6.565055665538924948e-04
-6.005586127752852174e-04
-5.493145122211386252e-04
-5.023848445507379714e-04
-4.594125269398963108e-04
-4.200693672653516681e-04
-3.840537991898007944e-04
-3.510887866854478468e-04
-3.209198862585510527e-04
