8.776723058144111911e-02
1.012593054821923494e-01
3.950635100130270305e-02
1.808766147957354409e-01
1.682552745597128974e-01
3.707564257590646034e-02
1.090086460930428935e-01
9.723945818974844002e-02
1.146092870889472148e-01
1.281911357929025330e-01
2.241710833876305042e-02
3.412599489361202443e-02
1.890828897315617943e-02
8.519557227847969483e-02
5.836471473509551727e-02
6.825936045100049199e-02
6.063128654132655254e-02
1.925690849113294578e-01
6.964679577807524058e-02
3.609716258950854822e-02
9.221796003207370640e-02
1.585720610560936716e-01
9.617374619397399405e-02
1.052330455269271103e-01
2.636744168464758703e-02
6.475149431733125127e-02
-4.630606176829267506e-02
6.060235379831802743e-02
-6.141706945830779224e-02
4.535824112985735283e-03
4.238902128918493190e-02
-6.227337129515420414e-03
9.452637393002826308e-03
6.353472335814949745e-02
4.448162803084161621e-02
1.057439436871332045e-01
4.567837197050177850e-02
4.121096519231318839e-02
-1.584580659995416321e-02
-8.050847060258736754e-02
4.853680765541765196e-02
1.005547479945033407e-01
9.121983287444656793e-03
-5.020163962335473691e-03
1.288242780146123256e-01
-2.927930646650625524e-02
5.348622066690215254e-02
3.610296961581893616e-02
8.879607436768030895e-03
-7.112002441629507177e-02
1.251566012486126644e-01
-1.642480266258430650e-03
-8.451841973709449396e-02
-9.516598143205143301e-03
3.852628654240018713e-02
-2.084277530649462917e-02
-2.664530145264675659e-02
2.224961028665492849e-02
3.080960748087651496e-02
4.749965571314679336e-02
8.364069161845819056e-02
2.392647925622156183e-02
-5.866281292869565678e-02
3.223359955030104945e-02
5.835249885043036072e-02
4.175961908617960294e-02
-7.211444800410803102e-02
2.501545814676989568e-02
3.592002181277850065e-02
-8.769782113548141647e-03
-4.095333738599366176e-03
-7.023361335528738314e-02
1.406879530464018660e-02
-1.523283817966606009e-02
-1.498531127355505650e-02
-3.119643559654606754e-02
-4.108409439769894478e-02
7.838085205368268416e-02
1.130964252106617107e-02
4.200266377060574846e-02
5.558033511584727082e-02
-3.152673253859657188e-02
1.663262264987479949e-02
1.223333863550628148e-01
4.472398064092179132e-02
1.823825079388273832e-02
-1.593298777478192874e-02
-3.885363456351173181e-03
-2.590567414562952239e-02
-3.970676725393946366e-02
-1.181919519013915343e-01
1.262735542638726560e-02
-1.446743700703284619e-02
3.056749403213465666e-02
4.864078935954586902e-02
1.043202953293374119e-01
2.304747427681552371e-02
1.281527706158740454e-01
1.025348807958678492e-02
-3.390331332456391483e-02
