8.088676437101809114e-02
6.167062402652095238e-02
4.669557343923663728e-02
3.520318581537348890e-02
2.655289521718319501e-02
2.020529857795941991e-02
1.570767637315681822e-02
1.268145062454214753e-02
1.081133334275072300e-02
9.835948844090273979e-03
9.539740086935512287e-03
9.745992684088485708e-03
1.031083093416452351e-02
1.111805840858502356e-02
1.207473162422983623e-02
1.310736938455615841e-02
1.415871271341889379e-02
1.518496113877293441e-02
1.615342058721927834e-02
1.704050648344142271e-02
1.783005295097507895e-02
1.851188540610670605e-02
1.908061943417945633e-02
1.953465373354610485e-02
1.987532919186060093e-02
2.010622989731603721e-02
2.023260514991918890e-02
2.026089438319362418e-02
2.019833938614341851e-02
2.005267037407831160e-02
1.983185433477373943e-02
1.954389570841295540e-02
1.919668087660863359e-02
1.879785916457916289e-02
1.835475412502934195e-02
1.787429979332403468e-02
1.736299739946566695e-02
1.682688870925803937e-02
1.627154275894565627e-02
1.570205325690109469e-02
1.512304436339788859e-02
1.453868293460963516e-02
1.395269563798454127e-02
1.336838962028485088e-02
1.278867564316008357e-02
1.221609279964721434e-02
1.165283409325724995e-02
1.110077230349733324e-02
1.056148568142637259e-02
1.003628311931416620e-02
9.526228522414526001e-03
9.032164180656169356e-03
8.554732995765527981e-03
8.094399466751278638e-03
7.651469375346975008e-03
7.226108144258848974e-03
6.818357866052280822e-03
6.428153020221013050e-03
6.055334911269518068e-03
5.699664872230243880e-03
5.360836286557891898e-03
5.038485487326582399e-03
4.732201596556474474e-03
4.441535369701096053e-03
4.166007111162600175e-03
3.905113726445978879e-03
3.658334975448223562e-03
3.425138989599670752e-03
3.204987113295713376e-03
2.997338127413210623e-03
2.801651909809247092e-03
2.617392584642410508e-03
2.444031209213171681e-03
2.281048043850653941e-03
2.127934447226149939e-03
1.984194436386836711e-03
1.849345947805563920e-03
1.722921832855955297e-03
1.604470618362466251e-03
1.493557060253264575e-03
1.389762515866667858e-03
1.292685158132965938e-03
1.201940052673553536e-03
1.117159116827125612e-03
1.037990977725272625e-03
9.641007447929656523e-04
8.951697104377793731e-04
8.308949912095014035e-04
7.709891203525295108e-04
7.151796014304442157e-04
6.632084315686320513e-04
6.148316018297662888e-04
5.698185813016779476e-04
5.279517906308802376e-04
4.890260699712888981e-04
4.528481456303015988e-04
4.192360990773000436e-04
3.880188414272273296e-04
3.590355960187054801e-04
3.321353912672121559e-04
