1.358048705405944523e-01
4.211600447807601483e-02
6.869212606055845327e-02
3.478601621051470669e-03
2.617174237252364311e-01
8.544223905245949824e-02
-7.063664092134957530e-03
2.178540843776097524e-01
-1.767232736993821773e-01
-1.073111376703721337e-01
7.131063852067029418e-02
5.370052832161097134e-02
8.993075422178747891e-02
1.724247174631361179e-01
4.539612302267845290e-02
2.240164660343257549e-02
1.526694607633927690e-02
5.007204222335900901e-02
7.594747283524677650e-02
-9.089545047249379672e-02
-1.687325284786780552e-02
-4.124087811217224536e-02
1.153167338618663468e-01
-2.192986772852918709e-02
-7.842729696243716520e-02
1.648841491124976646e-02
1.105489415018896943e-01
1.051800455709090698e-01
8.895335159696836358e-02
1.714262975618578988e-01
-6.465738827082452567e-02
1.067940868058095231e-02
-1.449965020378928861e-02
1.356327720740285216e-03
6.492359285093238230e-02
-1.171017297882957428e-02
-3.369656126330815293e-02
-8.444014062422859537e-04
5.515475347894934627e-02
-6.432590057211583223e-02
3.534701019743757139e-02
5.161592998869263260e-02
9.374660057664913060e-02
1.321310536692642430e-02
1.755690201488995308e-02
5.982566312281693138e-02
8.946224068836883259e-03
2.639720630795747494e-02
6.683997427166453453e-02
1.086993505472019228e-01
-7.287841285345841857e-02
-5.444561419823271131e-02
-1.175236604835125515e-01
3.255340590607864321e-02
-1.228721133269658344e-01
8.989921513533427611e-02
1.256874603332621965e-01
1.518316460159269132e-01
4.497694623889440801e-02
-1.418406182991601783e-03
-1.519579242951074084e-02
-7.804272389737575144e-02
-2.537071534313446383e-02
-2.192606969128882768e-02
2.291105730812156155e-02
9.077920807766697020e-03
2.631605323033681110e-02
-7.815192671353690668e-02
7.795780008768107838e-02
1.315070491438686835e-03
9.788144281334332231e-02
5.454729651014809944e-02
-3.973109081128088464e-03
9.879118788005987473e-02
3.982176454651838171e-02
-4.233466625569937830e-02
-8.002638571189685246e-02
3.427378492273476518e-02
-1.912773796540605253e-02
8.847317166265529498e-02
9.206168364909483870e-02
5.402925620411550695e-02
2.784974142845477590e-02
3.523321057119127575e-02
7.434047348652891851e-02
1.168149294934310994e-01
-1.880012797444417100e-02
3.543949569965216401e-02
9.104361797257289057e-02
-2.123911963534313302e-02
-1.838370841791007321e-02
8.471022120401031086e-02
6.561478330966660777e-02
-1.076414774173511599e-02
9.478059804325122961e-02
-1.228325172141493116e-01
1.236913231176170608e-01
9.854091535981371330e-02
-3.437854000156650991e-02
-3.552178805110642323e-02
