1.483480650934642930e-01
5.087654524791297705e-02
7.964139327705467564e-02
1.702279959014848382e-02
2.709088507419062375e-01
9.780402130542542594e-02
2.905571618428422860e-04
2.211447672643256923e-01
-1.685232588458382141e-01
-9.608899682944030407e-02
7.831536446457737499e-02
5.622354421233324157e-02
1.006122737864582062e-01
1.837419653728724345e-01
5.471565932366403984e-02
2.419595245158699323e-02
2.183866408747298787e-02
5.618172672675936924e-02
8.321990586556159142e-02
-8.509509091405359493e-02
-1.370017013940365812e-02
-3.745274988427152452e-02
1.228790190641606134e-01
-1.585982929267946290e-02
-7.277793007662540503e-02
2.170012988740182766e-02
1.122782599702027845e-01
1.065917890773925431e-01
9.301034782491685027e-02
1.749509658972588644e-01
-5.977460434395340944e-02
1.652605328001971810e-02
-8.786794989250754778e-03
6.185036026132297374e-03
6.351105869231292445e-02
-9.018257147302177409e-03
-3.009969066074238628e-02
1.218520101137390843e-03
5.339783521418749873e-02
-6.303835807057683871e-02
3.530904839889791036e-02
5.438518925691533668e-02
9.739547876671979243e-02
9.414165903538152663e-03
1.662545871672171244e-02
6.032685382461768636e-02
1.170966365371825524e-02
2.737852121209604847e-02
6.621152695792575926e-02
1.042601647029561124e-01
-6.961682930956530901e-02
-5.670868500955726643e-02
-1.200515564318558603e-01
3.220601749905224048e-02
-1.196769142782456996e-01
8.965691728971307561e-02
1.255670541277569274e-01
1.531719793013535669e-01
4.154634623950938938e-02
-8.254724902414477955e-03
-1.419847707077970603e-02
-8.137475728638397798e-02
-2.500465841427341671e-02
-2.587583175623167989e-02
1.677592858519030838e-02
7.152587358824042708e-03
2.386051626259638736e-02
-7.811406862095562897e-02
7.590143172303173702e-02
-4.391782151722466512e-03
8.861978219275953861e-02
5.473149446031893434e-02
-4.749216448059350587e-03
9.439216824480307910e-02
3.584635192249368413e-02
-4.600148646529301361e-02
-8.612539003509310509e-02
3.736443799042891978e-02
-2.012210600448387926e-02
8.474546113424309690e-02
8.619267211606396195e-02
5.323422153380021754e-02
2.226284201555575257e-02
3.046149153845201241e-02
7.436217713575554722e-02
1.143442009043280638e-01
-2.186441536001484248e-02
3.043000086759188941e-02
8.940959430715686440e-02
-2.989483906475354225e-02
-1.870682621205445664e-02
7.974778829585853213e-02
6.475502247390244048e-02
-1.500885732963689982e-02
9.120506121290064550e-02
-1.242806515366404602e-01
1.257950996144460709e-01
9.910616916742763516e-02
-3.152745509915619998e-02
-4.290645456826199661e-02
