1.494755182179336728e-01
5.065540809837692365e-02
7.850808739764286726e-02
1.712363682582252952e-02
2.715733695794543823e-01
9.687329080838399942e-02
3.620394174212736879e-04
2.212250085076095940e-01
-1.686958632697083404e-01
-9.479655775302303633e-02
7.715234865238997097e-02
5.690798942092975543e-02
1.003072703994864479e-01
1.824454555765957775e-01
5.462436958867877834e-02
2.335154784324534535e-02
2.151276551704725190e-02
5.630202276737406031e-02
8.245442044877263066e-02
-8.667453158761885545e-02
-1.342454848024519226e-02
-3.879225201426250019e-02
1.223201312643819594e-01
-1.516398361417772150e-02
-7.399937383473742525e-02
2.138343090426426951e-02
1.117878261720890720e-01
1.053690583661429508e-01
9.311686893507473139e-02
1.745165245374255547e-01
-6.044544376863698887e-02
1.588253409857096413e-02
-9.439431276742626942e-03
4.719334585261887940e-03
6.382729800016458122e-02
-1.077237752403985109e-02
-3.058077437762299691e-02
1.778683660411133852e-03
5.223147726176709943e-02
-6.326282814980151159e-02
3.497611783951201647e-02
5.401824054807605885e-02
9.682744730562843627e-02
9.878541575080954443e-03
1.715187808003637571e-02
6.022798892505878965e-02
1.097676149920923799e-02
2.687643399154367521e-02
6.656361818875784764e-02
1.029699978652129089e-01
-6.953416253935493230e-02
-5.669567337549239611e-02
-1.199692891269242973e-01
3.235134803015712185e-02
-1.195149015389525005e-01
8.920936857335812209e-02
1.254597768521415191e-01
1.535666448254663363e-01
4.189148881657676210e-02
-7.214110577561347847e-03
-1.369457228944677071e-02
-8.100207300908485175e-02
-2.398887666341132166e-02
-2.592651512297602240e-02
1.748217762842387349e-02
7.569141616871793814e-03
2.507633358701281609e-02
-7.798744371603523462e-02
7.650306176381072021e-02
-4.078734447551079188e-03
8.930281669230097363e-02
5.504825356118848295e-02
-4.447889828880687187e-03
9.650642917329328718e-02
3.544515754581731987e-02
-4.592390135527302242e-02
-8.459656851853455950e-02
3.815458203374395146e-02
-2.077315365386126281e-02
8.602717016752797763e-02
8.718045281262161439e-02
5.342003432256774154e-02
2.292099498508091970e-02
3.062647645788360920e-02
7.567577343752944496e-02
1.147258057807453296e-01
-2.096182568759227816e-02
3.194257143195596699e-02
8.914422413391906441e-02
-2.909883511524220812e-02
-1.739936536580529575e-02
7.990803738621410357e-02
6.548757272364291726e-02
-1.304540298812730675e-02
9.098101603372853174e-02
-1.242347540952868507e-01
1.263930441684125161e-01
9.932143553747518894e-02
-3.022676644102185659e-02
-4.105483720159903288e-02
