1.292309089027298685e-01
1.101503618309658261e-01
9.491896109878050769e-02
8.284482895919376144e-02
7.334548095291353043e-02
6.593207509314363834e-02
6.019578199499341087e-02
5.579600408658766386e-02
5.245020560501463536e-02
4.992514462170335315e-02
4.802932433003168772e-02
4.660650368012687894e-02
4.553012753109564326e-02
4.469855413588679632e-02
4.403097326746516216e-02
4.346392189231396835e-02
4.294831622418236738e-02
4.244692944688064490e-02
4.193225355595490977e-02
4.138469179079511118e-02
4.079103514846009471e-02
4.014318260940367977e-02
3.943707007024723626e-02
3.867177766401273808e-02
3.784878923688968916e-02
3.697138131585995385e-02
3.604412200782428771e-02
3.507246297502675247e-02
3.406240998351373062e-02
3.302025956503584769e-02
3.195239110683797956e-02
3.086510522214039320e-02
2.976450058661653242e-02
2.865638257900327696e-02
2.754619806011624622e-02
2.643899148413110176e-02
2.533937827669683826e-02
2.425153205173505300e-02
2.317918278619429673e-02
2.212562354141879226e-02
2.109372372151194219e-02
2.008594720217776741e-02
1.910437395590572698e-02
1.815072404791697597e-02
1.722638308801920440e-02
1.633242840165199591e-02
1.546965533349528230e-02
1.463860322301601020e-02
1.383958069667518519e-02
1.307269000919006850e-02
1.233785023882332833e-02
1.163481920138811215e-02
1.096321399644399619e-02
1.032253013868087571e-02
9.712159259181982890e-03
9.131405386358256576e-03
8.579499835917067316e-03
8.055614754177785330e-03
7.558875370154788387e-03
7.088371019760337892e-03
6.643165010801662870e-03
6.222303400641166285e-03
5.824822759863452874e-03
5.449756995393055352e-03
5.096143305523057401e-03
4.763027337490116989e-03
4.449467615769947537e-03
4.154539306337435081e-03
3.877337378877355502e-03
3.616979225459552270e-03
3.372606790599736500e-03
3.143388263989322154e-03
2.928519383554680292e-03
2.727224392945399190e-03
2.538756694089002071e-03
2.362399232113415997e-03
2.197464646748728892e-03
2.043295221289893188e-03
1.899262657341115653e-03
1.764767700875379203e-03
1.639239642630097591e-03
1.522135713521301486e-03
1.412940393590411464e-03
1.311164650994788104e-03
1.216345125709646004e-03
1.128043270917620817e-03
1.045844463515566624e-03
9.693570937581841686e-04
8.982116427765570203e-04
8.320597555483930661e-04
7.705733158476730854e-04
7.134435287563289972e-04
6.603800154719578243e-04
6.111099243858200388e-04
5.653770617273808476e-04
5.229410444686896555e-04
4.835764776474474661e-04
4.470721577957481661e-04
4.132303037464653706e-04
3.818658157258817028e-04
