1.444148624866441466e-01
4.544165272475986922e-02
7.392636389616771830e-02
1.280078313086167353e-02
2.700848875815604067e-01
9.217034814209329463e-02
-2.074322923569355080e-03
2.204117151173799471e-01
-1.706069459979829839e-01
-9.989440320087147884e-02
7.337097531123291938e-02
5.887965638145460645e-02
9.817303142494761270e-02
1.796553019687903707e-01
4.712218090328233050e-02
2.580409965018981566e-02
1.910598841653678506e-02
5.484234417600013928e-02
7.927778495800025249e-02
-9.234649061203781262e-02
-1.451564708220547464e-02
-3.858135824745807102e-02
1.182408278685063707e-01
-1.758610023425343297e-02
-7.575938148615728174e-02
1.936868760685166516e-02
1.111096062502070353e-01
1.047858598387503837e-01
8.970026033373551533e-02
1.730699657583872897e-01
-6.112632470327960393e-02
1.399256004755517271e-02
-1.172875271009857917e-02
1.688066448025199407e-03
6.404943619740312288e-02
-8.870041556870333216e-03
-3.170220275876548671e-02
-2.475698442253846960e-03
5.047750361278688369e-02
-6.397336981553911062e-02
3.396800903648981157e-02
5.200637692525234695e-02
9.608886856877525695e-02
1.009416440961052701e-02
1.830408690869309019e-02
6.367845518454372244e-02
1.205581679228793016e-02
2.700096547976564218e-02
6.691934499967237826e-02
1.082467611382223749e-01
-7.031840728377836136e-02
-5.422880306686089086e-02
-1.199906361944215322e-01
3.496662273986836378e-02
-1.213147870111193349e-01
9.027518561222448723e-02
1.258073294868546077e-01
1.512241039412705879e-01
4.459531699133267857e-02
-3.684139557599261806e-03
-1.403127902725065206e-02
-8.045842007414773234e-02
-2.440361654805571143e-02
-2.499310590217311209e-02
2.052589989770720047e-02
8.683658948573527367e-03
2.524637772093176954e-02
-7.693456315887697849e-02
7.974820627483275581e-02
-7.225794827104279391e-04
9.482828540772217374e-02
5.544113061648747037e-02
-2.279223944860297134e-03
1.001356999234159217e-01
3.742737066998470807e-02
-4.684306057570858384e-02
-8.473073723266233426e-02
3.702911812292707106e-02
-2.140200536211807683e-02
8.724693013938772390e-02
8.723150194087378462e-02
5.189143037265562391e-02
2.607397067277941044e-02
3.057024743786582524e-02
7.522235336573462883e-02
1.136158323517046792e-01
-2.262639057772327864e-02
3.707921384199030362e-02
8.749776120989591344e-02
-2.716631122777592514e-02
-2.012871327448369219e-02
8.289260847289862955e-02
6.601427245156721302e-02
-1.059402490134209174e-02
8.793334910384137393e-02
-1.280783587312873117e-01
1.232881142189787282e-01
9.690133055354210878e-02
-3.423008179295371212e-02
-4.179855785299468884e-02
