1.437874107844742955e-01
4.673752113873029523e-02
7.566910721901663750e-02
1.386673314994917201e-02
2.696074598514217047e-01
9.237987360039427720e-02
-3.000549214167765478e-03
2.180360633931540670e-01
-1.728721813166114174e-01
-9.786737547663981740e-02
7.350862572497293690e-02
5.557677134879856345e-02
9.758772886322920892e-02
1.801881110955060872e-01
5.095386073776035640e-02
2.259003346919525451e-02
1.898684384635742142e-02
5.419324394824654584e-02
7.874913455202760260e-02
-8.891968101456464157e-02
-1.617043673538096776e-02
-3.953694222587619822e-02
1.185721753707405096e-01
-1.563324367320713046e-02
-7.618135550705810999e-02
2.063685811586016272e-02
1.120686619154076941e-01
1.055065600678836979e-01
9.083057735263008747e-02
1.736997191485753489e-01
-5.977333779047661055e-02
1.462423413161589685e-02
-1.137699598932831978e-02
2.613247095696493230e-03
6.248396758376456583e-02
-1.208393801604222724e-02
-3.122775415070603439e-02
-2.534643066006315917e-03
5.207326125678132106e-02
-6.643469828967997481e-02
3.403109058130528164e-02
5.341229360198974235e-02
9.588898437975616751e-02
1.036991443715170463e-02
1.593065247737352960e-02
5.999142702945890748e-02
1.102728681095657345e-02
2.683110974343195718e-02
6.731817147749667718e-02
1.036948015409025203e-01
-7.037117217118579737e-02
-5.419506741013637580e-02
-1.207518482233459339e-01
3.396698282235565552e-02
-1.202649008759881510e-01
9.008845022310994766e-02
1.242068131361832167e-01
1.527327841301528710e-01
4.391026541057616028e-02
-4.931252825201856184e-03
-1.398177371279340706e-02
-7.942380732281030531e-02
-2.411628627107404235e-02
-2.562092239755796655e-02
1.884155484728107857e-02
7.381105938032576745e-03
2.465641246481927243e-02
-7.841822062603184817e-02
7.942170099154319263e-02
-3.181430230111289680e-03
9.172755503607121774e-02
5.564912761389977786e-02
-3.136572033234613210e-03
9.738827349113429732e-02
3.623892883621680772e-02
-4.794816393483553735e-02
-8.496994533043251974e-02
3.702013080566274317e-02
-1.972846696677112502e-02
8.527887859097822709e-02
8.588171166407937429e-02
5.288159124715652998e-02
2.315296091763402106e-02
3.067562924575186270e-02
7.424410483859160415e-02
1.132933885251967698e-01
-2.357713033013780074e-02
3.311371109186266037e-02
8.927531291911376676e-02
-2.864513948867724105e-02
-1.955668530751377907e-02
8.010502768668434359e-02
6.486426965550870505e-02
-1.349190349980656893e-02
8.788943859181991280e-02
-1.267272577827388835e-01
1.248047774425623258e-01
9.695893035692575157e-02
-3.289569876281668581e-02
-4.323942066456300942e-02
