1.333490234466807867e-01
1.142892896107026712e-01
9.905996835419449142e-02
8.697041581325984372e-02
7.743952017079763772e-02
6.997989384991976092e-02
6.418419808919986758e-02
5.971332620041075456e-02
5.628620563811819605e-02
5.367100877967130590e-02
5.167758849952863720e-02
5.015097764456508816e-02
4.896581174959172694e-02
4.802155210435372912e-02
4.723840188618969038e-02
4.655382176398991517e-02
4.591956338678512828e-02
4.529914969541781050e-02
4.466574021598758437e-02
4.400032756601188200e-02
4.329021846699114551e-02
4.252775873249803329e-02
4.170926709680485706e-02
4.083414746044405214e-02
3.990415323972090755e-02
3.892278109085435533e-02
3.789477440109592643e-02
3.682571965607525644e-02
3.572172115507991214e-02
3.458914159827264356e-02
3.343439785090036864e-02
3.226380273355781286e-02
3.108344502457274436e-02
2.989910101694421424e-02
2.871617197112521017e-02
2.753964266657837542e-02
2.637405699722619040e-02
2.522350719423063770e-02
2.409163380760036624e-02
2.298163404785314237e-02
2.189627649077580812e-02
2.083792049132303023e-02
1.980853894482123567e-02
1.880974328182181271e-02
1.784280979321361052e-02
1.690870655981296586e-02
1.600812041017077303e-02
1.514148345574301523e-02
1.430899885730965715e-02
1.351066556358926883e-02
1.274630183497024900e-02
1.201556742440675757e-02
1.131798433574219588e-02
1.065295611869653686e-02
1.001978569092446328e-02
9.417691702155988470e-03
8.845823474533979006e-03
8.303274567773126502e-03
7.789095028462339476e-03
7.302302390382176336e-03
6.841891497676312606e-03
6.406843225582898455e-03
5.996132174604506572e-03
5.608733413818230845e-03
5.243628347789755506e-03
4.899809779498527119e-03
4.576286239008413477e-03
4.272085644496350504e-03
3.986258358819385998e-03
3.717879701171232509e-03
3.466051969645155776e-03
3.229906026754929705e-03
3.008602496228496206e-03
2.801332615726164627e-03
2.607318786582139229e-03
2.425814858251283505e-03
2.256106181881699282e-03
2.097509464340717791e-03
1.949372451105435338e-03
1.811073463693031954e-03
1.682020814751216146e-03
1.561652121553745980e-03
1.449433536445844531e-03
1.344858910754196226e-03
1.247448906809348924e-03
1.156750071017421987e-03
1.072333879354857994e-03
9.937957652363471703e-04
9.207541384134512470e-04
8.528494023912522965e-04
7.897429767943128223e-04
7.311163301628869097e-04
6.766700278079268438e-04
6.261227985911714967e-04
5.792106238172223037e-04
5.356858508211053468e-04
4.953163333007377976e-04
4.578845999729098774e-04
4.231870527179976637e-04
3.910331950173537687e-04
