1.198019601982431293e-01
1.004435231588577393e-01
8.516418683611597096e-02
7.322209969304220578e-02
6.399306252299824527e-02
5.695357928340059883e-02
5.166618967561227571e-02
4.776679114021760431e-02
4.495369401036466983e-02
4.297818531639495399e-02
4.163640466861558836e-02
4.076236020972893309e-02
4.022193422050370643e-02
3.990774693242414572e-02
3.973476375944193922e-02
3.963654578180999394e-02
3.956205614069515514e-02
3.947294624704537902e-02
3.934125556124204448e-02
3.914746732849075372e-02
3.887887020621012824e-02
3.852818232403838056e-02
3.809240008933836852e-02
3.757183909251188281e-02
3.696933886631254690e-02
3.628960709034080578e-02
3.553868217531117729e-02
3.472349607251221104e-02
3.385152168583140109e-02
3.293049146403023014e-02
3.196817566116296611e-02
3.097221040964572361e-02
2.994996718556881127e-02
2.890845648756186145e-02
2.785425962357983634e-02
2.679348342604790517e-02
2.573173351388441041e-02
2.467410240665275645e-02
2.362516938604793462e-02
2.258900950584724621e-02
2.156920958449497217e-02
2.056888938438489883e-02
1.959072649715527109e-02
1.863698372233505915e-02
1.770953795394454230e-02
1.680990978178737924e-02
1.593929317607577223e-02
1.509858475996518970e-02
1.428841228823811947e-02
1.350916204497857633e-02
1.276100495139924004e-02
1.204392123943050577e-02
1.135772359933343370e-02
1.070207875225449683e-02
1.007652743284656940e-02
9.480502794169584288e-03
8.913347268201870718e-03
8.374327931419754678e-03
7.862650436880102081e-03
7.377471582785444064e-03
6.917910593236023011e-03
6.483059190297719640e-03
6.071990538080087631e-03
5.683767139597051959e-03
5.317447766088431726e-03
4.972093496475784441e-03
4.646772941931867976e-03
4.340566727341319680e-03
4.052571297872469350e-03
3.781902115090441698e-03
3.527696303120745822e-03
3.289114801402378586e-03
3.065344076614706127e-03
2.855597442474683278e-03
2.659116032319793106e-03
2.475169465747180560e-03
2.303056247092971458e-03
2.142103930222510368e-03
1.991669080972056048e-03
1.851137065640614350e-03
1.719921691178351439e-03
1.597464720154575342e-03
1.483235281209638540e-03
1.376729193496361225e-03
1.277468221590860598e-03
1.184999275492706070e-03
1.098893568631632974e-03
1.018745745244265541e-03
9.441729870704718662e-04
8.748141080362222379e-04
8.103286444294209839e-04
7.503959470283613851e-04
6.947142807009506864e-04
6.429999361485182977e-04
5.949863577131051613e-04
5.504232904943837275e-04
5.090759494246597681e-04
4.707242124213790991e-04
4.351618392699177669e-04
4.021957174795606207e-04
