9.859507083902126212e-02
2.963074747303951362e-03
4.363513996800109235e-02
-3.056643380578823177e-02
2.297232336025488153e-01
4.965387055382691067e-02
-4.759571812322510587e-02
1.905998385595688294e-01
-2.158494404940921874e-01
-1.415993064576237248e-01
3.782619183075187214e-02
1.868697036279015969e-02
6.106480145476912702e-02
1.411080433249715660e-01
1.582719614667715824e-02
-1.312178126170589730e-02
-9.008893311920548874e-03
2.860203098802004823e-02
4.190306435225955167e-02
-1.139383754964094914e-01
-4.005176739596420094e-02
-6.894807018900120377e-02
8.647323625631622712e-02
-3.772859651431551692e-02
-1.003451258054873230e-01
-1.107098799871212083e-02
8.898788647662254914e-02
9.070451053883778203e-02
8.256372380808632561e-02
1.484783398965863199e-01
-8.193973395904242951e-02
-8.035641039726860307e-03
-3.733735877623743649e-02
-6.787076759403248144e-03
6.049016014356616705e-02
-2.808366807017996167e-02
-4.931235162439568526e-02
-1.479611253146200303e-02
4.670802223257283781e-02
-7.651546103561204792e-02
2.514070161109510995e-02
3.935000674219065603e-02
8.430503648022674712e-02
7.327396782280250903e-03
9.827373583413177502e-03
5.323300531042172296e-02
7.693672228371488744e-04
2.064286819622331362e-02
6.173743794563892051e-02
1.043992579942251142e-01
-7.146290298154814313e-02
-5.689985810273738565e-02
-1.218530341926960109e-01
2.442195647734409641e-02
-1.226914466511899726e-01
8.035387934938557908e-02
1.266354021783546724e-01
1.529550467770575128e-01
3.989919574439424604e-02
2.436568097460503710e-03
-1.363521946531173930e-02
-8.132428412200523593e-02
-3.291876493669516901e-02
-9.112599620180638488e-03
2.005815194508419469e-02
1.068376457453225695e-02
2.973817976007926689e-02
-7.917095796599109281e-02
7.551615505420462837e-02
4.993728260331766790e-03
9.719063588701147560e-02
5.023727752193568596e-02
-6.788543512834908401e-03
1.049134271688156733e-01
4.241124174152971493e-02
-3.869505935773061983e-02
-8.287191063601005714e-02
3.622163823766898216e-02
-1.482027443587259109e-02
8.508058226432874127e-02
8.878464352486638289e-02
5.541940025908109052e-02
2.804696619113947187e-02
3.275565652192952842e-02
6.712005684747149314e-02
1.183392239636072152e-01
-2.120946807948731819e-02
3.591742282872371905e-02
7.749162172276764793e-02
-9.826234364661423984e-03
-2.318888433021364104e-02
9.023122800418706402e-02
6.972607405157381366e-02
-8.146199057002196167e-03
8.906762356063852026e-02
-1.301203887615888233e-01
1.236766476104062817e-01
9.519401856462469946e-02
-2.651954474640753553e-02
-2.901864977243116470e-02
