1.280816353684328668e-01
1.090851522425595188e-01
9.393870360672217090e-02
8.194886475557121297e-02
7.253194933505156816e-02
6.519820127776503049e-02
5.953811598549171857e-02
5.521061778365966843e-02
5.193285437991533582e-02
4.947139872444503150e-02
4.763467476672030715e-02
4.626644655089932889e-02
4.524023026097759304e-02
4.445450654493983411e-02
4.382862600468663550e-02
4.329931439185576159e-02
4.281769602549728715e-02
4.234676444618189206e-02
4.185923851943499502e-02
4.133575025561514460e-02
4.076331766139486279e-02
4.013406210153842857e-02
3.944413503604889126e-02
3.869282370162566154e-02
3.788180941116817135e-02
3.701455572429360880e-02
3.609580686025675583e-02
3.513117943927027143e-02
3.412683299919118396e-02
3.308920678598958887e-02
3.202481209714571481e-02
3.094007100122822193e-02
2.984119359433717519e-02
2.873408711114217376e-02
2.762429120798205046e-02
2.651693459814605247e-02
2.541670896276461769e-02
2.432785670022985514e-02
2.325416962634194867e-02
2.219899620833155895e-02
2.116525531894022233e-02
2.015545484093498804e-02
1.917171374572131451e-02
1.821578651901666415e-02
1.728908901788626593e-02
1.639272502207194532e-02
1.552751289303220400e-02
1.469401188042863265e-02
1.389254772138528299e-02
1.312323726570696278e-02
1.238601193295715656e-02
1.168063986711122097e-02
1.100674670335084065e-02
1.036383490112518201e-02
9.751301629313421232e-03
9.168455214421862912e-03
8.614530182303075864e-03
8.088700938806505508e-03
7.590094145842175496e-03
7.117799857228893946e-03
6.670881483973880102e-03
6.248384661775875475e-03
5.849345094967527484e-03
5.472795451161288800e-03
5.117771379827633013e-03
4.783316726158764326e-03
4.468488009059789004e-03
4.172358229131232360e-03
3.894020069202250474e-03
3.632588546457600921e-03
3.387203171566606063e-03
3.157029666544883956e-03
2.941261289419140265e-03
2.739119810169370322e-03
2.549856178927836173e-03
2.372750924047443456e-03
2.207114314433895625e-03
2.052286317479804553e-03
1.907636381053616059e-03
1.772563065286483254e-03
1.646493547367056803e-03
1.528883020196622131e-03
1.419214003571252474e-03
1.316995584538903884e-03
1.221762601721247199e-03
1.133074786685540685e-03
1.050515873893106879e-03
9.736926893301058690e-04
9.022342266348972861e-04
8.357907183660747341e-04
7.740327089981024339e-04
7.166501352791457323e-04
6.633514187305390242e-04
6.138625743017231060e-04
5.679263385112383105e-04
5.253013197967115093e-04
4.857611732581347541e-04
4.490938015031488081e-04
4.151005828847160865e-04
3.835956280552596845e-04
