4.090912413039426987e-02
2.371839648697198280e-02
1.044983418692486260e-02
4.154856489869858394e-04
-6.967940671719858280e-03
-1.219364540536820030e-02
-1.567739859523720886e-02
-1.776853055303535822e-02
-1.875946354198665053e-02
-1.889396899512714445e-02
-1.837431241522632236e-02
-1.736742822201901501e-02
-1.601024930057020831e-02
-1.441430058569360267e-02
-1.266965244704699317e-02
-1.084831770146414687e-02
-9.007165581723534931e-03
-7.190416764797605276e-03
-5.431775457706684851e-03
-3.756247422783409728e-03
-2.181686579147967819e-03
-7.201073398326873765e-04
6.212049573422750992e-04
1.838757373283175095e-03
2.932061976291859551e-03
3.902976488757509133e-03
4.755154542005965435e-03
5.493589570998720639e-03
6.124238529742996595e-03
6.653713483247034738e-03
7.089030766282790330e-03
7.437408822745121550e-03
7.706107078121634396e-03
7.902299274479381713e-03
8.032975632640364932e-03
8.104869017622836139e-03
8.124400986584548803e-03
8.097644207131885624e-03
8.030298259997308355e-03
7.927676294302299365e-03
7.794700395179980645e-03
7.635903860552519309e-03
7.455438873456296869e-03
7.257088304709972612e-03
7.044280593374162291e-03
6.820106834117860110e-03
6.587339355445641885e-03
6.348451204381677995e-03
6.105636064817683561e-03
5.860828231071812076e-03
5.615722337675774570e-03
5.371792613098229537e-03
5.130311480838737129e-03
4.892367377664666797e-03
4.658881697079852308e-03
4.430624797591476566e-03
4.208231041004880692e-03
3.992212846708075372e-03
3.782973764471781689e-03
3.580820581343385940e-03
3.385974488318602930e-03
3.198581340117883330e-03
3.018721046990306429e-03
2.846416141370744154e-03
2.681639564729041726e-03
2.524321721329935396e-03
2.374356846087838889e-03
2.231608733435942564e-03
2.095915873289808367e-03
1.967096038902417521e-03
1.844950369789494313e-03
1.729266991041696327e-03
1.619824208308926275e-03
1.516393315603312576e-03
1.418741050871467468e-03
1.326631732074125486e-03
1.239829104314536844e-03
1.158097926401530000e-03
1.081205323138613537e-03
1.008921927611818167e-03
9.410228358167914463e-04
8.772883941276369332e-04
8.175048383706690416e-04
7.614648016282424096e-04
7.089677063617111103e-04
6.598200550076742865e-04
6.138356318659786686e-04
5.708356278587667192e-04
5.306486985936922180e-04
4.931109651073154083e-04
4.580659656924392217e-04
4.253645663211652714e-04
3.948648363592409567e-04
3.664318955221380686e-04
3.399377373446712224e-04
3.152610338193485829e-04
2.922869252995956247e-04
2.709067992583405124e-04
2.510180610360798238e-04
2.325238993016341606e-04
