0.000000000000000000e+00
-2.113826728696069704e-02
-3.825339038737501224e-02
-5.191964848385100667e-02
-6.263845423928315892e-02
-7.084702150454570690e-02
-7.692604321645349352e-02
-8.120648937764815556e-02
-8.397562305855511833e-02
-8.548232168954701671e-02
-8.594178138365447805e-02
-8.553967352545649439e-02
-8.443581527172323853e-02
-8.276740883691291462e-02
-8.065189839486655576e-02
-7.818948803926029090e-02
-7.546535943999767293e-02
-7.255162354852082163e-02
-6.950903688631113186e-02
-6.638850954784136782e-02
-6.323242901739414834e-02
-6.007582119865305381e-02
-5.694736765119724764e-02
-5.387029588715628453e-02
-5.086315767586191416e-02
-4.794050860894041866e-02
-4.511350067020611365e-02
-4.239039821364639499e-02
-3.977702656060203013e-02
-3.727716136775159617e-02
-3.489286597624777220e-02
-3.262478311641690831e-02
-3.047238660030126070e-02
-2.843419797571047555e-02
-2.650797253118230071e-02
-2.469085852314440929e-02
-2.297953303732095526e-02
-2.137031748952712348e-02
-1.985927541063871316e-02
-1.844229484153859719e-02
-1.711515738161608485e-02
-1.587359568482210256e-02
-1.471334097670365208e-02
-1.363016197099663034e-02
-1.261989639234731460e-02
-1.167847615997679583e-02
-1.080194715330319404e-02
-9.986484362650439525e-03
-9.228403124381725012e-03
-8.524167048486805745e-03
-7.870393166387764511e-03
-7.263854756234205609e-03
-6.701482241101914400e-03
-6.180362501284268444e-03
-5.697736894380555847e-03
-5.250998235347669948e-03
-4.837686952390334028e-03
-4.455486602896891087e-03
-4.102218906031995446e-03
-3.775838424585951144e-03
-3.474427007820323366e-03
-3.196188088959053646e-03
-2.939440915314785966e-03
-2.702614775513053399e-03
-2.484243276618226283e-03
-2.282958713941372463e-03
-2.097486567716258087e-03
-1.926640153483811894e-03
-1.769315446768109741e-03
-1.624486097317514796e-03
-1.491198643699224785e-03
-1.368567935265581348e-03
-1.255772765360294941e-03
-1.152051717018603635e-03
-1.056699220263761143e-03
-9.690618183487234322e-04
-8.885346388803155816e-04
-8.145580646441890390e-04
-7.466145980796784921e-04
-6.842259126968640521e-04
-6.269500842510669853e-04
-5.743789941645523938e-04
-5.261358974867092484e-04
-4.818731475912955346e-04
-4.412700698040841795e-04
-4.040309762206714043e-04
-3.698833140986495377e-04
-3.385759403792288355e-04
-3.098775151007102015e-04
-2.835750067014794810e-04
-2.594723024662550707e-04
-2.373889176400275746e-04
-2.171587970144319205e-04
-1.986292030768808036e-04
-1.816596851001157204e-04
-1.661211238360144179e-04
-1.518948467600953021e-04
-1.388718090903242176e-04
-1.269518360739858528e-04
-1.160429222983966021e-04
