0.000000000000000000e+00
-2.187371758049868123e-02
-3.958431627677240494e-02
-5.372605580189033364e-02
-6.481779415071778350e-02
-7.331195687765224012e-02
-7.960248212680616497e-02
-8.403185512968504300e-02
-8.689733351807545081e-02
-8.845645375654317966e-02
-8.893189913965308946e-02
-8.851580099841388494e-02
-8.737353690631595449e-02
-8.564708266722893815e-02
-8.345796861546071754e-02
-8.090988518200674384e-02
-7.809097770845110920e-02
-7.507586605671974500e-02
-7.192742061131560116e-02
-6.869832274925866122e-02
-6.543243471562130986e-02
-6.216600104808372301e-02
-5.892870120549115881e-02
-5.574457084003411195e-02
-5.263280718095907085e-02
-4.960847224333700400e-02
-4.668310601486441030e-02
-4.386526038594230209e-02
-4.116096335461297967e-02
-3.857412194157721491e-02
-3.610687127650447081e-02
-3.375987645182868674e-02
-3.153259297226907593e-02
-2.942349094678824856e-02
-2.743024756510528683e-02
-2.554991186474695614e-02
-2.377904531939379132e-02
-2.211384135822035482e-02
-2.055022655303511206e-02
-1.908394587994183961e-02
-1.771063417019955524e-02
-1.642587560670136573e-02
-1.522525289423892411e-02
-1.410438753009547394e-02
-1.305897242351738118e-02
-1.208479795557777445e-02
-1.117777243249148088e-02
-1.033393776345279888e-02
-9.549481086665796356e-03
-8.820742972751118710e-03
-8.144222751656078965e-03
-7.516581436248565527e-03
-6.934642651766143202e-03
-6.395391924180462463e-03
-5.895974631399771015e-03
-5.433692878249459651e-03
-5.006001518616632652e-03
-4.610503515374688409e-03
-4.244944800148177377e-03
-3.907208770131100073e-03
-3.595310537585981805e-03
-3.307391028931222238e-03
-3.041711014119873567e-03
-2.796645133015309651e-03
-2.570675973404857283e-03
-2.362388244919958868e-03
-2.170463084238521186e-03
-1.993672519343609503e-03
-1.830874114137671232e-03
-1.681005809217341095e-03
-1.543080969972417116e-03
-1.416183649271554818e-03
-1.299464068737414156e-03
-1.192134319908903914e-03
-1.093464284361693635e-03
-1.002777770043622018e-03
-9.194488596209291365e-04
-8.428984654733450007e-04
-7.725910850766121944e-04
-7.080317498313776778e-04
-6.487631599037028095e-04
-5.943629973056684676e-04
-5.444414092391394299e-04
-4.986386536298487377e-04
-4.566228987735205668e-04
-4.180881690844983549e-04
-3.827524290661028349e-04
-3.503557977987820636e-04
-3.206588864566406005e-04
-2.934412516063912373e-04
-2.684999573077424145e-04
-2.456482393143598363e-04
-2.247142649645953664e-04
-2.055399826467001190e-04
-1.879800550205637879e-04
-1.719008704741610723e-04
-1.571796275853207009e-04
-1.437034876462402720e-04
-1.313687905877265847e-04
-1.200803299112715894e-04
