-2.914421841981137962e-02
-2.448528032514862146e-02
-2.302254919932670424e-02
-2.394500395549460647e-02
-2.659034133400248884e-02
-3.042179796265145203e-02
-3.500824803117234124e-02
-4.000714296199708170e-02
-4.514991423530948650e-02
-5.022950862198166666e-02
-5.508976728600865902e-02
-5.961639723911990596e-02
-6.372931608351360688e-02
-6.737617941106061048e-02
-7.052692512183476869e-02
-7.316919070781593981e-02
-7.530447859533426214e-02
-7.694496128419975323e-02
-7.811083255519372937e-02
-7.882812369869492131e-02
-7.912691477303789023e-02
-7.903988053199692554e-02
-7.860111904287411799e-02
-7.784521830520309271e-02
-7.680652251155302424e-02
-7.551856508634074983e-02
-7.401364040140147316e-02
-7.232249019097225506e-02
-7.047408425504339546e-02
-6.849547812010012282e-02
-6.641173298269850700e-02
-6.424588554895212245e-02
-6.201895734990321013e-02
-5.974999480097194920e-02
-5.745613272002396410e-02
-5.515267525522854486e-02
-5.285318922890710341e-02
-5.056960580151571849e-02
-4.831232712216575187e-02
-4.609033527730552887e-02
-4.391130139359953471e-02
-4.178169320877115483e-02
-3.970687980749458557e-02
-3.769123253898656878e-02
-3.573822139799903708e-02
-3.385050636945435842e-02
-3.203002341591934532e-02
-3.027806493246716635e-02
-2.859535461038734128e-02
-2.698211674412320099e-02
-2.543814008856452175e-02
-2.396283642968914662e-02
-2.255529407334073977e-02
-2.121432648706118515e-02
-1.993851635041751433e-02
-1.872625528192246175e-02
-1.757577951693165691e-02
-1.648520181206215157e-02
-1.545253984877945942e-02
-1.447574140273317697e-02
-1.355270653693070419e-02
-1.268130706654691138e-02
-1.185940353158942279e-02
-1.108485990119896167e-02
-1.035555622040976349e-02
-9.669399397006273739e-03
-9.024332312916803073e-03
-8.418341431559631105e-03
-7.849463059842716819e-03
-7.315788411220566431e-03
-6.815467604409343287e-03
-6.346712721110621749e-03
-5.907800035431547830e-03
-5.497071517636790278e-03
-5.112935705434664552e-03
-4.753868027185013424e-03
-4.418410653211722779e-03
-4.105171943792580019e-03
-3.812825555364285531e-03
-3.540109259997788974e-03
-3.285823527242570131e-03
-3.048829911981702258e-03
-2.828049286953426746e-03
-2.622459954051730140e-03
-2.431095664389001151e-03
-2.253043573360648168e-03
-2.087442153566674685e-03
-1.933479085392562479e-03
-1.790389142305720679e-03
-1.657452085459908044e-03
-1.533990579995598040e-03
-1.419368143457108234e-03
-1.312987134997301150e-03
-1.214286792488422509e-03
-1.122741323285254269e-03
-1.037858053177724820e-03
-9.591756370087447343e-04
-8.862623335052496410e-04
-8.187143460628888572e-04
-7.561542305254941856e-04
