0.000000000000000000e+00
-1.974021645498359734e-02
-3.572337297719663934e-02
-4.848576685233327299e-02
-5.849564812021167126e-02
-6.616131401429044268e-02
-7.183827905586830098e-02
-7.583562342656838262e-02
-7.842161108164967531e-02
-7.982865910050761238e-02
-8.025773087308456233e-02
-7.988221777868943774e-02
-7.885136692566062366e-02
-7.729330619575588979e-02
-7.531771219498678560e-02
-7.301816168023644860e-02
-7.047420254344254065e-02
-6.775317643427379577e-02
-6.491182153608331118e-02
-6.199768083198287788e-02
-5.905033836655673024e-02
-5.610250348683219757e-02
-5.318096080039669271e-02
-5.030740158927080735e-02
-4.749915063874844690e-02
-4.476980085715234758e-02
-4.212976665411261035e-02
-3.958676579260182737e-02
-3.714623831662289960e-02
-3.481171016702440391e-02
-3.258510821891020398e-02
-3.046703269346172707e-02
-2.845699220394227666e-02
-2.655360608059969749e-02
-2.475477807355965648e-02
-2.305784504896035009e-02
-2.145970386470521726e-02
-1.995691923222162045e-02
-1.854581503409061249e-02
-1.722255126952479398e-02
-1.598318853611154292e-02
-1.482374172317203753e-02
-1.374022438609586588e-02
-1.272868508905328037e-02
-1.178523684285484770e-02
-1.090608062300902487e-02
-1.008752382807805853e-02
-9.325994428343380507e-03
-8.618051457865495354e-03
-7.960392417753474337e-03
-7.349858083503147017e-03
-6.783435143431864461e-03
-6.258257037471736360e-03
-5.771603314944975631e-03
-5.320897785600383137e-03
-4.903705699399534337e-03
-4.517730156650218154e-03
-4.160807920510978079e-03
-3.830904778120103934e-03
-3.526110574178847965e-03
-3.244634021338255094e-03
-2.984797374844993557e-03
-2.745031044277800383e-03
-2.523868202573730218e-03
-2.319939441655744124e-03
-2.131967514612375086e-03
-1.958762196354685726e-03
-1.799215287815656567e-03
-1.652295782913734083e-03
-1.517045212544005685e-03
-1.392573175671728064e-03
-1.278053064082384713e-03
-1.172717984400593579e-03
-1.075856878548941964e-03
-9.868108418085127283e-04
-9.049696360053110676e-04
-8.297683940285737001e-04
-7.606845108419841347e-04
-6.972347153370934058e-04
-6.389723167648921152e-04
-5.854846190359498269e-04
-5.363904958756096500e-04
-4.913381196353500385e-04
-4.500028364748777181e-04
-4.120851806246033505e-04
-3.773090205001916478e-04
-3.454198295570830410e-04
-3.161830749324664731e-04
-2.893827171157882213e-04
-2.648198141085903964e-04
-2.423112237735975435e-04
-2.216883983257738634e-04
-2.027962651798359225e-04
-1.854921886354048415e-04
-1.696450071493085766e-04
-1.551341412117965377e-04
-1.418487671073425467e-04
-1.296870520995440192e-04
-1.185554468319149533e-04
-1.083680309810556420e-04
