0.000000000000000000e+00
-2.187643179321133863e-02
-3.958922811921825047e-02
-5.373272243014508287e-02
-6.482583710364715757e-02
-7.332105383360473794e-02
-7.961235964616941718e-02
-8.404228227032184417e-02
-8.690811622323121877e-02
-8.846742992602234235e-02
-8.894293430504358888e-02
-8.852678453202937614e-02
-8.738437870144055708e-02
-8.565771023429530340e-02
-8.346832454506231125e-02
-8.091992493122325547e-02
-7.810066767192715143e-02
-7.508518188834804874e-02
-7.193634576629638622e-02
-6.870684721979085363e-02
-6.544055393657548236e-02
-6.217371495175460366e-02
-5.893601340696600493e-02
-5.575148793687779991e-02
-5.263933815283560608e-02
-4.961462793888912065e-02
-4.668889871468078628e-02
-4.387070343177781190e-02
-4.116607083621007940e-02
-3.857890843348322357e-02
-3.611135161820552830e-02
-3.376406556533927822e-02
-3.153650571203969050e-02
-2.942714197743197257e-02
-2.743365126300796944e-02
-2.555308224012258281e-02
-2.378199595578485426e-02
-2.211658536682883230e-02
-2.055277653960932080e-02
-1.908631392224303600e-02
-1.771283180433454174e-02
-1.642791382083777160e-02
-1.522714212842177055e-02
-1.410613768106078712e-02
-1.306059285355337142e-02
-1.208629750461968910e-02
-1.117915943275441491e-02
-1.033522005600989203e-02
-9.550666039469055818e-03
-8.821837499670177538e-03
-8.145233332177929247e-03
-7.517514135540075138e-03
-6.935503140851910844e-03
-6.396185500032357078e-03
-5.896706236772253536e-03
-5.434367121127130738e-03
-5.006622691168185688e-03
-4.611075612331099090e-03
-4.245471536543063244e-03
-3.907693598358212214e-03
-3.595756663743145815e-03
-3.307801428432058030e-03
-3.042088446564650359e-03
-2.796992156320557074e-03
-2.570994957198145456e-03
-2.362681383211746779e-03
-2.170732407387360261e-03
-1.993919905334443510e-03
-1.831101299195610470e-03
-1.681214397781248364e-03
-1.543272444054037944e-03
-1.416359377226812785e-03
-1.299625313476998698e-03
-1.192282246575433703e-03
-1.093599967500626709e-03
-1.002902200294739955e-03
-9.195629499567049489e-04
-8.430030570098338578e-04
-7.726869524817336432e-04
-7.081196063545903453e-04
-6.488436620501549000e-04
-5.944367491769397219e-04
-5.445089665617032591e-04
-4.987005274913779759e-04
-4.566795590861620602e-04
-4.181400477932439223e-04
-3.827999231194090571e-04
-3.503992718976333049e-04
-3.206986755973225637e-04
-2.934776634313404045e-04
-2.685332742779735415e-04
-2.456787207161396426e-04
-2.247421487622369013e-04
-2.055654871925920700e-04
-1.880033806328281897e-04
-1.719222008916468760e-04
-1.571991313089924171e-04
-1.437213191754070803e-04
-1.313850915589788535e-04
-1.200952301474470879e-04
