-3.594819514615398698e-02
-3.017316950309047868e-02
-2.782060894299802703e-02
-2.803935648735975117e-02
-3.013324619287822276e-02
-3.353702970389705468e-02
-3.779569823509647264e-02
-4.254675108329424027e-02
-4.750501842288476495e-02
-5.244969589014774475e-02
-5.721329212629614608e-02
-6.167222875162303719e-02
-6.573886582316239291e-02
-6.935475525103232397e-02
-7.248495041316278809e-02
-7.511322275503123924e-02
-7.723805587918609883e-02
-7.886930486177867738e-02
-8.002542358258431243e-02
-8.073117598776946569e-02
-8.101575865598557857e-02
-8.091127201525744050e-02
-8.045148624287690176e-02
-7.967085543353998045e-02
-7.860374018341857727e-02
-7.728380443384173792e-02
-7.574355735685668611e-02
-7.401401534196651311e-02
-7.212446284293533294e-02
-7.010229403954594540e-02
-6.797292002634208741e-02
-6.575972861545367754e-02
-6.348408588331116986e-02
-6.116537034493824132e-02
-5.882103214266268948e-02
-5.646667092179639275e-02
-5.411612716320957778e-02
-5.178158267715533142e-02
-4.947366675634846944e-02
-4.720156515848052819e-02
-4.497312965587746403e-02
-4.279498636751358220e-02
-4.067264148880210539e-02
-3.861058336853612216e-02
-3.661238015963174525e-02
-3.468077249923103705e-02
-3.281776086143421006e-02
-3.102468737866139956e-02
-2.930231205074469714e-02
-2.765088335894408042e-02
-2.607020337913110858e-02
-2.455968754780999547e-02
-2.311841927936512595e-02
-2.174519966544362706e-02
-2.043859250983540155e-02
-1.919696496641967037e-02
-1.801852405525385462e-02
-1.690134933399389805e-02
-1.584342199966159645e-02
-1.484265069024304738e-02
-1.389689424749139188e-02
-1.300398169226719969e-02
-1.216172965231886172e-02
-1.136795747002861991e-02
-1.062050020469138857e-02
-9.917219730647944612e-03
-9.256014119300801785e-03
-8.634825479887236338e-03
-8.051646421018340827e-03
-7.504525282528346809e-03
-6.991570275198854927e-03
-6.510952654489250528e-03
-6.060909043557337166e-03
-5.639743010618447107e-03
-5.245825996078126198e-03
-4.877597675883842826e-03
-4.533565839168012673e-03
-4.212305850483565040e-03
-3.912459759745572953e-03
-3.632735116365601834e-03
-3.371903537973482048e-03
-3.128799078537745568e-03
-2.902316435592083941e-03
-2.691409031622609555e-03
-2.495087000440389044e-03
-2.312415105527556268e-03
-2.142510613875154516e-03
-1.984541145700199991e-03
-1.837722517612214558e-03
-1.701316594270926765e-03
-1.574629161313752636e-03
-1.457007830311491401e-03
-1.347839984712863749e-03
-1.246550774143316423e-03
-1.152601163012647494e-03
-1.065486038142585482e-03
-9.847323790334631347e-04
-9.098974934341883718e-04
-8.405673200481293466e-04
-7.763547994870881189e-04
