0.000000000000000000e+00
-2.224078371201560281e-02
-4.024858661815285121e-02
-5.462764079274915613e-02
-6.590551126440934160e-02
-7.454221580853498397e-02
-8.093830330424890696e-02
-8.544200627903260348e-02
-8.835557068952240578e-02
-8.994085475827631737e-02
-9.042427866158443683e-02
-9.000119791510338696e-02
-8.883976531815876432e-02
-8.708433919185364080e-02
-8.485848928924184797e-02
-8.226764608597471329e-02
-7.940143410381808597e-02
-7.633572541177933990e-02
-7.313444543170209700e-02
-6.985115959468604641e-02
-6.653046620470891293e-02
-6.320921802446735627e-02
-5.991759256825160418e-02
-5.668002883413224974e-02
-5.351604620293561737e-02
-5.044095944766394807e-02
-4.746650221027601951e-02
-4.460136989172679145e-02
-4.185169164679673759e-02
-3.922144006048629283e-02
-3.671278609239576191e-02
-3.432640599597486242e-02
-3.206174613868591206e-02
-2.991725095616085475e-02
-2.789055865869147222e-02
-2.597866876326119720e-02
-2.417808504112528567e-02
-2.248493704282304023e-02
-2.089508298335421288e-02
-1.940419643462916455e-02
-1.800783897535633560e-02
-1.670152068594045816e-02
-1.548075014388055129e-02
-1.434107537014985174e-02
-1.327811699605956075e-02
-1.228759476043697098e-02
-1.136534830617054632e-02
-1.050735312113983133e-02
-9.709732359343905758e-03
-8.968765181970801345e-03
-8.280892173699261338e-03
-7.642718315353904182e-03
-7.051013928951575457e-03
-6.502713954123668337e-03
-5.994915864937471438e-03
-5.524876492435294544e-03
-5.090007980026040914e-03
-4.687873065544001169e-03
-4.316179854754645384e-03
-3.972776225823207268e-03
-3.655643982313745190e-03
-3.362892853252384684e-03
-3.092754422312215656e-03
-2.843576053944671216e-03
-2.613814872015420270e-03
-2.402031835956213324e-03
-2.206885950401976746e-03
-2.027128636553401572e-03
-1.861598286921640642e-03
-1.709215019525377665e-03
-1.568975642891214236e-03
-1.439948839241781027e-03
-1.321270569941486624e-03
-1.212139704519321235e-03
-1.111813872324300158e-03
-1.019605534024137228e-03
-9.348782686725298514e-04
-8.570432708931010691e-04
-7.855560518135133036e-04
-7.199133366921987289e-04
-6.596501516781993124e-04
-6.043370918021752749e-04
-5.535777620877839131e-04
-5.070063835751186659e-04
-4.642855560423642157e-04
-4.251041692817242052e-04
-3.891754549165992502e-04
-3.562351709267948469e-04
-3.260399112666665365e-04
-2.983655332086494684e-04
-2.730056953140372420e-04
-2.497704992176994756e-04
-2.284852287083515520e-04
-2.089891798864708188e-04
-1.911345764842702901e-04
-1.747855647332474986e-04
-1.598172824621694630e-04
-1.461149973999742750e-04
-1.335733099423188296e-04
-1.220954159161811233e-04
