0.000000000000000000e+00
-2.201244978795102031e-02
-3.983537646155162204e-02
-5.406680877594121498e-02
-6.522889553902214144e-02
-7.377693177608263264e-02
-8.010735415066291831e-02
-8.456482007794104139e-02
-8.744847252114244796e-02
-8.901748134812148550e-02
-8.949594220344270212e-02
-8.907720499486442012e-02
-8.792769618917781194e-02
-8.619029205980476005e-02
-8.398729373694047151e-02
-8.142304929938672109e-02
-7.858626314311649430e-02
-7.555202840023152178e-02
-7.238361420534175639e-02
-6.913403606265423884e-02
-6.584743440982840368e-02
-6.256028366246539629e-02
-5.930245151887299920e-02
-5.609812607533696399e-02
-5.296662631790988174e-02
-4.992310979122197706e-02
-4.697918967436762183e-02
-4.414347209739088312e-02
-4.142202329040283598e-02
-3.881877505405324780e-02
-3.633587605989131025e-02
-3.397399561864357376e-02
-3.173258578161389232e-02
-2.961010695456011213e-02
-2.760422159497316966e-02
-2.571196002414941756e-02
-2.392986190720645945e-02
-2.225409653046469399e-02
-2.068056463035810102e-02
-1.920498419586056521e-02
-1.782296237251680335e-02
-1.653005533627266432e-02
-1.532181777559777670e-02
-1.419384341749149389e-02
-1.314179785384062167e-02
-1.216144476656556839e-02
-1.124866651065869680e-02
-1.039947989145746481e-02
-9.610047864411828608e-03
-8.876687790520480098e-03
-8.195876797026407923e-03
-7.564254719553445763e-03
-6.978625037450340157e-03
-6.435954157641658215e-03
-5.933369352835981755e-03
-5.468155616686280751e-03
-5.037751660705265706e-03
-4.639745244760687219e-03
-4.271868004238685637e-03
-3.931989911958619181e-03
-3.618113491200078934e-03
-3.328367877364191759e-03
-3.061002809484241090e-03
-2.814382618714127062e-03
-2.586980268782297209e-03
-2.377371492960493257e-03
-2.184229063147322646e-03
-2.006317219016983452e-03
-1.842486278667404640e-03
-1.691667446673099763e-03
-1.552867830777131426e-03
-1.425165674530787284e-03
-1.307705809909096321e-03
-1.199695331208058130e-03
-1.100399489288863501e-03
-1.009137803408335313e-03
-9.252803864048570089e-04
-8.482444778438055994e-04
-7.774911788213644545e-04
-7.125223814416178133e-04
-6.528778854850296508e-04
-5.981326944474894478e-04
-5.478944829223962414e-04
-5.018012272017415400e-04
-4.595189909666746184e-04
-4.207398580072131819e-04
-3.851800040403462319e-04
-3.525778998737254168e-04
-3.226926383780332353e-04
-2.953023779761138946e-04
-2.702028956236038576e-04
-2.472062425377005669e-04
-2.261394962226034920e-04
-2.068436026375568661e-04
-1.891723026526382864e-04
-1.729911372354509468e-04
-1.581765261061688277e-04
-1.446149148870096786e-04
-1.322019860535411499e-04
-1.208419292680744947e-04
