-2.454977715044865880e-02
-2.761182098125441325e-02
-3.140880557642283799e-02
-3.562656889330918786e-02
-4.001803279322763834e-02
-4.439195312456002684e-02
-4.860332974044079268e-02
-5.254525038311343849e-02
-5.614197150498524691e-02
-5.934306462706524093e-02
-6.211847919190031236e-02
-6.445439243262815476e-02
-6.634973388973942898e-02
-6.781328716024415115e-02
-6.886128452266979116e-02
-6.951542147709820207e-02
-6.980122817619972830e-02
-6.974674338058223233e-02
-6.938144410790750283e-02
-6.873539069934413159e-02
-6.783855272149465210e-02
-6.672028606463867306e-02
-6.540893588362658995e-02
-6.393154373918147337e-02
-6.231364050772975061e-02
-6.057910940124434235e-02
-5.875010583114274876e-02
-5.684702291128562734e-02
-5.488849316772120845e-02
-5.289141854479108978e-02
-5.087102210160346361e-02
-4.884091590858852250e-02
-4.681318060612277288e-02
-4.479845289808454672e-02
-4.280601794191169623e-02
-4.084390418002899897e-02
-3.891897864999656342e-02
-3.703704122509507424e-02
-3.520291658435016624e-02
-3.342054300078917128e-02
-3.169305727733270905e-02
-3.002287535835414939e-02
-2.841176830782463081e-02
-2.686093347748618951e-02
-2.537106079531051273e-02
-2.394239418961073562e-02
-2.257478823102538820e-02
-2.126776012614869926e-02
-2.002053723537514096e-02
-1.883210031573293031e-02
-1.770122270895154240e-02
-1.662650570732394917e-02
-1.560641033642343016e-02
-1.463928579555544458e-02
-1.372339479492496600e-02
-1.285693602368533431e-02
-1.203806397598326632e-02
-1.126490635338828032e-02
-1.053557925216231164e-02
-9.848200333072347143e-03
-9.200900160190631297e-03
-8.591831883621245045e-03
-8.019179429543823664e-03
-7.481164349539167792e-03
-6.976051469986194534e-03
-6.502153471491830920e-03
-6.057834517910086133e-03
-5.641513044574520200e-03
-5.251663805946055717e-03
-4.886819273986571857e-03
-4.545570470217726380e-03
-4.226567306615397653e-03
-3.928518503215902742e-03
-3.650191143559155561e-03
-3.390409922849496084e-03
-3.148056137957212699e-03
-2.922066463091141028e-03
-2.711431550121163291e-03
-2.515194488094662888e-03
-2.332449152448159025e-03
-2.162338470739098070e-03
-2.004052628388978095e-03
-1.856827234913068295e-03
-1.719941468390891182e-03
-1.592716213482764766e-03
-1.474512206099745214e-03
-1.364728195866674824e-03
-1.262799135761686394e-03
-1.168194406752193128e-03
-1.080416083860060664e-03
-9.989972488616361088e-04
-9.235003537465291982e-04
-8.535156381090751310e-04
-7.886596028153653728e-04
-7.285735415649694565e-04
-6.729221313392529016e-04
-6.213920821874827473e-04
-5.736908463387905719e-04
-5.295453862341020735e-04
-4.887010007398899427e-04
