-3.929520217783070979e-02
-3.283979765200049916e-02
-2.996707017012550933e-02
-2.979572416757255565e-02
-3.160429305321388327e-02
-3.480636531918064602e-02
-3.892930058575061469e-02
-4.359597456041418295e-02
-4.850915004206075853e-02
-5.343812216880181737e-02
-5.820733093113025086e-02
-6.268667329339863703e-02
-6.678328174214097357e-02
-7.043456628923945584e-02
-7.360234341329957575e-02
-7.626789857582655374e-02
-7.842784919879597361e-02
-8.009069268891685911e-02
-8.127393955168088491e-02
-8.200174512880444022e-02
-8.230296525705423083e-02
-8.220957139711403128e-02
-8.175536970516228408e-02
-8.097497628181132834e-02
-7.990300757785934183e-02
-7.857345079129092469e-02
-7.701918416708794513e-02
-7.527162150903120297e-02
-7.336045901714700890e-02
-7.131350585157414379e-02
-6.915658265987464914e-02
-6.691347474845993348e-02
-6.460592868091445673e-02
-6.225368289126502475e-02
-5.987452444778763178e-02
-5.748436542695646578e-02
-5.509733348750982945e-02
-5.272587219742193992e-02
-5.038084748459043666e-02
-4.807165727511902159e-02
-4.580634196847350320e-02
-4.359169389155406749e-02
-4.143336428693050744e-02
-3.933596673548068329e-02
-3.730317620030645237e-02
-3.533782311560694500e-02
-3.344198213855304608e-02
-3.161705534051455907e-02
-2.986384974174903853e-02
-2.818264919562372614e-02
-2.657328070868988229e-02
-2.503517534497910063e-02
-2.356742390974942564e-02
-2.216882764215506729e-02
-2.083794417014610267e-02
-1.957312899619697080e-02
-1.837257279080992817e-02
-1.723433477348867982e-02
-1.615637245916936096e-02
-1.513656804289013197e-02
-1.417275168757962250e-02
-1.326272196992129421e-02
-1.240426372786086404e-02
-1.159516354092806137e-02
-1.083322306151930127e-02
-1.011627040193968825e-02
-9.442169768579601261e-03
-8.808829521297429493e-03
-8.214208823051197261e-03
-7.656323032185182939e-03
-7.133247977621683805e-03
-6.643123245597339251e-03
-6.184154595560192175e-03
-5.754615612435578197e-03
-5.352848692688701865e-03
-4.977265452461308685e-03
-4.626346637533239672e-03
-4.298641606942861168e-03
-3.992767454775210910e-03
-3.707407827870638165e-03
-3.441311490994035209e-03
-3.193290685308807636e-03
-2.962219320791522562e-03
-2.747031038474107619e-03
-2.546717174081255478e-03
-2.360324650712847337e-03
-2.186953824676235447e-03
-2.025756305374217317e-03
-1.875932767275068211e-03
-1.736730769405890693e-03
-1.607442595496256415e-03
-1.487403125832645074e-03
-1.375987750044712493e-03
-1.272610328411726173e-03
-1.176721207833090295e-03
-1.087805297333460869e-03
-1.005380206854238545e-03
-9.289944521045721392e-04
-8.582257273924126907e-04
-7.926792476171956462e-04
