-3.731075100815205159e-02
-3.307004414753479671e-02
-3.175191905280019128e-02
-3.260507108672557053e-02
-3.501693848090695754e-02
-3.849198556870114807e-02
-4.263306401997694201e-02
-4.712544377515125171e-02
-5.172315703413888494e-02
-5.623734400631416608e-02
-6.052632891957022976e-02
-6.448718968222395820e-02
-6.804861517590328479e-02
-7.116487094742365849e-02
-7.381071751929359215e-02
-7.597714605464045423e-02
-7.766781404838782321e-02
-7.889607938590990910e-02
-7.968254478952259412e-02
-8.005303660564534740e-02
-8.003695228591668764e-02
-7.966591997297607641e-02
-7.897272148243855705e-02
-7.799043682319348192e-02
-7.675177434733346238e-02
-7.528855578197052312e-02
-7.363132986740068830e-02
-7.180909219689583789e-02
-6.984909219952104009e-02
-6.777671109607504019e-02
-6.561539714851723215e-02
-6.338664666677260029e-02
-6.111002107886459589e-02
-5.880319195053344827e-02
-5.648200719350960491e-02
-5.416057285770981000e-02
-5.185134588826121466e-02
-4.956523406651603542e-02
-4.731170006522512905e-02
-4.509886714932878626e-02
-4.293362456066139587e-02
-4.082173105052808865e-02
-3.876791538012860916e-02
-3.677597290518539591e-02
-3.484885760655638542e-02
-3.298876913059050481e-02
-3.119723456801231504e-02
-2.947518483381489016e-02
-2.782302561783171410e-02
-2.624070296052079601e-02
-2.472776357460405167e-02
-2.328341008364062312e-02
-2.190655138600235141e-02
-2.059584837931597093e-02
-1.934975529815689474e-02
-1.816655692825471999e-02
-1.704440196508713243e-02
-1.598133278466462234e-02
-1.497531189053202469e-02
-1.402424529436152069e-02
-1.312600307867792596e-02
-1.227843737981781751e-02
-1.147939801765490708e-02
-1.072674598631760852e-02
-1.001836500740070808e-02
-9.352171334289026416e-03
-8.726121983374711399e-03
-8.138221555323078490e-03
-7.586527797251806267e-03
-7.069156044829973985e-03
-6.584282671946750307e-03
-6.130147664793853500e-03
-5.705056426982263798e-03
-5.307380912689604879e-03
-4.935560175816260282e-03
-4.588100414711670724e-03
-4.263574584207861784e-03
-3.960621639448038897e-03
-3.677945469304345124e-03
-3.414313571017133734e-03
-3.168555512032350530e-03
-2.939561219837614949e-03
-2.726279135872951634e-03
-2.527714265291382528e-03
-2.342926150439677592e-03
-2.171026792393481071e-03
-2.011178541686860916e-03
-1.862591976498813046e-03
-1.724523783973639854e-03
-1.596274658035004481e-03
-1.477187224982890422e-03
-1.366644006317431796e-03
-1.264065426594313240e-03
-1.168907872664616196e-03
-1.080661809370477662e-03
-9.988499556409808494e-04
-9.230255239452882579e-04
-8.527705251988087955e-04
-7.876941404703674586e-04
-7.274311601925631619e-04
