-3.814089008842723449e-02
-3.375328884769112497e-02
-3.231124275515589311e-02
-3.306016394346431714e-02
-3.538464719220912880e-02
-3.878669700948300658e-02
-4.286703962742594021e-02
-4.730911078241387124e-02
-5.186536190533734547e-02
-5.634557278345441594e-02
-6.060689862301973929e-02
-6.454541440456278145e-02
-6.808895006635018454e-02
-7.119103689385551659e-02
-7.382580899103322047e-02
-7.598372426630101151e-02
-7.766798733836126345e-02
-7.889157246834771486e-02
-7.967475833213802372e-02
-8.004309840405791909e-02
-8.002576114562946763e-02
-7.965418326983363106e-02
-7.896098724926430001e-02
-7.797912110222181281e-02
-7.674118445324382143e-02
-7.527891003721148833e-02
-7.362277429866548317e-02
-7.180171461783815823e-02
-6.984293404899463709e-02
-6.777177735237444045e-02
-6.561166459744702251e-02
-6.338407076412426455e-02
-6.110854161537654372e-02
-5.880273769906858156e-02
-5.648249969349235233e-02
-5.416192947037110073e-02
-5.185348223754712021e-02
-4.956806596427515421e-02
-4.731514500519345967e-02
-4.510284544220933417e-02
-4.293806017201139830e-02
-4.082655219401166297e-02
-3.877305491078384542e-02
-3.678136855053233678e-02
-3.485445206749514940e-02
-3.299451007898431681e-02
-3.120307456351049946e-02
-2.948108117875143652e-02
-2.782894016585393815e-02
-2.624660189188746107e-02
-2.473361714878037979e-02
-2.328919237785399832e-02
-2.191224002675963914e-02
-2.060142427247928232e-02
-1.935520236199329142e-02
-1.817186183288540743e-02
-1.704955388093543772e-02
-1.598632314181634012e-02
-1.498013415035529504e-02
-1.402889473426926180e-02
-1.313047659053799728e-02
-1.228273328221165042e-02
-1.148351588194274076e-02
-1.073068647627790223e-02
-1.002212973206438595e-02
-9.355762713478581877e-03
-8.729543125377834181e-03
-8.141476146074940259e-03
-7.589620000365026632e-03
-7.072090411792762710e-03
-6.587064061804455764e-03
-6.132781172634619617e-03
-5.707547320561099681e-03
-5.309734576545324485e-03
-4.937782062260494438e-03
-4.590196001097505279e-03
-4.265549335916203263e-03
-3.962480978061883215e-03
-3.679694745473863476e-03
-3.415958041551352825e-03
-3.170100320785727323e-03
-2.941011381991604900e-03
-2.727639525243484141e-03
-2.528989604322756917e-03
-2.344121002573658526e-03
-2.172145556529169862e-03
-2.012225448472221030e-03
-1.863571086218467976e-03
-1.725438985819781421e-03
-1.597129670568930545e-03
-1.477985597613886782e-03
-1.367389121643460817e-03
-1.264760503465349678e-03
-1.169555969844497537e-03
-1.081265829686937950e-03
-9.994126505261248083e-04
-9.235494982802536093e-04
-8.532582423868054732e-04
-7.881479276717429181e-04
-7.278532136641135139e-04
