-1.803504129147343732e-02
1.106851957903131622e-01
1.332018660037680435e-01
1.372690031979874881e-01
1.416393170837910165e-01
8.432827780157912956e-02
1.388966262332115287e-01
1.741962609314524069e-01
2.411642394058686190e-01
2.248990859398644626e-01
1.562276092062593047e-01
2.123521002507925970e-01
2.471329784369093174e-01
1.640480024778709911e-01
2.546707429395504985e-01
2.487639383134225002e-01
2.757885794190003681e-01
2.403049758792869806e-01
2.566361025581554989e-01
2.247802485126331740e-01
2.305545447288856742e-01
3.004000490351086405e-01
2.298839712389831036e-01
2.378172000731295088e-01
3.573020318887998314e-01
2.579173191889050920e-01
2.120910830753737486e-01
2.146988339775910137e-01
2.801507870606548267e-01
1.882785434694391191e-01
1.751510274241346032e-01
1.520015487497948237e-01
2.144552257392840777e-01
2.915705314745072885e-01
1.847299803195062984e-01
2.171390651846242248e-01
1.620623669348342233e-01
2.588506157445139566e-01
2.037558418572399388e-01
1.603326642673675584e-01
2.232985294655142339e-01
2.065681280148909671e-01
1.951640711804396300e-01
1.356350948400431022e-01
8.568430913879877819e-02
2.017535914429868793e-01
6.953845320067221503e-02
2.108812630038507385e-01
1.691061925099301422e-01
1.427403108460570114e-01
1.527007057827663161e-01
1.931036787260435317e-01
2.060756506990911729e-01
1.593139140355963879e-01
1.508184745823145378e-01
1.416711795627801362e-01
9.025728014961013901e-02
8.680189014266065373e-02
2.074932221625876427e-01
2.329315480256019255e-01
9.528212461007228018e-02
1.521093218106991385e-01
1.586835072666466229e-01
1.296841436471187770e-01
6.345476676438416286e-02
6.432898165711797844e-02
6.643347214497816178e-02
-1.221482773226328228e-02
7.690549669445639197e-03
-2.361406606962080518e-02
8.470981623190268484e-02
1.247150481223236046e-01
-2.491179069589501485e-02
2.618884941360347454e-02
6.745144910398987760e-03
4.059195859500335651e-02
3.592507888676970546e-02
3.728199548215631320e-02
1.019471470842806676e-01
9.946846096848492580e-02
1.366360367313777802e-01
-2.924777797215925845e-02
1.108521343895812472e-01
-2.443513060805973993e-03
-1.796653063978074019e-02
9.415967829602435446e-02
-1.669517480148881641e-02
1.621684063540538429e-02
9.679792317589686057e-02
7.661106751303445317e-02
3.761021686022159027e-02
4.576451762157078551e-02
7.149747537259021346e-02
2.828427572377768123e-02
-4.111785116252705818e-02
-8.441204771593584927e-03
5.586596607663347341e-02
-1.858515847895649345e-02
-3.346470623598281672e-04
-1.195567000402700773e-02
