7.602792396779456386e-05
2.681212387063543215e-05
1.784804717541980623e-05
3.894870470343874454e-05
8.511593461758941708e-05
2.356198330974663266e-05
3.508771988805652639e-05
3.056118288793397835e-05
5.591610888474623549e-05
1.687250333703449478e-04
4.929826127634611376e-05
2.707118106192526821e-05
6.581139131070776530e-05
1.975386150368289119e-05
5.882134647559772884e-05
4.459885726157049605e-05
1.201697186582763831e-04
1.288640206134187595e-04
1.290251744524082539e-04
1.095008264711575213e-04
3.171022053154473971e-05
1.915425101553464509e-05
3.476853966128658159e-05
4.130956746516205948e-05
5.324386725482760905e-05
3.062860896519227684e-05
2.294871327927763005e-05
3.890189475721363241e-05
2.592028042454833098e-05
5.354734954300610585e-05
7.596692686255487057e-05
1.795588857116485731e-04
7.566138179547078732e-05
4.994480884711691041e-05
6.315546872739834022e-05
3.840633903173406081e-05
1.464590282460948161e-05
1.055849589544999252e-04
1.043360758563887958e-04
9.242450215437202023e-05
6.278930373503110226e-05
6.619207588656674402e-05
1.489027556806887787e-04
4.532984361183845250e-05
1.820560031345194924e-04
1.134573387506479359e-05
6.120675521236929495e-05
9.085955944497701672e-05
4.093948099134223025e-05
5.492635827505177253e-05
2.484295708624376800e-05
1.184235202359167381e-04
5.771645002519988610e-05
6.504411771629433616e-05
2.066831465441776577e-04
1.297996451732119963e-04
5.640185752472437665e-05
4.137075937965006188e-05
1.048977697117754184e-04
4.685831704893113987e-05
4.207829545872802588e-05
6.790963319751491844e-05
2.789419055490545020e-05
1.095353699810199427e-04
