-4.794400176966959193e-01
-3.536564474370111899e-01
7.631262991886772484e-01
3.187964734860539440e-01
5.921559136236479448e-01
-6.693916159081225725e-02
5.634479735798172406e-01
2.136254678756203396e-01
5.449036625574096293e-01
4.388689175298279288e-01
7.847568628255159329e-01
7.506944809176018252e-01
7.391731810679188497e-01
7.879424697152477286e-01
1.253816656049100975e-01
8.287643785836806831e-01
9.363731872793977784e-01
9.514469808011595253e-01
8.659408715549026248e-01
6.167783103618271756e-01
8.135010114730950592e-01
-3.525270570644045143e-01
9.690303129345843036e-01
5.652270857408003835e-01
4.087712818715806828e-01
9.257411232476165930e-01
8.252950634448683598e-01
8.410372263662259096e-01
9.003852310535048753e-01
-1.351089039980319859e-02
7.806735946401991422e-01
7.649099802842341811e-01
2.732206849219853129e-01
8.527900665905062683e-01
2.893025807495113177e-01
6.456146556553239435e-01
2.977811761936147161e-01
9.054017170040040696e-01
8.604169073971550397e-01
7.248451693062107903e-01
3.634303419154289450e-01
7.394143380781804664e-01
4.444316158328295296e-01
5.425435384048065135e-01
6.034225526111756110e-01
6.330560199201996641e-01
1.620505051967553733e-02
2.459681204368105167e-01
9.070496721333596302e-01
6.751072245808563688e-01
7.977032732269763171e-01
4.621067561591526984e-01
5.807071195515006723e-01
7.384871750532435719e-01
8.959813639959997023e-01
5.966223530191057112e-01
6.220064721598185242e-01
5.409238240116414076e-01
-1.423127731903268793e-02
2.034425040218353908e-01
9.539026369908162328e-01
2.390796882102485532e-01
-1.551447956415473971e-02
4.400430130650872518e-01
2.740772250783551356e-01
6.328375843077821417e-01
6.903216643774381378e-01
7.258551086137300656e-02
-6.444267199817289848e-02
8.518559078932895767e-01
7.991889508923905039e-01
1.670658108786859664e-01
4.538062913642252894e-01
8.334229978408435047e-01
4.093528916229743908e-01
1.383977805999349053e-01
-4.269217218110479273e-01
7.449952928568849275e-01
6.494950048178170787e-01
5.662600550183177761e-01
1.968780898411993663e-01
6.413357359247224831e-01
3.789395751245415722e-01
5.667461384182000961e-01
2.589512061285715872e-01
5.875497314995372644e-01
1.927124347072871335e-01
1.985065098602969424e-01
6.775833623306981579e-01
8.685388507397774349e-01
8.293157772211013912e-01
7.517622986701136822e-01
2.428376925652888929e-01
5.763772183503276247e-01
7.073203096234850773e-02
5.090655081515924607e-01
5.049636477252008593e-01
1.133476840822019854e-01
8.415048042851845933e-01
5.592810159222715294e-01
7.680221341955171255e-01
9.052979001030625472e-01
1.086802555170395951e-01
8.572454226101207109e-01
5.189432704563170518e-01
1.622401835839443751e-01
3.845809635384905834e-01
4.932160403930136439e-01
7.682994413790995569e-01
9.403281739112521187e-01
3.304252387255761092e-01
2.443121345646139253e-01
3.963409253069948290e-01
4.822042570009679729e-01
-1.587785737831610283e-02
6.885954133697883561e-01
-1.151842818538508922e-01
2.609352143971174209e-01
9.020500791276703234e-01
5.383614222801577087e-01
8.293819875510489714e-01
5.922148077079434358e-01
6.700968219969617445e-01
3.002833855678191388e-01
9.182773981564159790e-03
8.635832083346989263e-01
-4.874973615561632723e-02
8.726801882270199817e-01
9.456588869856584756e-01
2.054811269109002025e-01
-3.456397916579554558e-02
8.036780543466134352e-01
7.001340013117317573e-01
5.056531179075360871e-01
2.092792815140600560e-01
7.632764927522508458e-01
4.411844895894175278e-01
6.294875103327977062e-01
9.155645566392059953e-01
8.386894180600511506e-01
7.830959990745836041e-01
5.704872290704304794e-01
3.139858994820498017e-01
1.668801917449529992e-01
1.625492034686318865e-01
7.432823354262824145e-02
-9.634531456488758250e-02
9.375151161633279440e-01
9.056165732537285740e-01
1.995493366974894489e-01
9.213013329324645229e-01
7.393706140127412896e-01
-4.168842740104932720e-01
8.446561015722415799e-01
4.030491770263754936e-01
5.269987216493613458e-01
6.469791168365975897e-01
4.344110811697103613e-02
6.967090270927261964e-01
-2.700349203477791366e-02
3.893348981259623920e-01
-5.543239804570833373e-02
2.967481820879717611e-03
6.646262063977201318e-02
4.272984752926314855e-01
8.190388326135367159e-01
2.191888797472549555e-01
6.316391613749458012e-01
1.526787505549202784e-01
5.858498289165835482e-01
6.806999034573256724e-01
1.582638986329763797e-01
1.889280411088616884e-01
4.483243965663599728e-01
6.371727641123241526e-01
6.411830354481976579e-01
3.357170894213059031e-01
7.015678631661910192e-01
8.854889302896454817e-01
1.605940063156915953e-01
3.023408545624877708e-01
4.655757795506057506e-02
4.016691374961270933e-01
2.620249648080221205e-01
7.884441809500799536e-01
7.961895746480369684e-01
7.698119605830595624e-01
7.868610909219236893e-01
9.065068461864078664e-01
2.260322236844364008e-01
8.617648096604925145e-01
3.954215525620966010e-02
2.001790431560320216e-01
6.980793689766605636e-01
5.585417566471765349e-01
5.702889895585893099e-01
-1.050327041664311928e-01
4.814255991234014376e-01
-2.331168003448186310e-01
2.733180975009397162e-01
-1.104894211159248262e-02
6.853518158980522745e-01
-7.550366628999238827e-02
2.560177249056401205e-01
7.724253579006550297e-01
-3.445878325679070653e-02
7.404579459398991093e-02
3.332993066497246248e-01
8.261019657185250109e-01
8.517076686169449129e-01
6.625718400872037117e-01
4.318839944734452763e-01
4.239393894670225316e-01
8.438925052220642709e-01
5.021798250689274434e-01
8.405890478848320191e-01
8.367880993883901608e-01
7.869610631565039649e-02
2.524936906248946289e-01
-5.607156175179044827e-02
3.742369472410617126e-01
5.129912695205485207e-01
5.362479588685399312e-01
8.682869622998137249e-01
4.019071433218930900e-01
4.210524772642926239e-01
5.721271315783357236e-01
1.395714597996458584e-01
6.108648303376249533e-01
7.773063042911644294e-01
4.064091447234276511e-01
5.191476984739928913e-01
1.544641001868789498e-01
6.702032259044745643e-01
8.068007852228249455e-01
2.394462377391525509e-01
5.199319185820890921e-01
6.877083659191134402e-01
8.282504304238347270e-01
1.109769199760383129e-01
7.008665867867652777e-01
-1.491119863860542738e-01
4.689797331655410906e-01
6.367952041094930848e-01
6.367855640524275884e-01
7.894881305562085894e-01
2.839333249143499716e-01
8.146413288539290365e-01
1.974486932928715410e-01
2.171934718549551890e-01
7.448454662984821395e-01
2.977407545288575097e-01
7.419842497901649736e-01
6.775615932246953355e-01
8.543877430904872616e-01
4.893416829808251989e-01
9.330734118827430645e-01
8.261404097218486564e-01
8.582893141342819998e-01
9.453861963285191683e-01
9.498074036569069678e-01
5.987503307476527148e-01
4.585597124077567255e-01
9.259390330390366852e-01
3.174423417892083821e-01
7.632490670864595650e-01
5.252936180930372068e-01
3.632331886709073143e-01
6.042549949463775494e-02
8.778875944306407941e-01
8.129119224943484046e-01
6.490686933264576686e-01
5.247358432900706138e-01
5.203234232653032310e-01
8.155165359276761450e-01
7.947958666623854418e-01
5.129879583578623725e-01
7.748612753321120206e-01
9.138681159636452556e-01
8.457261694363271687e-01
7.908075884902973085e-01
7.352124483993062176e-01
5.270053927838759256e-01
3.715867942219638342e-01
-2.521220038806122887e-01
-1.467001511061737928e-01
4.895352098401128393e-01
8.915630961192539949e-01
9.419275021153994398e-01
7.178439932778793997e-01
7.676838844831154196e-01
3.451992249809350821e-01
8.274372707017594308e-01
7.772170966673445092e-01
9.290434134985711134e-01
9.012739434441928710e-01
4.634030999900915493e-01
6.645459578158487979e-01
7.647262854462297810e-01
-3.137886519823340770e-01
7.862493173593321227e-01
6.314426088817843841e-01
6.292672022736335302e-01
8.394613162620585545e-01
9.155952735084169625e-01
4.013599519843086827e-01
9.510379357393611288e-01
5.462642030132717208e-01
7.726420563150567800e-01
9.160610460925134868e-01
8.883290697949559611e-01
6.769308166886289779e-01
9.331494299523018787e-01
-1.716740692572720772e-01
8.549582551537547870e-01
9.449052447222554552e-01
6.260549037077226542e-01
9.200965337122120058e-01
8.442600566228904979e-01
5.364643061107307043e-01
5.731984908890758179e-01
1.062875503346492195e-01
7.053056781826690935e-01
4.266018390124647897e-01
5.855874819578578139e-01
3.422124229135321549e-01
2.498840187717344397e-01
8.285448020770384003e-01
8.970440493614717514e-01
7.629762916775880699e-01
-8.909605380090328264e-02
2.269267519894849205e-01
3.513525054519448521e-01
3.983190896546962012e-01
6.533325567958339075e-01
8.071495270106833209e-01
3.663671584512423474e-01
-6.226534823678990527e-02
4.454700032884336691e-01
7.345463991244558510e-01
3.980808103893841987e-01
4.035077941270006630e-01
7.763844372316957010e-01
2.682345711521467169e-01
5.492801384647543195e-01
2.599089825797129549e-01
2.107091968275452420e-01
1.469624201449778456e-01
7.347886387668003394e-01
-5.562856632573378451e-02
2.913476256101756867e-01
-3.090917330952562825e-01
2.920275099059189694e-01
8.230197803226005915e-01
3.112015610696999834e-01
9.263145437132040971e-01
8.204711816019480963e-01
2.046642602475332029e-01
4.999035572511886794e-01
-2.790435704767259620e-02
6.094661419974587435e-01
3.218410851437137343e-01
2.139917076236309557e-01
8.226417489478319300e-01
7.241581121160582668e-02
4.551878190504618504e-01
5.225172699171785062e-01
2.489812889553557618e-01
8.663421007151278497e-01
3.506577525860440914e-01
5.095380655937489268e-03
6.868903644624531069e-01
5.026299752716792968e-01
7.781891589800379316e-01
4.902060917438791354e-01
3.270691927963217949e-01
-1.218515104613723532e-01
2.360219666089567736e-01
8.211707679724450371e-01
-1.111568574642805285e-01
3.962131076608955693e-01
6.242453478012457424e-01
8.333111330724313204e-01
1.720991102598077027e-01
9.279731289081782908e-01
5.342731717222116705e-01
2.444142682907484709e-01
8.267571580609424098e-01
7.432232525730744221e-01
7.185769492441740347e-01
5.967637244276291497e-01
8.828516613389689738e-01
6.922988557569722534e-01
4.997870631194466506e-01
7.755328373491577887e-01
-5.417819763893028800e-02
9.186530297331014783e-01
9.246214238218544157e-01
6.986356011583738645e-01
5.937905408520156580e-01
5.984978361932241642e-01
3.473721493598671550e-01
6.938010314945074475e-01
5.515607706564785717e-01
8.262574415551900975e-01
3.473980944169250407e-01
9.421339466569490506e-01
8.790825478828122597e-01
8.736738507885024596e-01
8.473035883799562296e-01
6.650084430743796737e-01
9.376803263120644383e-01
9.025064591386982027e-01
-1.116423584878918907e-01
-4.740975149846112652e-02
8.117527097695479421e-01
6.467843006406256423e-01
8.735796486673818029e-01
6.223881105200963493e-01
6.529748911646099385e-01
1.354781511450678100e-01
1.319306430315660139e-01
4.818837805105252170e-01
6.410021386600709414e-01
4.710913002231788549e-01
3.849673338168677628e-01
6.959296235917452611e-01
7.323352133583516110e-01
7.725696447540144618e-01
8.537946593214310598e-01
6.187133700370340827e-01
6.223380179228404918e-01
-1.693660507946008198e-01
5.130510073904998025e-01
3.992245092140613294e-01
3.705406486456026549e-01
4.953339234644006661e-02
2.404063100239436368e-01
4.430609290443177084e-01
5.385981139076732038e-01
6.462766029300934939e-03
1.911014628893800416e-01
6.383228186899639889e-01
6.967148146423499666e-01
8.207126439615543001e-01
8.502319269185978357e-01
8.162336318247724876e-01
1.965945109659715528e-01
7.279437665556275361e-01
8.584066477218071922e-01
8.452191488820243181e-01
1.258644781082962072e-01
9.442343639520577314e-01
6.306689944581232998e-01
6.297028081183210224e-01
3.745781599664704808e-01
6.516352450380936689e-01
5.299808132307929354e-01
-3.101890673179346844e-02
-1.772763682416047537e-01
1.609519974657512564e-01
4.869015206250232319e-01
5.873999972273528103e-01
8.130251758189998013e-01
9.735643648545420081e-01
5.050201229213127085e-01
5.283111752405333927e-01
2.795678269462135712e-01
7.862358691915740661e-01
1.696469227987968953e-01
3.422017426794008443e-01
1.124057691246839463e-02
7.916027898585356048e-01
2.244488825303456447e-01
8.962603605364044546e-01
3.524886662547819238e-01
5.643104989784680781e-01
7.435344481091071822e-01
7.113621218191692464e-01
3.990698496326428035e-01
5.776811604358251806e-01
7.282582804114733355e-01
8.329069501812377263e-01
9.319843316058139537e-01
7.956026815462771129e-01
8.855412727466338563e-01
8.566335011925511889e-02
5.741024844730515664e-01
1.318197079523779625e-01
2.279425763220035428e-01
6.868894053755039142e-01
3.631817328104560150e-01
9.154569526032950710e-01
8.287051774230870249e-01
7.086679416499803708e-01
9.792841024978922448e-02
7.462299289977447625e-01
7.022115990810282593e-01
8.935237824558213138e-01
5.013795781463005197e-01
5.781822084837251463e-01
5.875794756120956974e-02
8.131370264301450712e-01
3.159998181943884932e-01
8.202713752641173084e-01
7.426874263506574314e-01
6.573767836967738809e-01
7.417264277085910962e-01
6.373457497181783671e-01
6.447164358912067517e-01
7.731987577611840745e-01
1.277888286139613194e-01
1.594973724785103686e-01
6.669284890320407166e-01
7.117412226983010903e-01
-2.457396415650214272e-01
1.346735285897279755e-01
8.983403526650441950e-01
-1.217816522062688533e-01
7.812962962905007913e-01
6.463325967814003148e-01
4.330754930698609284e-01
8.557871966697840893e-01
6.659381820304656197e-01
6.471911477651255407e-01
4.565047646744423981e-01
6.604827551662074692e-01
1.986171383228974574e-01
8.713189073135911844e-01
6.934570602110554649e-01
8.027076840889213472e-01
8.666592137125855855e-01
4.052418004692491249e-01
6.888789564958760492e-01
9.133456162046935667e-01
3.933349472102067867e-01
4.197973690125938462e-01
7.809130366255697675e-01
6.016705618419261326e-01
8.626787066026220252e-01
8.578127858260693461e-01
7.522536034969767860e-01
3.330234667793317560e-01
7.200338916162820624e-01
7.640148448886305843e-01
2.793053008360146805e-01
4.951735923357967195e-01
8.577828727973927370e-01
9.542333939996073822e-01
8.392828172568077560e-01
7.198421759101758521e-01
9.315111009065413228e-01
-9.450949242295614283e-02
6.841656239089169422e-02
8.365736269300561023e-01
2.593728223636257990e-01
7.606661137060517497e-01
8.174069911851298276e-01
7.591006650002931622e-01
-2.076278011727185346e-01
6.146765500467660237e-01
6.797832220221645683e-01
2.991915665596076024e-01
-4.499134588175469629e-01
1.098501546253251582e-01
2.066499554545191131e-01
1.856931977002876100e-01
5.745518574559930203e-01
7.958573972497356985e-01
7.796893791268776353e-01
4.256434685399623219e-01
8.222771046426865515e-01
4.714962894496539381e-01
4.892399567432055285e-01
3.673324981618429907e-01
8.738555349943835093e-01
9.611505419767583103e-01
7.857548850254116868e-01
1.878349951706128340e-01
8.306030155872241583e-01
6.603236068711642037e-01
9.155947441377695339e-01
8.023236266974694830e-01
6.885179521910974598e-01
6.838308188041669622e-01
8.987679497031405562e-01
-2.112752182332932119e-02
4.768120974236109144e-01
9.623713396853021962e-01
5.743089017604648960e-01
7.223611675340133598e-01
5.311856891615277521e-01
5.558848701556227262e-02
-5.613868506261249225e-01
1.375535683259716258e-01
6.057370316281414091e-01
6.468237757092093476e-01
3.222479120649449635e-01
-2.301042624792556390e-01
1.944184332450788755e-01
7.207778027373371588e-01
9.540082286616764495e-01
8.451098086516061203e-01
9.471756009072848093e-01
2.737681432250069213e-01
8.646838966858803044e-01
9.127247919354510852e-01
5.937787613235814277e-01
7.646751016622749253e-01
9.238382987511194466e-01
2.752682333319015906e-01
8.930267293918934257e-01
8.786866922959353232e-01
8.704682775855375754e-01
5.943271040780578884e-01
6.501158249858628446e-01
8.489187952541150661e-01
4.207168764043025533e-01
3.558689772223165848e-01
5.634509921863561921e-01
9.545453168971498870e-02
4.388572623399306094e-01
7.550738292606060664e-01
8.241244932697374681e-01
8.057513332615405810e-01
8.197951307645628960e-01
8.706810974048618812e-01
8.780614463436111627e-01
8.079871663147609739e-01
8.414615681018414728e-01
9.123519399955929421e-01
8.261054595195213013e-01
8.510181793708035958e-01
5.980895579322227373e-01
7.936545442262764594e-01
4.523614953153737850e-01
8.326954417098439976e-01
8.478361338325268726e-01
6.550683751186172632e-01
9.291075769255403571e-01
3.052837649055404334e-01
3.480037697637038130e-02
6.006122972078835609e-01
2.247074869367975958e-01
1.022917487434275713e-01
8.220578830156475281e-01
4.710217238404206808e-01
9.333298076439555668e-02
8.913394507098966191e-01
7.136446418022831528e-01
7.855484082628640952e-01
3.860580212440697934e-01
9.163685357036917001e-01
6.443111309475250126e-01
6.732979848111947385e-01
6.955310534689173041e-01
7.062314000271892045e-01
5.104633780662648501e-01
6.327240987027475949e-01
3.856178894023856163e-01
4.553873897088280831e-01
7.599523304841714344e-01
7.159427067243955278e-01
7.538293884234498199e-01
6.071415046778141367e-01
5.476170357587942794e-01
9.591189935798993815e-01
5.706860002635527618e-01
8.603488777592903647e-01
-3.461278269241647720e-01
6.920175474908040192e-01
7.736683825067115494e-01
3.703505243523311785e-01
7.983429008559386197e-01
5.746383578842237938e-01
8.080646264042948834e-01
7.376489453287882192e-01
7.020547605637657007e-01
-1.758293758893861303e-01
4.794888258532878367e-01
5.545231335131507455e-01
4.185048423310850918e-01
3.443280810067884945e-02
8.707383935065996505e-01
5.940504979713880918e-01
1.124631214537626794e-01
-1.754844475568058393e-01
6.875460819844964044e-01
7.642888257704103516e-01
8.213526884881692247e-01
-2.174076595086145772e-02
4.828087467518181741e-01
8.533222193642143738e-01
2.870005472449477790e-01
2.771502264816811945e-01
6.376645278903915193e-01
6.312339409384676303e-01
4.095239764659978632e-01
4.482002663711414092e-01
6.005033212920591890e-01
8.091195788775912279e-01
5.399109318667645319e-01
3.386659148355791737e-01
8.330156018392963491e-01
2.806518090470216942e-01
5.688975630089808666e-01
7.209258911336436926e-01
8.889054944968868277e-01
7.235490220689683172e-01
7.264791212076475713e-01
3.623220132456591025e-01
7.533610094467987350e-01
6.903355541737745682e-01
6.072100877807103947e-01
8.333872785472463685e-01
6.604899957521734866e-01
9.178911087124153045e-01
7.727530417746929503e-01
2.028233693333045817e-01
1.492423903552725639e-01
7.728137775121125541e-01
-8.821120984090874417e-02
8.578474438681312764e-01
3.341883392371645112e-01
5.899441907187608081e-01
-6.494488532210690446e-02
3.471019115392268706e-01
7.590211716944521569e-01
-1.451846027286558261e-01
5.610183060092508445e-01
7.837165389000830817e-01
1.650764428946666917e-01
3.343525010560561284e-01
-3.878466981899713478e-02
5.026777959501683712e-01
8.033036388820489204e-01
3.453280020615017709e-01
2.483125652949221829e-01
6.651759998123999429e-01
4.616987274355669468e-01
9.683198353850547280e-01
4.005634903946377889e-01
-2.880512710452916986e-02
4.947473073671277422e-01
3.151880239553851437e-01
8.912705018976383453e-01
7.958878674533612640e-01
1.702400734169352281e-01
8.800344678894926886e-01
5.578724280858244899e-01
2.380161882872799950e-01
3.945207846326705958e-01
5.397824475736223704e-01
8.729671736141102478e-01
6.488980691584455007e-01
9.360654232086279558e-01
3.894129005604750060e-01
8.592143111701522340e-01
7.246338234499942743e-01
7.805461079891250487e-01
6.547073706577214436e-01
-1.298395893955241465e-01
7.473508016868914972e-01
-5.332189744000349202e-02
8.182709761014136385e-01
8.723298262372356504e-01
5.881266814231479456e-01
7.591631532777127767e-01
8.744864132159405612e-01
4.744768034308914917e-01
9.426045450050957175e-01
5.530581505712732771e-01
7.244564268937769835e-01
5.260424796368227129e-01
5.988369298084227355e-01
9.313572500126345854e-01
3.789436867647697493e-01
1.860160665553258277e-02
8.362540804630645974e-01
7.409937836161546443e-01
8.887970465353913774e-01
7.871959871645143325e-01
9.422983537391482756e-01
3.912424407514651925e-01
6.156446665673552809e-01
6.344714006284088992e-01
8.033352347855525766e-01
1.138480928711047141e-01
7.147849688632391674e-01
5.822677581322588392e-01
3.654701502834936666e-01
1.360223622823839573e-01
9.095835021701443868e-01
6.749096109179896219e-01
3.939005452832186061e-01
3.338140974201829203e-01
-2.395276168196399935e-01
8.080781650407053984e-01
7.853385803839392221e-01
4.083852179709659413e-01
5.130495239781430739e-01
9.452205132487426775e-01
9.164776151651500280e-01
8.986460335061292604e-01
-5.786709978597485982e-02
8.459627366689539407e-01
7.036068162852435748e-01
7.519029482020795907e-01
6.042182387540322858e-02
1.759356459567052999e-01
8.469268783214789487e-01
9.186869948557909726e-01
2.514457901527879513e-01
8.611970987179483616e-01
3.544885011020286747e-01
6.761093748246739255e-01
6.546312796521481792e-01
5.612745616088115064e-01
7.735246386098624249e-01
6.983467735169924806e-01
2.350936624940792585e-01
-2.386252314872472080e-01
7.845557245422977166e-01
4.157225465586746327e-01
7.807237926754632129e-01
3.418666718224367407e-01
6.368405749315598774e-01
7.139260781247391829e-01
5.900590645928269762e-01
5.100694967795871282e-01
4.305638208388284927e-01
8.512505851848917171e-01
2.375526904069359124e-01
8.160183974068057067e-01
2.314048131117397988e-02
6.979868921919273328e-01
3.102846403202897396e-01
6.121457163790804401e-01
4.617628124489951968e-01
4.877549284246300298e-01
7.432277152614282789e-01
3.646527287654688920e-01
8.364762937141425603e-01
7.019134172432374141e-01
8.249026295492836169e-01
3.699753669731720707e-01
3.550348639119839667e-01
6.087568092211307347e-01
8.512472725586101019e-01
2.704455015191716272e-01
9.414881433812828382e-01
5.209444110374126247e-01
6.467031310590161119e-01
5.653551034420640775e-01
8.204413473796682288e-01
-6.991740710139854320e-02
8.282113861412958578e-01
3.698315358799247887e-01
3.865346391978209950e-01
7.424978347321427030e-01
7.961361823062784726e-01
8.608311915580817431e-01
2.824184707418004314e-01
4.053828296950393595e-01
2.487333083745787432e-01
6.580049858737164747e-01
9.217046460017127574e-01
9.222331019364266025e-01
5.371837876845457771e-01
2.818803810986704184e-01
2.346237288393078491e-01
2.052277100878647786e-01
7.865229044641122713e-02
7.136845991217157792e-01
8.265349189577665401e-01
6.477080504855143861e-01
7.926172289336973487e-01
2.871838543071748157e-02
5.114879084964660816e-01
7.680355249468616696e-01
8.190909882653901741e-01
3.298186265110002457e-01
5.175205016361912325e-01
-4.920796599260968823e-02
2.072400684625009259e-01
4.430307293493785936e-01
6.537853144155915119e-01
6.073807994251554376e-01
2.765587919896378422e-01
6.124262613938008526e-01
4.455335191214129797e-01
8.961040685686225693e-01
6.378285225995062868e-01
7.709217567157327089e-01
6.934556512234053560e-01
8.526963539188145980e-01
2.579352702913336737e-01
4.045226308095628553e-01
1.105473270376220417e-02
9.481855966450316586e-01
3.332007967288680428e-01
3.844541314570772972e-01
4.463887158360374530e-01
7.762571131411174497e-01
7.731976008551680879e-01
9.178632440558647243e-01
8.990334109530324636e-01
2.819131443485791144e-01
7.251849526164875215e-01
6.472270788092572280e-01
8.665774155463085160e-01
2.899593164188739025e-01
4.503410336476282860e-01
8.053100263222358057e-01
5.651733268407412858e-01
5.978467003576195538e-01
-3.350938873900101145e-01
2.255962785102209323e-01
5.034147463824569790e-01
-1.096482938589281309e-01
2.480284478030799211e-01
9.474702311109041153e-01
7.256615235813539400e-01
6.904900246684537723e-01
9.592608502058259656e-01
8.784057273234576746e-01
7.699795922812610049e-01
5.689081195564327231e-01
5.472207990251177351e-02
9.095761680577503228e-01
8.357991457310497418e-01
5.397094910832240799e-01
9.170283347738329427e-01
4.885742748022854909e-01
9.130738999642032949e-01
6.109513919232369972e-01
4.503520782832761693e-01
6.840961925480520955e-02
1.313274322428352181e-01
9.654452980882607394e-01
5.196206358838622030e-01
8.711862329076874856e-01
7.912830284982652618e-01
9.024426386022869062e-01
8.858440159699053629e-01
8.850097290041180065e-01
9.442746808727237040e-01
8.625912876568324616e-01
8.774321320556792703e-01
8.863841497086309973e-01
7.923251439257897877e-01
8.597629469387139123e-01
5.514435128675133635e-01
5.756703753706591264e-01
4.996795946796735444e-01
2.028661381340135517e-01
-3.635827024217889725e-01
8.112629904553734228e-01
5.994815233427326362e-01
8.510169049377352968e-01
8.838070787706023834e-01
8.639666494325477508e-01
7.324223063003755252e-01
6.128157302385960348e-01
8.310392259799723735e-01
6.779966144939100214e-01
9.466212072573703118e-01
4.939843848388058012e-01
-2.768374849748321265e-01
5.615074657847385353e-01
6.003561892725226556e-01
8.158931958104203019e-01
6.921797285727618876e-01
6.404085060290439779e-01
8.278160958077981357e-01
9.123682392282816966e-01
9.407351139829395192e-01
6.493400314002145679e-01
1.344237738450365094e-01
5.918462047003826276e-01
5.179457366683437591e-01
2.080676799289030710e-01
3.799344444021599543e-01
5.285788434859952645e-01
6.607753950632145878e-01
6.657312318158482567e-01
8.883071932935729942e-01
8.578815142563411822e-01
7.305952835556803748e-01
2.375167189098797149e-01
4.793162865577809684e-01
4.418686108023078818e-01
1.463555779847293750e-02
4.084503291097652533e-01
9.237604105029938450e-01
6.588109135790555237e-01
9.456591012151038811e-01
8.940091176067462841e-01
5.569955406292439459e-01
7.337657574575026098e-01
3.988677869122054243e-01
8.946193102329130786e-01
9.091030838447941020e-01
8.506389395203919346e-01
6.709070253562756658e-01
8.705586197508323743e-01
6.953623604215170007e-01
8.858903968990227140e-01
-1.014103902217406150e-01
3.323544534144610707e-01
7.833873582598303020e-01
4.336911401971076802e-02
4.270019859147796137e-01
3.916360638642335523e-01
7.096779548022263961e-01
5.649382909532911778e-01
7.267404935868055915e-01
4.762738638908470268e-01
2.596547609019172476e-01
3.831342213821626458e-02
5.354274053539779393e-02
2.646828510732435191e-01
3.532050478389075349e-02
6.403004858070121541e-01
6.442402831097213678e-01
8.899135763352895578e-01
8.450158648647178652e-03
7.649719548289264370e-01
8.308521435585016768e-01
8.278110759027106358e-01
7.391582810831901496e-01
5.084726567943222975e-01
8.112538277447225443e-01
4.426541567780096775e-01
-9.947224769154082435e-02
4.069131196706245457e-01
9.153486302216505832e-01
8.353504110740332944e-01
7.843269811442750428e-02
7.584231889023407280e-01
2.642832785835751985e-01
7.864138938707877780e-02
8.436237821504628531e-01
2.192945324956268593e-01
2.581789977772290801e-01
-7.521935928486861433e-02
3.247818162026150368e-01
6.256445139757170759e-01
3.219737754382132056e-01
1.115782434670483103e-01
6.251351969764519234e-01
-2.898708640361841865e-02
7.668589047399836378e-01
9.188249442131587452e-01
2.995907477081992676e-01
8.685029634122048980e-01
-1.343460803851272492e-02
9.428232511451841713e-01
2.699635762259260940e-01
3.634733512879669282e-01
9.260047469107860474e-01
5.283849132549836014e-01
9.200465521392626744e-01
1.011441002932944311e-01
5.240975995125503328e-02
4.275134058982508201e-01
5.687366214225972882e-01
7.455067033250232233e-01
4.240982933839822500e-01
1.115637241221310860e-01
7.010619326190210554e-01
5.116259272963028515e-01
7.038810557552448444e-01
9.310098351719715559e-01
7.281977801098205028e-01
8.643627608186277289e-01
-6.602049162225190337e-03
4.763315653687660856e-01
3.289554803413416439e-01
8.745080058761824926e-01
5.995654492471907959e-01
7.876961702768139340e-01
5.307952049437358877e-01
7.914668205286975455e-01
1.804518219342640117e-01
7.081694328709764452e-01
7.692272260701071840e-01
2.653167979269178689e-01
5.930693788171144121e-01
5.204309918920055900e-01
2.649051982794532467e-01
4.289340892208168970e-02
2.322241626601332376e-01
7.381390558450183492e-02
2.782856024877761181e-01
7.838891736707596092e-01
1.837551556644033968e-01
-2.353722267473150054e-01
4.757985872961922325e-01
7.441019641126545014e-01
-6.190646636783693653e-03
3.167200084680745209e-01
8.446090450423408003e-01
4.166636652371884242e-02
8.244183112124586765e-01
5.070561888738477352e-01
8.079139052829292789e-01
7.693429453193568746e-01
2.666466278751689067e-01
5.922005111730420657e-01
6.096212489509456045e-01
4.168032586967652664e-01
8.559471246708778569e-01
7.986445507066107785e-01
2.757017547005091718e-01
7.153951197265633333e-01
-1.150796814859157829e-01
3.922250538228540528e-01
1.878056460452805498e-01
7.929015952822858759e-01
6.365422026664581123e-01
7.581722902566188083e-01
-7.164458214031076133e-02
6.726754922250524626e-02
1.532619879827390452e-01
3.678975183365363333e-01
6.104251242009579581e-01
3.207010726126003353e-01
8.740312265938396941e-01
2.427685844890993261e-01
-2.090818257798336965e-01
3.846483539272119168e-01
7.057408284032512524e-01
1.052837148507203835e-01
6.691474529608705257e-01
7.059553925800698959e-01
7.433569096406990040e-01
1.195385753089034733e-02
5.290688819135891396e-01
-4.088653418847827681e-02
4.605470966736623373e-01
8.836267791502087077e-01
6.143987225588932732e-01
8.311853594758771002e-02
7.708285204054435846e-01
4.071089305207432063e-01
6.154454046135349188e-01
9.177188472510080519e-01
8.031243588369667563e-01
9.076332115558114477e-01
9.203640931582905971e-01
4.762095685876437390e-01
-9.265813744201453761e-02
4.872460074788350637e-01
4.381138157853329829e-01
-3.263396172630914638e-01
9.415287716095895876e-01
5.271585058329979478e-01
4.720670230303221082e-01
3.135499383387239658e-01
5.043738824894558048e-01
7.438093984554420279e-01
7.782113876571391531e-01
7.755104198996769505e-01
5.604452069833044670e-01
7.352766055157708980e-01
-5.338314580871318382e-01
7.582120434362844552e-01
-6.621632999584113610e-02
8.508315098555689904e-01
5.519867119498674812e-01
8.876664574833809107e-01
6.534794738954561311e-01
4.625399307707310226e-01
5.817567501579339329e-01
6.755425314135211912e-02
-2.801181346252207827e-01
7.074102862936103575e-01
8.400497359197568459e-01
8.575360400015604734e-01
7.213730891369656284e-01
9.417681822403151104e-01
8.278409308129310862e-01
7.704298944752430156e-01
8.626976153170649031e-01
4.606199326557524620e-01
7.612230798963426359e-01
5.950860239789492745e-01
6.041286726672057128e-01
-2.527756147491123928e-02
7.785867561262063141e-01
6.333764246378903451e-01
3.296861471163429202e-01
6.683044972118342697e-01
8.651223314374913986e-01
-4.953421083378342638e-02
7.887601425935684141e-01
4.442796227941513965e-01
8.942481978017498001e-01
8.465201783610313280e-01
5.432260117735915328e-01
8.297365661851254792e-01
6.164066418325613306e-01
8.177142381898468981e-01
4.322367863968585855e-01
1.650277487824080569e-01
4.525344149191498286e-03
1.901456203233913844e-01
8.859966020620748672e-01
4.655402281090891825e-01
4.449586424799332196e-01
6.879753724915487201e-01
5.533928869516313576e-01
8.847893429130969656e-01
6.178153692010969200e-01
5.851087384708496264e-02
8.972093491195070047e-01
1.221069195782638755e-01
7.759476164649058427e-01
3.297072115750230847e-01
2.724793047805292856e-01
9.509268591032407070e-01
4.320094092020224097e-01
9.381651440070879477e-01
8.582352779720404667e-01
8.105694288567240058e-01
7.553852844715381876e-01
5.891331526248889672e-01
2.977938110706236929e-01
3.272329562424390603e-02
4.201330033911488404e-01
5.478460127725123252e-01
5.380082511253434507e-01
7.658492346561506237e-01
7.607957571500616467e-01
3.525929786624040219e-01
5.541827450623124651e-01
8.829042191173457343e-01
5.675817708651722526e-01
-3.939137525905492265e-02
-4.901374656340601321e-02
7.439890945042310078e-01
8.006588758460249089e-01
4.913788936904902038e-01
5.175307425581340270e-01
6.297544577546155820e-01
2.458317999473897397e-01
7.286870055764745890e-01
5.229684789124534605e-01
7.123560213721018552e-01
8.219175429958360812e-01
8.377748306163130820e-01
2.296272223970581283e-01
8.253070874099979193e-01
6.508898215400567011e-01
-1.329214842154981431e-02
6.060584203805780001e-01
7.854317631980317627e-01
6.393548113096116925e-01
5.994315270495329528e-01
7.998859838209998463e-01
6.478347416914995716e-01
1.712482162796836738e-01
8.122153443259449990e-01
5.493155620143284068e-01
7.839609406518290857e-01
4.792518140172813967e-01
3.880911309753987126e-01
4.935417134802854155e-01
8.819594660287033427e-01
8.798562084914587356e-01
-3.747160395294633073e-01
8.149462189626113240e-01
5.871826296428757086e-01
5.260679626900189865e-01
8.869865129667815484e-01
6.819400240395970814e-01
3.533814585951867149e-01
7.500739059966762268e-01
9.013834005844919561e-01
3.727426310180649849e-01
7.522258521665596831e-01
8.669661322661438296e-01
3.343794304689620134e-01
4.795290802414955977e-01
5.376962334159296475e-01
6.559431425769030044e-02
5.608421964746527211e-01
9.094412431156146948e-01
7.125532033003141308e-01
2.810104460265115955e-01
1.427518370690114557e-01
4.442198064803181690e-01
8.429739106563756412e-02
4.611457386876917641e-01
1.385873258713109235e-01
8.859601184609184887e-01
8.842795414619993855e-01
9.831887937244379594e-02
8.001746600353125682e-01
7.173530123720402996e-01
7.299815492729779809e-01
8.778939358982594809e-01
8.246005840229978512e-01
9.154183676539078274e-01
-5.111347800395465296e-02
8.947307455379529539e-01
-4.291589170902475607e-04
7.451642000946024913e-01
-8.181719354795716215e-02
7.061998811636285289e-01
3.668660266932627367e-01
9.080105545423983182e-01
9.101829996990264959e-01
6.058397502392302014e-01
9.521839924353736606e-01
9.237526751340839615e-02
3.565411336295310485e-01
2.527492533921811835e-01
2.757439834105946952e-01
4.528974748453490906e-01
4.118628262142562946e-01
4.184024249121220396e-01
-1.858409626774243928e-01
-3.790394551418341251e-01
8.313086352389137401e-01
8.277710686711704513e-01
8.293362975391966874e-01
2.636750861532829449e-01
1.765244909379193872e-01
8.402205869092064239e-01
7.063114551606255453e-01
5.756182306697101847e-01
2.826801159521476481e-01
2.702260992677217311e-01
8.017178574962207094e-01
3.522009757569245503e-01
8.475760940441436908e-01
2.088898662204304035e-01
6.764150259735123294e-01
7.756096591124823636e-01
8.085684477902742584e-01
8.374143449014681551e-01
4.922039924285273593e-01
6.036551796299388650e-01
5.651133903407793424e-01
4.063617538843112414e-02
5.308146459667018036e-01
-3.346969683521473088e-02
1.547111519565029791e-01
2.124322186093685061e-01
1.142267898533773918e-01
6.725779651150411986e-01
7.138094769533884776e-01
8.397496834408774147e-01
1.023648250603438059e-01
6.612825221847852264e-01
2.987450636681475702e-01
8.186007854106015502e-01
8.799772991896183116e-01
4.014742340809545618e-01
-3.277447762676052867e-01
5.527062273731201403e-01
1.503517651787180109e-01
7.601754315970365994e-01
-8.383827955596541426e-02
6.017757878841158981e-01
8.666054576423692923e-01
2.341475147904100718e-01
8.497098124079748294e-01
8.791658142747889038e-01
7.775599060330173895e-01
7.517278850622134412e-01
6.251572832523902279e-02
7.990046224400394470e-01
9.101298869026311911e-01
8.631552427961818319e-01
7.092529490692324190e-01
5.286376682387975423e-01
6.513260357581077686e-01
6.362043963147627490e-02
3.283130111262193007e-01
7.695666691948355176e-01
7.591101506777535590e-01
9.203449150874052354e-01
5.534399578079874926e-01
4.356837769369854563e-01
6.277054919663561661e-01
9.511271604293207726e-01
8.420641339576246942e-01
4.346213312868832390e-01
8.634034294530813503e-01
8.178122676738339702e-01
8.482262642024325228e-01
2.914898143073338388e-01
3.868095550015253625e-01
1.681422435756911860e-01
9.162990188859951868e-01
5.712550967810517966e-01
1.090991315316541255e-01
9.050433557305602728e-01
5.864771457920040509e-01
6.460016773040767879e-02
2.593908628146778805e-01
4.291189151521916934e-01
3.287316469669297470e-01
7.850545078464917781e-01
4.064239304063774205e-01
5.022500779777322455e-01
8.475236077083811992e-01
4.908811817220984919e-01
3.290442626593025888e-01
3.823975010130967189e-01
3.014284674663973984e-01
4.435099171112527050e-01
4.092085571685829537e-01
8.710268771676372701e-01
2.029072932557802467e-01
6.169471164507536187e-01
1.115706820216242900e-01
6.147117885467463516e-01
4.579714276837074105e-01
8.153832850460746018e-02
4.242884579170672632e-01
4.939200531556887652e-01
2.243850330865570786e-01
5.864580067348477144e-01
2.364732614925831311e-01
6.615405753084411256e-01
5.757044388458162354e-01
4.599830355420184147e-01
3.357892665694454659e-01
8.175127990322862415e-01
2.846748887588599342e-01
2.398148233285355146e-01
7.859378431480811278e-01
4.081942182242275230e-01
-1.361764327914454231e-01
1.292460440553425171e-03
2.343995466101664871e-01
3.471795056159883153e-01
4.053959274480658515e-01
7.803929778057242528e-01
5.431021219303205916e-01
2.747992816124819049e-01
8.453097451269415696e-01
2.709146241919422882e-01
7.562267779279719937e-01
7.294913696497521416e-01
8.474868539449793570e-01
9.417343541934312112e-01
3.029256856618554039e-01
7.051334448686537026e-01
8.521190328856036444e-01
-2.600623662982693429e-01
6.642459610924951185e-01
6.052144414627763647e-01
5.015504416936545917e-01
7.908330237920788708e-01
4.519140471220353117e-01
7.252895403208220459e-01
2.682626130496474914e-01
3.834345220940655885e-01
8.481455146658957167e-01
7.613500509523933868e-01
3.509792149025053321e-01
2.195898723579063905e-01
1.349811108987619412e-01
8.345701447777549298e-01
6.648952282888573873e-01
5.457434162265114574e-01
5.604578028410287516e-01
8.624873817062956860e-01
8.208075453466675553e-01
8.173075613169797915e-01
2.706958200396362146e-01
8.822761612219678362e-01
8.698445037182348516e-01
7.651276930332129300e-01
7.737390398150350013e-01
8.208493139060278887e-01
1.007388295116248417e-01
7.187453348441329437e-01
3.794869096629285288e-01
3.909517859391339889e-01
9.049284380312252463e-01
9.564043232852682541e-01
7.181263895616717408e-01
9.572237313345626220e-01
-6.137745511100043544e-02
9.376846667410531078e-01
8.033876777815999182e-01
-6.257777809308185529e-03
6.563489380687821395e-01
7.734950039159702584e-01
8.350178752549602956e-01
8.917794708958068917e-01
9.139855765232269835e-01
5.093134102772673977e-01
9.456294868891957917e-01
8.502145482101904905e-01
7.358970310632313439e-01
6.594412596771814794e-01
4.590986972132708455e-01
5.169047367681225413e-01
-1.776725290037846350e-02
9.439369868911612338e-01
4.556926471827996705e-01
6.634109130282773714e-01
2.268236809810719457e-01
3.526327705529677670e-01
5.403519716907199122e-01
7.873894076485666860e-01
7.509621032667980201e-01
4.160741144474889852e-01
5.144931104926218079e-01
1.474275917342253162e-01
4.959809639349841426e-01
1.128582459039211144e-01
2.290052884342748951e-01
4.787438393661646585e-01
6.029923714270581936e-01
7.552599405931889054e-01
3.594288819049005212e-01
6.166576609263919595e-01
7.289555745435137846e-01
8.317321455239605477e-02
5.804125002309206138e-01
3.029810910182365591e-01
-3.503703404928996262e-02
3.999778098214933075e-02
5.822097514045991573e-03
4.732221677964765227e-01
4.289262721739453554e-01
6.833005767948268083e-01
2.548475814140900297e-01
5.076893974371743390e-01
6.602677364215672196e-01
5.954840527858167309e-01
4.529881188814220971e-01
4.835241414574736329e-01
8.141225043430064812e-01
8.962359357415595751e-01
2.173752165706033801e-01
1.208346163173625379e-02
1.742239683442340370e-01
6.690896835834035661e-02
5.048186850436638951e-01
3.834561050833799056e-01
8.827160572521433046e-01
9.202218972877850289e-01
2.516847126775080823e-01
1.517826057930883876e-01
5.834682747698490823e-01
2.898540790651380483e-01
6.834857502294025000e-01
5.179590213876691385e-01
9.249371697642431167e-01
8.731920860150672592e-01
8.696745774996581524e-01
8.754161753250049305e-01
3.236039911245235379e-01
6.710719943979508439e-01
3.602493578706004729e-01
4.705964264409579489e-01
7.667747061552545595e-01
6.780953895488706085e-01
6.609004028051638224e-01
1.140406782421726078e-01
3.679907038988482482e-01
5.834000328403043945e-01
8.584021074970660248e-01
1.702805301025701046e-01
2.824216410675098876e-01
6.102669815576496903e-01
5.576370193704419664e-01
6.847026644627827174e-01
6.546063547617770872e-01
3.111630141355284374e-01
9.786778904626382281e-02
8.802930825665706838e-01
7.741563425563854350e-01
5.699088870468519419e-01
7.259372289411517576e-01
7.343112974338368293e-01
5.832316827966269601e-01
6.418607363869049953e-01
8.886585690853230357e-01
8.641208661343952047e-01
9.572628414522138529e-01
6.140047536798008965e-01
8.068412108479803280e-01
4.134058389068548944e-01
9.410487651890050431e-01
6.450205369500047192e-01
8.849704397153764779e-01
9.166365026899022661e-01
2.011227594432205834e-01
7.767920914377055563e-01
8.745692659615859899e-02
-2.380499811469152099e-02
3.629919719150897506e-01
4.857288212244958436e-01
-1.178162183122583584e-01
5.696430965779976097e-01
8.935062062971518282e-01
2.662354839627838476e-01
1.907727503827523485e-02
8.178877581205161729e-01
1.100445769915277677e-01
6.971652396606858870e-01
1.929447981152300762e-01
8.574791166330051340e-01
5.336463626179105413e-01
9.383531346772908677e-01
5.507032613102461616e-01
5.835593520351675112e-01
1.832802744260957767e-02
7.338275899447168626e-01
7.718171180169358658e-01
4.368128141379882257e-01
-1.125108926972136353e-01
9.008821553579086094e-01
8.251073235264484440e-01
9.453489775912283788e-01
7.128377949241948563e-01
1.590509317759489782e-01
7.793661582138402544e-01
2.438369622194812569e-01
-6.089326436821097810e-02
3.001085621232454925e-01
7.035534034169094175e-01
7.255256417590344453e-01
9.288410142868370745e-01
5.926075873695735297e-01
2.057677991139359730e-01
1.848593657292906811e-01
4.860379747111606696e-01
6.454947688907500813e-01
9.218043530220414450e-01
1.290836061992995665e-01
8.222731822851362393e-01
5.068069166391004909e-01
3.717304657429050807e-01
8.642884997368790456e-01
2.210817592530067155e-01
5.571373422654068985e-01
9.601684642756048715e-01
8.559917394926856993e-01
9.508049796528637021e-01
4.610367006572549942e-01
3.136077319468025815e-01
1.462807621617717990e-01
9.066239658937621515e-01
4.290357197366063691e-01
2.645591922560010245e-03
7.365455161668948980e-01
7.230938763337676489e-01
8.589629420117550485e-01
8.243382733120943051e-01
-2.659705333187195944e-02
2.529504039189300890e-01
4.978882780583680778e-02
7.676522963482143025e-01
9.271487706664210959e-01
4.997305153224251284e-01
9.372947176117135681e-01
8.024509846308843786e-01
9.437831681461108513e-01
5.656705374249357821e-01
4.843456968495732928e-01
2.756956593098267017e-01
2.181294339290309192e-01
3.570252131401935869e-01
2.956151554348518951e-01
8.898195828002438690e-01
7.172070055061899874e-01
1.937846662762449101e-01
7.262767147685653679e-01
-3.393044978168797687e-01
9.644650786857580371e-01
9.254797924887762095e-01
9.166972268343972496e-01
-2.578610919264209267e-01
1.716552383447529639e-02
5.386455780392591652e-01
7.957831622433617635e-01
9.041917189220205486e-01
9.225800324190862600e-01
-1.672360286096958859e-01
3.660781014425172342e-01
8.131458278596169764e-01
7.822610550794434348e-01
1.856029309601357480e-01
4.849838733157577075e-01
7.855346779157423853e-01
6.342143158717320484e-01
1.822819152295343526e-02
6.479144588947874928e-01
5.495974001993326752e-01
6.804178914102814169e-01
8.868229344422251526e-01
9.485216373047986593e-01
8.164702525247892195e-01
-1.074490246682581474e-01
8.022984927865982607e-01
4.783726896680065566e-01
8.494713898358248194e-01
-3.463535245405247043e-02
7.423318650297932031e-01
4.137319947102568451e-01
2.016361603006312508e-01
7.805742967048311387e-01
7.028078960725689939e-01
3.065649955770556878e-01
9.400284868541320948e-01
5.802874129964138428e-01
3.777831803358255303e-01
3.540381000452967886e-01
9.114709252808977924e-01
5.855373676424041607e-01
9.635950530324407515e-01
5.960215023825218283e-01
6.121364948656271565e-01
8.783738031360540655e-01
5.960067000595995479e-01
4.527153254313684982e-01
3.395635707988918228e-01
-5.727397343085721682e-02
6.791470204394342014e-01
6.739784060432246759e-01
7.358890570000869991e-01
7.286219163601355131e-01
9.315105269026293655e-01
2.766972602579337859e-01
6.526147105148381034e-01
8.632804582902068313e-01
4.520401053780149780e-01
7.090488975493035584e-01
4.045487510678585363e-01
5.880790356075370484e-01
9.579155922555977476e-01
9.492113276497289309e-01
7.093084448222813920e-01
8.987002693745866910e-01
-4.280854398512630721e-01
3.888304054982346658e-01
9.130440072397690843e-01
-1.106951527693399162e-01
6.000561495937737355e-01
8.651538317857032645e-01
9.437077989770626951e-01
6.734937277867136807e-01
4.988017792193367717e-01
7.938098356713283454e-01
3.054605313258039745e-01
9.218780826179688859e-01
2.882084469549392458e-01
8.991221670754292461e-01
3.051767203884723362e-02
-1.427075776768236270e-01
7.715509567348395326e-01
8.203545648983029404e-01
7.540172889276072210e-01
5.681721649478422842e-01
7.210618135687117958e-01
-8.049511436172721024e-02
6.854770533785597975e-02
6.189946510447025263e-01
7.077547784417628218e-01
3.359123020711053398e-01
5.427654429618837817e-01
9.147085739844078578e-01
6.858585546482549589e-01
6.119781597442144339e-01
6.772985042624286578e-01
8.935111199905531043e-01
7.845202077038896382e-01
8.415042742783944707e-01
5.762629650773337664e-01
4.131345207728406299e-01
-8.158123998329831761e-02
9.077041005950067243e-01
5.358294660650414487e-01
8.341821537550087040e-01
-3.565492051988636973e-02
6.768837590434163554e-01
8.062246814238409609e-01
5.267971267327092866e-01
2.699494854635929864e-01
2.410743901538575651e-01
5.123794622500562612e-01
3.229908086368408204e-01
-8.904726463117876301e-02
7.453039685927262958e-01
4.768679659166589202e-01
6.615632538152852460e-01
2.757538586913386158e-01
9.394896487664083917e-01
5.313237678467644942e-01
1.373030833761480773e-01
7.343782670727573292e-01
9.389293715663793449e-02
8.307735729624103893e-01
3.667954595369457005e-01
7.388801161650574434e-01
9.370018059446435510e-01
1.137192256591512823e-01
8.627738694345218340e-01
-6.831734149704900283e-02
8.114002394738835111e-01
7.553923705415253043e-01
9.499651331214220562e-01
3.843577043659146542e-01
8.478900743964674636e-01
6.873962539725154697e-01
7.163487580211860273e-01
1.204750617814604186e-01
2.976483875378043154e-01
9.388471427786165835e-01
4.313351709412344692e-01
4.958598017468746066e-01
8.702246641385188441e-01
7.315028918762122023e-01
2.973137686434415006e-01
7.931154567555038781e-01
7.824091819117828805e-01
4.870940512505644304e-01
9.530071791963623529e-01
8.945813482472979583e-01
8.020663863679027283e-01
6.548815961970203547e-01
8.502742583199948134e-01
4.490202772142486976e-01
6.885132872155156347e-01
2.821935575557231179e-01
8.205871845834992184e-01
8.645491480008395957e-01
8.245948972761203422e-01
6.663904406848493445e-02
5.610051112174649912e-01
3.258771299921047748e-01
3.703895451724831256e-01
6.334110112902877621e-01
8.946784041646403951e-01
-1.427520505830363884e-01
-5.276646979943246107e-02
5.643721425800566349e-01
3.443502439664886117e-01
6.562204442872751620e-02
4.773020177234007511e-01
8.515021653607017793e-01
4.596991797622327347e-01
7.476809342389078017e-01
3.048295469108623923e-01
3.074649474135845995e-01
8.012885518660268769e-01
8.832366365339581193e-01
5.827230932236637795e-01
3.054694361645667877e-01
9.113040157025248389e-01
9.089600195232346025e-02
1.585413207745474951e-01
4.968548278070883395e-01
8.271796706908185470e-01
4.301898728532827509e-01
8.893633463233965308e-01
2.521841062946784118e-01
3.746245064123446822e-01
3.711887989809896649e-01
2.949390677218541867e-01
8.386664230470562975e-01
8.782290156773282508e-01
3.173997849924619086e-01
4.176751395122302868e-01
-1.254201778652569432e-01
8.151280887746102932e-01
1.679099941255470796e-01
6.202152155614862883e-01
3.501341861347839757e-02
7.663587234551736405e-01
2.496866009447140100e-01
6.534530576360160214e-01
7.592654832668526144e-01
6.514468124112332559e-01
7.632490195844815473e-01
3.281881120900470017e-01
2.237086480125042298e-01
8.139607257290789599e-01
7.372509823590013278e-01
5.868435888986198723e-01
2.224698609050488607e-01
6.676952348825088146e-01
9.222037709261020622e-01
4.902613796779192734e-01
2.617661722264877922e-01
8.877572030996545571e-01
4.084104106899429376e-01
8.376975309081089449e-01
6.727184119997720035e-01
8.445435153073320711e-01
9.279814595626466600e-01
8.959344335580766705e-01
6.711844064483720729e-01
7.504572644949043525e-01
8.330054201048179285e-01
3.317147490130257781e-01
7.279876946669310289e-01
6.436087369684887483e-01
6.980626274623067395e-01
2.414634632538966430e-01
9.048136332473948329e-01
-9.855196357215166569e-02
7.408283246196152305e-01
1.896640453729706022e-01
1.569493351237838119e-01
7.360174303852934363e-01
6.469133989354354242e-01
3.738232213240461621e-01
8.663531458824721421e-01
8.270618415661686873e-01
4.453305413279553537e-01
4.877047394050934570e-01
9.158973185252105020e-01
6.818867754221830113e-01
4.007830539711432216e-01
8.497436215413292082e-01
9.088375550853451390e-01
6.375207916887920545e-01
4.163839401563516618e-01
2.876846648825724384e-01
-2.379918742127950515e-01
3.613749320946654797e-02
4.435628578044983339e-01
7.627561868883838692e-01
2.315223193458749995e-01
1.029451638600968055e-01
2.646322466604034140e-01
2.444100949476334383e-01
2.783770291021459564e-01
-1.007682002086865286e-01
6.735801291407201852e-01
3.855314396732530402e-01
6.512940552494713708e-01
2.512766537735272587e-01
8.774554980835038709e-01
5.853508437940835307e-01
5.703158224995065195e-01
4.228403169562368058e-01
1.781585381023507719e-01
2.441982217723541737e-01
7.280953018157464429e-01
7.479080146438411569e-01
1.669738319099156043e-01
7.848293846958349917e-02
5.860745447052637669e-01
5.181722582867204219e-01
7.429148543204632249e-01
7.844583063630247155e-01
1.209324436758044130e-01
6.933625775019909288e-01
4.974737109219264375e-01
7.289703194549310705e-01
7.569811959009234981e-01
9.231975392224682775e-01
3.621803231474419182e-01
5.479200520481216641e-01
7.927035328512914703e-01
8.235216598403926058e-01
9.579722452408701017e-01
6.563188813696647639e-01
4.100712217293828177e-01
5.654357613208004230e-01
6.190648172230603929e-01
9.456792024217509640e-01
3.197051645439935585e-01
3.112298009182860037e-01
3.637734182639865699e-01
5.059232861003641890e-01
7.670918787626759272e-01
5.335272559089644373e-01
8.829841027811383691e-01
6.439425075189635361e-01
8.459364963595306097e-01
5.955525266576022769e-01
6.723286564123269748e-01
6.366212263959878381e-01
9.413037083449806719e-01
1.587977753761644351e-01
8.125227670859902496e-01
6.090622873972751927e-01
