-5.548280955912044884e-03
3.585688025328073181e-01
4.689254917919755683e-01
5.792268410557023239e-01
3.605036342123482673e-01
4.996664880047537727e-01
7.393050324608896329e-01
5.267998241084775879e-01
3.467631477794709260e-01
1.805652029418627902e-01
7.723123574271651970e-01
4.396824801244294534e-01
3.911655604761701266e-01
5.633616061949379278e-02
5.132987535222884867e-01
7.950919003937660934e-01
5.240610111251374770e-01
8.064187762297141404e-01
2.043675176375223390e-01
7.958794794190494626e-01
3.335838430767007479e-01
3.746390876812661364e-01
5.382855017208341142e-01
5.402763101777197097e-01
5.576967527734699726e-01
3.158906976634290320e-01
4.893384540013247519e-01
4.411820115373379925e-01
4.271984354385609528e-01
2.933450252187361773e-01
3.111392449258689186e-01
1.739574634463375291e-01
8.371754056244289366e-01
7.317141613278966839e-01
5.535375692000514825e-01
7.856900257015863032e-01
3.847784507369181317e-01
6.825890529183185063e-01
7.382896621287501349e-01
7.517397731280411888e-01
7.761010667664699492e-01
8.059670474487399261e-01
5.469030172013487068e-01
7.051267126354184844e-01
6.322084289073532926e-01
3.826996996360379488e-01
6.928063111071024460e-01
6.564062114679558579e-02
8.061746566748887455e-01
7.448722724755763025e-01
6.418421515648438103e-01
5.472325169216774032e-01
6.023886617463463100e-01
2.802553052991166305e-01
3.073863241814803748e-01
6.531047440491268841e-01
2.288932395127358799e-01
5.437425179492609839e-01
5.889900051967962291e-01
5.478988430258051601e-01
5.943169021018394060e-01
6.326640393174183252e-01
5.502885499181892071e-01
7.526891822747335814e-01
