4.513801751034183016e-05
4.863939706631036628e-05
4.091850686209916403e-05
4.252083023415684058e-05
4.157234585721716132e-05
4.010427409228511757e-05
4.229379521150787200e-05
2.910659508335043720e-05
6.764447564600159415e-05
5.120778431147821015e-05
7.395989468340565009e-05
6.715121032870819350e-05
4.614600260348366027e-05
6.271008663195821347e-05
2.781536213001629200e-05
7.833043263752051215e-05
1.363160668112864979e-04
1.805596457831095542e-04
7.964368366772029187e-05
7.101903270147761271e-05
7.919006900113429348e-05
3.761754947964438439e-05
3.454090134051717473e-04
3.371324258349493172e-05
3.841326573893466138e-05
7.220870896120184894e-05
9.264322779629163656e-05
1.287850057594071328e-04
8.909739960280842110e-05
6.676577875248634040e-05
6.954529986733303068e-05
5.527422181371735002e-05
1.999738620874518243e-05
6.387497281400177692e-05
2.517429139661904664e-05
3.197441927575969597e-05
1.997412940436380345e-05
1.124481936759288151e-04
4.995859157060946587e-05
4.758438879356097548e-05
2.969394224608092864e-05
3.645272679066682327e-05
4.518846032102930883e-05
2.447711374130680508e-05
2.898019795045686536e-05
3.326776127272531718e-05
1.762892238835903292e-05
3.536769061552424282e-05
8.348901763261779127e-05
3.650342608797355813e-05
4.547117062466402753e-05
3.030661539070158024e-05
4.894264233464045355e-05
4.074494989328478580e-05
1.062468340474214719e-04
2.054869085331310831e-05
3.351015836371975740e-05
2.741378923466755230e-05
2.779269700467936323e-05
2.736913431608574833e-05
1.341689078198407786e-04
2.654206848408538090e-05
2.939627197602706870e-05
3.350470700175040754e-05
1.902993594682633174e-05
3.554979716711252760e-05
3.108619934039313036e-05
1.652695354299748860e-05
2.137960167760369847e-05
6.563943156003700064e-05
5.728186728990417612e-05
1.726632339026674137e-05
2.414787642651949749e-05
3.584260561764463616e-05
1.781649892171310032e-05
2.696843630626005202e-05
2.684018572829654625e-05
3.757721032479956495e-05
3.277931921005000686e-05
2.586304503985911330e-05
1.486674130825771891e-05
2.775680231157839683e-05
2.033474408193966068e-05
3.844559917256376645e-05
2.671045440060084629e-05
2.772794873998337897e-05
2.377037901715247937e-05
2.019531230839028205e-05
4.026347838319700549e-05
6.936849667489468406e-05
4.017100194638898515e-05
4.786099833721887574e-05
1.657363444210627491e-05
4.250292269001942165e-05
1.700965542678284717e-05
2.838115276211786443e-05
2.837840986556984031e-05
2.585087863789105284e-05
5.946608727409643380e-05
5.310188867934931880e-05
4.053116655180835095e-05
9.015814890390975067e-05
1.820363856949857727e-05
5.611050878929161191e-05
3.188607659516106698e-05
2.497289525242601897e-05
3.240186006985300754e-05
2.177974110182022429e-05
3.794914291533231103e-05
1.256527332679638679e-04
3.007578512950219974e-05
2.409894494155980245e-05
3.661239430382804723e-05
3.854889231072673625e-05
3.136185060278623855e-05
4.320290179487959936e-05
3.646333161946259600e-05
2.065803189899554802e-05
6.558180734680473347e-05
6.081171807494990187e-05
5.859812611816863308e-05
3.570467246875498607e-05
3.220377665716596448e-05
3.222262730941496175e-05
2.293311959478757674e-05
7.189924307015476725e-05
2.722330964018821508e-05
6.945276825983256682e-05
1.914928533320684476e-04
2.673078602339515840e-05
3.223091494291863710e-05
8.630694010562885209e-05
6.312073043754962999e-05
3.423682284399336351e-05
3.158220066883897097e-05
6.558926604139800277e-05
3.416221034414485523e-05
4.943719366395251091e-05
1.332715247142414222e-04
8.350969328326584098e-05
6.515924055965657651e-05
5.995081677623230156e-05
4.437566982203617613e-05
3.653925093056611088e-05
3.385947257380895830e-05
3.332468083700861885e-05
3.603372855357879961e-05
2.807613006177001980e-04
9.091528784086092094e-05
4.006200602188216789e-05
1.658555442404996080e-04
5.217764905411308000e-05
6.098723620407056877e-05
7.191369727626117209e-05
1.958475727418456329e-05
2.521643910011900437e-05
3.584499285604201473e-05
2.177265140590624366e-05
2.896415383547597318e-05
2.228538174665165185e-05
3.558781206390999570e-05
2.665853626233069548e-05
2.195086712779303973e-05
2.210118880177983081e-05
2.324482174541976686e-05
5.221556754871444677e-05
2.216885717268193660e-05
2.980763532490993074e-05
2.455621828341570935e-05
4.302557532555493315e-05
5.062535279727616537e-05
3.050806192571637899e-05
2.154603835603763860e-05
3.002238194558254431e-05
2.682803704305816009e-05
2.222828899261292590e-05
2.713094729301489006e-05
4.425272667927480095e-05
7.053685097746980942e-05
2.491597364922949298e-05
2.171700080691084199e-05
3.684704990526121293e-05
1.689213739496000632e-05
2.361604277601277228e-05
4.284657475884722861e-05
5.838902064653085086e-05
3.793920303392954365e-05
6.734454014262143727e-05
8.359520296877422227e-05
2.329762750180485161e-05
6.993603811972185923e-05
2.347886448556528059e-05
2.192003198625303243e-05
4.343015207069203997e-05
3.686010167004821059e-05
3.324087013777245685e-05
2.457231192620295380e-05
3.162264385135581248e-05
2.977437940240211400e-05
2.599892117436431412e-05
2.322423003669388646e-05
5.424644678327705046e-05
3.341047103263937993e-05
2.218610590873059123e-05
3.412149721933233797e-05
2.316625050333910555e-05
2.075373515249754171e-05
2.566306100997880872e-05
5.233941296881840439e-05
5.476370692233505235e-05
2.208943767476398971e-05
3.080955880101501844e-05
2.649809543348200186e-05
4.377432035265864396e-05
3.702349608389278370e-05
5.939048664473041878e-05
7.633588386152847507e-05
2.356443124927215955e-05
3.464994000142926762e-05
2.100024500237260947e-05
2.556498219892731138e-05
3.782454014164202127e-05
3.881821343688858549e-05
5.045617350171986720e-05
2.677682091693113492e-05
3.356436621765536188e-05
2.575850865851490859e-05
3.340031572209568959e-05
3.042227400373997298e-05
3.373975360681573480e-05
3.075191457634634818e-05
4.102192380753050591e-05
2.055458693346917963e-05
2.482884282688294832e-05
4.223089276175132615e-05
1.964102850783164812e-05
2.487272983619289663e-05
4.661803678955394031e-05
6.740558526705916413e-05
2.382693507634665021e-05
4.790374640855440838e-05
2.890141400702332184e-05
3.094934538810179068e-05
3.570679853440003506e-05
4.114717866748410506e-05
4.372495859644956353e-05
3.644403618365566622e-05
4.564858194601316866e-05
1.866128484596577038e-05
2.419510065361798630e-05
4.921070704408893781e-05
3.359709528826256795e-05
5.676715977820202206e-05
3.823820201863220548e-05
4.625238481326516643e-05
3.253305778669461385e-05
8.292134485558129398e-05
7.529656498077777070e-05
5.146792533759973038e-05
1.550214635320672002e-04
1.273620352087065334e-04
3.966211306939190350e-05
5.858997697631155492e-05
1.160021130744089449e-04
2.796424112881918417e-05
4.025226935235771280e-05
3.777814052609601868e-05
4.158856077931792909e-05
4.570130127402106571e-05
8.644281731672197517e-05
5.844568364701878361e-05
3.245629498632245341e-05
3.764062643423595801e-05
3.753790306845422809e-05
9.720805352465560921e-05
3.853490106186789502e-05
4.262937290437495569e-05
6.481722105246787451e-05
7.511385097218168825e-05
5.917451336226671102e-05
4.777655004308984927e-05
6.027887969529698877e-05
3.012540108198765357e-05
4.434772077524188071e-05
5.294695278834994406e-05
3.949714287963729172e-05
5.001044854454876355e-05
1.013715917123792106e-04
1.414082106134281313e-04
7.119592311386051004e-05
6.856337080684508228e-05
4.709119822988594320e-05
1.592657974109856452e-04
5.245303828863403709e-05
2.519477610138341219e-04
3.682545697097021451e-04
3.555909189550763839e-05
5.691960365865064920e-05
7.392661122621194743e-05
5.608607190701176928e-05
6.750143949221488148e-05
5.094485900572189247e-05
9.111730515819573863e-05
2.357763509000935012e-04
1.919306443909584944e-04
6.739573751868940430e-05
1.919949629242606105e-04
5.623421148850683273e-05
1.307144394967168881e-04
1.420338229743584339e-04
1.033008449780443115e-04
8.787436249887780422e-05
1.272430830518491449e-04
4.008505391319657277e-05
1.230316892368637984e-04
2.614754931188333640e-04
7.467887202551773244e-05
1.003257051512953049e-04
1.174354318798979903e-04
5.702308112258164686e-05
5.421691607314495725e-05
2.469048785512859809e-05
3.394765866149657911e-05
3.435343814676164410e-05
4.159059652398843551e-05
2.717389508707660360e-05
2.408819170371291556e-05
8.376047974807176511e-05
9.382919314492560285e-05
5.904819687579137324e-05
2.207822622140521288e-05
2.719663160334877277e-05
2.438466728079870333e-05
3.229526209719940069e-05
4.483632811137218762e-05
8.268155803373403894e-05
3.570091972809118588e-05
2.800738024013627747e-05
2.027035128606893285e-05
4.096355516239411770e-05
3.690391709440958486e-05
4.584096459678217760e-05
4.638308340115483090e-05
5.020220447583065434e-05
4.387256735794240880e-05
2.279987040327713935e-05
3.193463991184238997e-05
2.659023192661587675e-05
7.332148221904584743e-05
4.135928652645570053e-05
2.649835404498299360e-05
2.845966529527838460e-05
2.714606759742557910e-05
6.458624270204457274e-05
2.709535172262291376e-05
9.443746460179920253e-05
6.177859084533712396e-05
2.116494017822371184e-05
2.320938987473388415e-05
2.223109861824215097e-05
3.644517718221886916e-05
2.115850131962378658e-05
2.741792206830042110e-05
5.645766235963731714e-05
1.783166865266600431e-05
4.338714859367856361e-05
3.821021291544512348e-05
2.057156406525783692e-05
4.509097244430850584e-05
2.321356262255643639e-05
2.767603768904096552e-05
3.139490367742997636e-05
4.278068529637579911e-05
7.038318174797751473e-05
2.951874718875753591e-05
1.806557956893941447e-05
2.867806139184390501e-05
3.865478767522057999e-05
4.797208705600372337e-05
2.466042350703160965e-05
4.121892593424656413e-05
3.513984158991005581e-05
6.772982280974888466e-05
2.583122205411120682e-05
1.293397390603710784e-04
3.097016802363500716e-05
2.867649086900931696e-05
6.112579966470036471e-05
6.485478936186763127e-05
3.165935053786665372e-05
4.887991270171984290e-05
7.529665391400674297e-05
4.190397777583994429e-05
4.914072927148394071e-05
5.549674600421053227e-05
4.134652753121495288e-05
1.194786825800738808e-04
1.763744195569612512e-04
7.641026022765232877e-05
4.097453451601601389e-05
4.058354139038207697e-05
2.874338329919952161e-05
5.474309476562855243e-05
5.000275861876887773e-05
6.929258465135619083e-05
3.464740737633695749e-05
1.073835723937197008e-04
5.424031346693980601e-05
9.514278551997657092e-05
7.701010961848538691e-05
5.179301681310668993e-05
1.689298866841907330e-04
1.097756540522376611e-04
2.895461052557543914e-05
4.958259244933423441e-05
6.472255882575279732e-05
6.388405440682278370e-05
6.849035685281222292e-05
4.722392361576271345e-05
7.390368587413911373e-05
3.552848174821006573e-05
2.626542973431020950e-05
1.984118116430277589e-05
2.920329537332454876e-05
2.917980238589319136e-05
2.188234584987911209e-05
2.865239129706813150e-05
5.212220430293524655e-05
3.941561062555747042e-05
7.947730380647005091e-05
3.643279383338043844e-05
2.621203906732656199e-05
1.577335231770341954e-05
2.003742944379304473e-05
2.316411928707204866e-05
1.949887845881064291e-05
1.665460550301969936e-05
2.892004983802629511e-05
2.371404660999025125e-05
2.304186231038139634e-05
1.368773953252034344e-05
3.029378172152848465e-05
3.364173474757122808e-05
3.739166162958127663e-05
4.488342889109411837e-05
6.071542897710498823e-05
3.367038620959802200e-05
2.299693659035971621e-05
3.251796991504292807e-05
6.296731971925634123e-05
4.277524847217619353e-05
2.181760300354794064e-05
1.085857505017840692e-04
4.195179890325782362e-05
3.018828683536624273e-05
2.242656360197055589e-05
5.871827065775926218e-05
2.369470213898984041e-05
3.328799013892153800e-05
2.799974556476388172e-05
3.748778607152840076e-05
3.505988003556245280e-05
3.506022626489665019e-05
5.501036106616639644e-05
2.440762616411940879e-04
4.029890863329894501e-05
2.748215989864931944e-05
2.817562639713870503e-05
9.572244719702173931e-05
2.389714950125616750e-05
3.297813088508737690e-05
2.393822720297629863e-05
5.053892457665588059e-05
2.779028897332370745e-05
9.043113792346514493e-05
2.673265516339620555e-05
4.568566095719542921e-05
6.153927980207996484e-05
5.605414277050748198e-05
3.609229332000769310e-05
3.337063315659614336e-05
5.026996133334815431e-05
1.475157207658725771e-04
1.759538206216987820e-04
5.763490885834186161e-05
7.774182102527254839e-05
4.323335173704523566e-05
5.304911748368693611e-05
3.195312255887626637e-05
2.168107286078541643e-05
4.623067953594014155e-05
2.609916240106804238e-05
1.241751317923451539e-04
6.469320046018269953e-05
3.946279677595264612e-05
3.299461930846555658e-05
4.286450675288799216e-05
3.946710714154350107e-05
7.402745693097501881e-05
3.669076216371992924e-05
3.303818452785323428e-05
2.019633591458465572e-05
6.754563695660491013e-05
3.145239995217149581e-05
6.362669264414516808e-05
6.600780015528071769e-05
2.681127576385682943e-05
6.140872279592680841e-05
4.555918876025382851e-05
5.125985221076277215e-05
4.190124960806177661e-05
2.903559324634454139e-05
2.865875788199521114e-05
6.612793326965572837e-05
4.144618198724384013e-05
4.017019317348950974e-05
2.930942338268318080e-05
7.868886142326032211e-05
4.174152383873109905e-05
1.193323519637669983e-04
4.501648507937849734e-05
5.566509855679745812e-05
8.324903806696744052e-05
5.619138823960485754e-05
7.452617389343506305e-05
4.427513334593940526e-05
3.943021029273156575e-05
3.954077984359446291e-05
1.044630089514311821e-04
4.031201387897150208e-05
6.474661502184652685e-05
8.342626413590110957e-05
5.130639764726776088e-05
7.636843992134002270e-05
1.522809517427837578e-04
3.528378228670279039e-05
5.249740767101262529e-05
8.266395379400831014e-05
5.046824820153649767e-05
6.469164904783200794e-05
9.782580027094135830e-05
6.182150931455415754e-05
5.039257575617196109e-05
5.834398587187335537e-05
7.913149717146442347e-05
4.097988072245425760e-05
4.215701091433442146e-05
7.749298627734417402e-05
3.178934499394648369e-04
6.484291023657314055e-05
7.869782372688274689e-05
1.281379954128666183e-04
5.264440703517813834e-05
3.248036889249732623e-05
7.166256284107785500e-05
2.991927671101179314e-05
7.081501901869753819e-05
1.126048067129854156e-04
8.745283524311954330e-05
3.292394192594982498e-05
6.426882250797862539e-05
9.176025676440608531e-05
5.809856057757704559e-05
4.875467094414555981e-05
4.713290892487237405e-05
3.647208355335084201e-05
4.322933272140702139e-05
5.823866751756388177e-05
7.870013337484582411e-05
6.536131404461549413e-05
3.923987649651715896e-05
6.286045065835486293e-05
5.644917229580101350e-05
5.575049910638975548e-05
7.070780059526395132e-05
1.291715586104959950e-04
2.524122052056368610e-04
7.105459760506063944e-05
3.259813007405750433e-05
1.054206530797832225e-04
5.812685956520965134e-05
1.079766539668549366e-04
5.538994823556031766e-05
1.447310755073608014e-04
5.053329625691334830e-05
9.317400659104047044e-05
2.883223253725644307e-05
5.535234516114473683e-05
2.536833213283658695e-04
4.108755987056639968e-05
4.815950336461209501e-05
4.514137147496916660e-05
4.788351803221956032e-05
1.017182547550358237e-04
5.983329382601304140e-05
5.243452985588088419e-05
5.058008434495308696e-05
2.994367823590356398e-05
5.043757200229214885e-05
5.665841124772321807e-05
7.640210593209216376e-05
2.686372657643554653e-04
8.214836963300051805e-05
1.606286782293517572e-04
5.088369256840794431e-05
8.280106623094356298e-05
1.338337553951223532e-04
4.598524630069929220e-05
1.068094127790694160e-04
3.473508441689698747e-04
5.861034961774632340e-05
1.072070324254168627e-04
8.677343557475722933e-05
1.993914056963406328e-04
9.498368029543807376e-05
4.144175994667631215e-05
1.248235108753970068e-04
5.100169347153470784e-05
3.286370017613933768e-05
4.980176458686602159e-05
4.581726975597433157e-05
3.338898038892233375e-05
5.940685894520967707e-05
5.909265704662687330e-05
6.762585091101346133e-05
1.070043560545343202e-04
1.263142002756442782e-04
9.008003430161928913e-05
7.201187695946198355e-05
1.098522309889836418e-04
1.003643595418718507e-04
1.062884850771275908e-04
8.590378613543884448e-05
7.814240963478432962e-05
6.059883955835359523e-05
4.277249354439434837e-05
7.513417638512902589e-05
9.708530744332972908e-05
5.346578733830045636e-05
1.012584259920293019e-04
1.842266999183779427e-05
2.221369055526101676e-05
3.050551895737646171e-05
2.326974514313273019e-05
2.565627322606129254e-05
4.034527928855867078e-05
3.889532518279331007e-05
1.813762224814554654e-05
6.091194546140834187e-05
3.777090812718923718e-05
6.414318307014439712e-05
2.259075185259718112e-05
7.729230477195735041e-05
3.501914432481425035e-05
3.185533140340222403e-05
2.925123171113624517e-05
4.874106197765215646e-05
4.045081138678416392e-05
3.238982165353071355e-05
2.259831360576160483e-05
1.687808617656602221e-05
5.556160974918828674e-05
4.002700670118900298e-05
4.336515580468609040e-05
4.374876804902576836e-05
2.719192964719459749e-05
1.423251245296714362e-04
2.387449137125035160e-05
5.396346739179064012e-05
3.075500244529862884e-05
3.761760485019890034e-05
4.788306269273689541e-05
2.449459060637692806e-05
4.299173473028951667e-05
3.882446889809308249e-05
4.985752935327091419e-05
4.695810039875498353e-05
3.935245321301040003e-05
1.651837332081960082e-05
2.485619195158594717e-05
2.895514931492156161e-05
2.263023288946766463e-05
1.920755483733514477e-05
4.418388983975510346e-05
3.187599613647824475e-05
1.498309852183924002e-05
2.748381449207293613e-05
3.790471256128057114e-05
3.502242990809157947e-05
4.495438122820537958e-05
1.393962210941263799e-05
2.334467087637551183e-05
5.282485489859558040e-05
2.748199087474056872e-05
2.676395771191643916e-05
2.798442346990522793e-05
1.726781429413353861e-05
3.174883911462743395e-05
4.322995484639928390e-05
2.047017594750689861e-05
4.128972405389807294e-05
2.470010147922632553e-05
2.831326498361754903e-05
6.814940521210777896e-05
2.449665496874042764e-05
3.771177466541741045e-05
3.212419290076788187e-05
5.202728337660556223e-05
6.039556988621018290e-05
3.526772076990046268e-05
4.038364622228968534e-05
3.325358539119735744e-05
3.475769007927093389e-05
2.844787482386863380e-05
3.957772728306571165e-05
2.989389035306692856e-05
9.582860998747946390e-05
4.625620234064237521e-05
3.059744865727256007e-05
1.831145903047626266e-05
5.772788666184136525e-05
2.762179716271049806e-05
6.700764502722308502e-05
4.080730858932241409e-05
2.097284143579120991e-05
1.985338550247872573e-05
2.781250230991701641e-05
3.622319368889145884e-05
3.563455469653092715e-05
4.340798024337315245e-05
5.149441031667012508e-05
2.339571767270687868e-05
2.622307424410343191e-05
2.800507994940140189e-05
2.833693330486341733e-05
3.756664832322768974e-05
3.302791740230304424e-05
2.270611684340302460e-05
6.363998042087807357e-05
2.864967762420668837e-05
1.237617460107687402e-04
2.668266000846236915e-05
2.681737458349907002e-05
4.833496903493779065e-05
5.161414560080692130e-05
6.911699515842194307e-05
3.953475515459915578e-05
2.598538483172292481e-05
8.912420584570434213e-05
3.310301988331691475e-05
4.451036602379366397e-05
2.475964040920178148e-05
4.099088082408510977e-05
7.932810492410739020e-05
4.740773773868272000e-05
1.060911483504045768e-04
3.330189997009371330e-05
5.582473807722435121e-05
5.455926914255945304e-05
3.551133073833760223e-05
4.691961671071970562e-05
2.611149248008159853e-05
3.831160598054331846e-05
2.949157701766005530e-05
4.648471426738546268e-05
5.137058081808178569e-05
3.873797957353299152e-05
8.498992045692480045e-05
7.465451098069064218e-05
4.715839689225098262e-05
2.007558061599166793e-04
6.568866084721084180e-05
4.318698411824113865e-05
3.109571195592275062e-05
5.103520794608004836e-05
9.484042364274633769e-05
3.163806503213652705e-05
3.228619380456334903e-05
5.861606531068145324e-05
6.446180166374366680e-05
9.429618112360209858e-05
5.162762902715671603e-05
1.066292921416900965e-04
5.277476016377986363e-05
5.594911241806143460e-05
3.943298595256252467e-05
6.954890166783024921e-05
3.083240279815027462e-05
3.926014281829812223e-05
4.820431028030964588e-05
3.095353443174638197e-05
2.184669652745209302e-05
7.753376513560568937e-05
3.361601042996336882e-05
2.113419452316706260e-05
2.129974905702210496e-05
2.400968554489763039e-05
6.526107502376092345e-05
6.251342669857092927e-05
2.763731719399469247e-05
3.013539643428282674e-05
9.147567422807476587e-05
9.570329875016127567e-05
7.448079530987216355e-05
4.020823757604233365e-05
5.055570006862527562e-05
4.800233761749616044e-05
3.570419023978160572e-05
2.547433766648889326e-05
2.435728948848662605e-05
7.400348661166260202e-05
9.493429656904896425e-05
2.714554098582132750e-05
8.219417760740657121e-05
3.012304703337484097e-05
2.988027454853705068e-05
4.053010639279848822e-05
3.026141887621083067e-05
3.319572764202236313e-05
2.808722004892691586e-05
3.188717947665794291e-05
2.010475350872509037e-05
5.665818614028122005e-05
3.852827267037890518e-05
2.830102051063301634e-05
2.375040712120267080e-05
3.416262975869637907e-05
3.081155349539794569e-05
3.358864203712440423e-05
4.500608319774230414e-05
2.256006763469172217e-05
4.342902199157171108e-05
1.588330157910361918e-05
4.102185178704358061e-05
2.350031847748674507e-05
4.161005764415366790e-05
2.513319172442465428e-05
3.309793750268653738e-05
2.094762368880412855e-05
1.507346349009547511e-05
2.994586745843281201e-05
1.824411129301452126e-05
6.669127015101892130e-05
4.567702953702337029e-05
7.524323867963674862e-05
2.919738961099788821e-05
1.954526050348663087e-05
3.660205552477595228e-05
5.257703176177692597e-05
2.867528480941821233e-05
1.064943813741512540e-04
2.814737424054488169e-05
4.319354813081042565e-05
4.294626306815783212e-05
7.879271196140512823e-05
3.456250427522107328e-05
4.732345583120202214e-05
2.124548030983265516e-05
2.276336588176886772e-05
4.701521882021084190e-05
5.473668666187099844e-05
8.804964705090662590e-05
3.131107489266856981e-05
1.972103558975818764e-05
3.897642299989407139e-05
2.295522344890112571e-05
7.658062780500446377e-05
6.620485098655684813e-05
3.632174681551907363e-05
2.474876693825678930e-05
3.602043601323384969e-05
2.571192677186514427e-05
2.091055036588024130e-05
4.991508587912647489e-05
5.629100930749084738e-05
3.058004600816426711e-05
4.563249602887602704e-05
2.044054175103124000e-05
3.146676304423802408e-05
3.645598097441075448e-05
5.761820189030040606e-05
1.897849956344912383e-05
2.726157923681332831e-05
3.026637191258713718e-05
2.812486671426856876e-05
3.258702529479746410e-05
4.972482975303201040e-05
3.344108708869859852e-05
2.503540453950794755e-05
3.059580527471058914e-05
1.936855957352029691e-05
7.298068152850356344e-05
3.479849329899038210e-05
4.096784614599985395e-05
3.046665524312143529e-05
7.657700169700475546e-05
2.929747892550339249e-05
2.751918386724850244e-05
3.542132371315079298e-05
8.848559676301100011e-05
2.761268118631636433e-05
2.682513171962840401e-05
2.764789455343472956e-05
5.095109059109646034e-05
6.163580138139261686e-05
1.120781410320841298e-04
7.677823258372497349e-05
2.759002180246099536e-05
5.289582163872445889e-05
9.332524656209664543e-05
9.481064400434854205e-05
2.430625235353395429e-05
4.212135523962088740e-05
6.766146903670838635e-05
6.227296559210349688e-05
3.493769930845996993e-05
2.474018407742657050e-05
3.662294402398497627e-05
4.405600875238734401e-05
4.496073562981424182e-05
5.202650230561198729e-05
1.646086902260857662e-04
4.698489668925706251e-05
4.942261798156528268e-05
2.227964998527835804e-04
8.104897958912470166e-05
7.503424435251402594e-05
5.920347062896208002e-05
2.215627083221014974e-05
9.266488047582703265e-05
7.396422480233794399e-05
3.559543100061217396e-05
1.443703022846619030e-04
3.446488182510805236e-05
1.242989575671673858e-04
4.814753674673429658e-05
3.210410747046282305e-05
4.815478229760876574e-05
3.858333321898150745e-05
1.844909519488440971e-04
3.461949429363722527e-05
1.177988593192463883e-04
5.206998083151196278e-05
8.536291616517135625e-05
1.559970418537807264e-04
1.090992950621854122e-04
1.485832943009842279e-04
5.782016843319859377e-05
8.342776574170660117e-05
1.224175773559204141e-04
8.728269648359076693e-05
1.001075731365407316e-04
4.052104318326883736e-05
4.990875655375163675e-05
3.963137911448955114e-05
2.483895837413584089e-05
4.834952693038247965e-05
1.391166579126068277e-04
3.462951344908762576e-05
7.764046786913923271e-05
1.230194449123102091e-04
9.310670397625574722e-05
9.860653390761687262e-05
4.680240083233153613e-05
5.853081996872680509e-05
7.370480236624700899e-05
1.841706512444560068e-04
6.096001520457543146e-05
4.866152368651331005e-05
4.526934344040929353e-05
4.018964138967453707e-05
8.170246411249809204e-05
6.555266437861437777e-05
6.288310251688633828e-05
1.167956882582233855e-04
1.887430213771946162e-04
3.044149002546128573e-04
7.000932643505192242e-05
3.658684257075128619e-05
5.560991758639777618e-05
4.803780544056736519e-05
2.814218419610756762e-05
4.564440232049779062e-05
4.746357522229873750e-05
7.560381800723956890e-05
7.756276478288465898e-05
1.076177562152837755e-04
6.029559558684757916e-05
8.391134515814756376e-05
8.579885334820148968e-05
3.016442839305767231e-05
5.197571884350235842e-05
3.651964468892278441e-05
4.577714598731897320e-05
1.502192146793304033e-04
6.381107269168069410e-05
5.943708181309259510e-04
1.315550598757738235e-04
4.292630700840868762e-05
1.149803448227971201e-04
5.860097372313395809e-05
5.667391558160914979e-05
1.026604248808396275e-04
6.012754490773982254e-05
4.324284635598615314e-05
9.372550726440788871e-05
5.595514554071443782e-05
1.318750802093771111e-04
2.972881593384140691e-05
3.406335678761148822e-05
5.010193816219131831e-05
3.800696553370920701e-05
4.203033995130694815e-05
4.959565741841687371e-05
7.059174783752630920e-05
5.499044184469530577e-05
5.267358755623387950e-05
5.921568705652940071e-05
3.528889158143622118e-05
5.326027455251511697e-05
3.928318838549094616e-05
3.357007125063950177e-05
3.389943192458098962e-05
4.263509384478363632e-05
4.809828134979772708e-05
1.181910984396683300e-04
3.176851260478989167e-05
5.916015908092330959e-05
8.094500066712759961e-05
8.645315475129896786e-05
3.290045842969044896e-05
3.802658372813173365e-05
8.609686662416797325e-05
2.370407428040845926e-05
2.609434158657692691e-05
4.257680308061661509e-05
1.117251837844691073e-04
7.238339695454692525e-05
1.995118181265634992e-05
3.630961683705172705e-05
2.482435054179711552e-05
4.259936761177452044e-05
6.819195565811188818e-05
2.577688496389781537e-05
3.708653619055629391e-05
3.620168366656913161e-05
3.032895908492336235e-05
3.415299492092118306e-05
2.461085822437283446e-05
3.195241913046011062e-05
4.015554960261081543e-05
3.283693984341596477e-05
4.761051068632282641e-05
1.071027498388728158e-04
3.692974797988779674e-05
5.285741115549847437e-05
3.857096493752839764e-05
1.021072803004638869e-04
3.406606252940353217e-05
3.312936184015614590e-05
1.356666131353056277e-04
4.381318482607127939e-05
8.789512287399437016e-05
2.209993484102339888e-05
2.946330194830657035e-05
5.790860924649384616e-05
7.954047984298797638e-05
6.493884158359150560e-05
3.536967376910707552e-05
2.998479468631873006e-05
4.037679082670606951e-05
3.428164606681122098e-05
4.028783468037852751e-05
1.036634083883530692e-04
5.956299763542016691e-05
8.351700551876963874e-05
2.385766164679785874e-05
4.492609402158526615e-05
2.915985024439270019e-05
1.264782365037082641e-04
4.867498174262009577e-05
4.859701132198413772e-05
7.051816037046724985e-05
7.012105490075449003e-05
3.273742429000983911e-05
7.545771911329429509e-05
5.580211337656390709e-05
3.418816680525497097e-05
2.160131003422083244e-05
3.288296995283063390e-05
2.549396735762990394e-05
2.581797383418727107e-05
4.015169406951259981e-05
2.629335251255433416e-05
2.600573010757949584e-05
3.963329697411662871e-05
2.613428060594047219e-05
3.344655356276059660e-05
4.237228480175468290e-05
6.425631997000406774e-05
1.859643417300616103e-05
2.261797482635354061e-05
6.015050061260120325e-05
2.610464746336282383e-05
7.322907864616877362e-05
3.796762603306333135e-05
5.191086465890473365e-05
3.959077169904935364e-05
4.417341426540673336e-05
3.790271658786975524e-05
3.487267583588360908e-05
4.066852301427022995e-05
4.943525313578458791e-05
7.510356340211268541e-05
2.916291737456541783e-05
2.887896787729743670e-05
1.641507821584914633e-05
1.830679616085663009e-05
2.839797423711296230e-05
3.497625050467544614e-05
2.398987649852169494e-05
4.131452081427168505e-05
1.288682356901364005e-05
2.279213377557183880e-05
1.374274990531141656e-05
2.004224217290718777e-05
2.258645789951741636e-05
1.697160812880067410e-05
4.457342691338862773e-05
2.681296775476333625e-05
2.436228453510122806e-05
1.896527269485478391e-05
3.688261295426472752e-05
2.184994345228206481e-05
4.786315863477431508e-05
2.358311369824412921e-05
3.524001762216597559e-05
1.693333172747266190e-05
2.042296185544878619e-05
2.898177987828387222e-05
2.227063294976612843e-05
5.441305659064668793e-05
6.126999709396841181e-05
3.154729766021008693e-05
8.590588241418447213e-05
3.209419404586362761e-05
8.341321786177168245e-05
9.781348214422086300e-05
8.467435287276042679e-05
1.338736943476695950e-04
1.711069726461640476e-04
5.139749025913244710e-05
3.735177738022348211e-05
3.301943828806323540e-05
4.836805458327271789e-05
5.464858103396310593e-05
1.933832432425554532e-04
4.145662406369960622e-05
3.867270445147431818e-05
2.731019950366913682e-05
4.459693704070591766e-05
6.109039359859990629e-05
5.675854232965294144e-05
1.001766272342615572e-04
5.783041873953686027e-05
5.178065276150531918e-05
5.893915596089002165e-05
8.892984414743379984e-05
4.052829441560710339e-05
1.150145511670099208e-04
4.021557589771712193e-05
1.343677278666677993e-04
4.188777323239627773e-05
2.448897184288375246e-05
3.461953225022355168e-05
3.531772327853490448e-05
3.813470306201221128e-05
8.443596300389596000e-05
6.137745778130824104e-05
6.663589698826179902e-05
6.763738119561980475e-05
1.157089797321914635e-04
1.213177115870616043e-04
5.504665447606158331e-05
6.447583295726924831e-05
3.164947406483394619e-05
6.763139530113647304e-05
6.087963439958356992e-05
5.171189901513039295e-05
2.830507733153553434e-05
5.041799040180890644e-05
2.625347696954561381e-05
4.668112899215459314e-05
4.933489725781662168e-05
1.197071178709069615e-04
3.465012649875122067e-05
6.815942065566941868e-05
4.028623603430065250e-05
7.491922971158797295e-05
9.494897761075668334e-05
5.051304908789488410e-05
5.873224296324494750e-05
7.487268728355505676e-05
6.265957533029029665e-05
5.453863362554072658e-05
2.658875313368838240e-05
3.981235549777339445e-05
3.146163081486205232e-05
7.901359544528590293e-05
3.074701078101658465e-05
4.319997251423583323e-05
4.410141621062435249e-05
5.870042029434741114e-05
1.519819061706227312e-04
4.290640607744909056e-05
2.865207112725322606e-05
1.039133159863605372e-04
2.951390130264787209e-05
4.886724966730362081e-05
3.221216679216541571e-05
2.500084266703890112e-05
2.157740077502880800e-04
2.802381852471033110e-05
1.144494949086501823e-04
8.220198365883627715e-05
6.559450935356424565e-05
4.827468766421305396e-05
5.140327279029380800e-05
5.086239474449969676e-05
2.967454054201147488e-05
3.858619422880202055e-05
3.848276433633530101e-05
4.478156949416354138e-05
4.561030864209444501e-05
4.752180859495165090e-05
3.389957952209258818e-05
5.582858566308480962e-05
6.688054525841246006e-05
3.154788759431692802e-05
3.431957354515988688e-05
2.972117715665623949e-05
7.610886820088498821e-05
8.154207289043228276e-05
2.939684404608478908e-05
3.810660593992093741e-05
5.301389364840512883e-05
3.050791432274053700e-05
4.406408914571230683e-05
5.030227105171371465e-05
5.629239653199481666e-05
5.327481151961362561e-05
7.592624451188624730e-05
2.883022919364728313e-05
3.351706206111312972e-05
4.569473300213731319e-05
3.726087374299405920e-05
2.518565387490296029e-05
6.591006714977633741e-05
4.203774033266927129e-05
5.503697067986917197e-05
5.218724370575193603e-05
5.882892395932736926e-05
2.929963357847097685e-05
5.797926107569966212e-05
3.453270813536839847e-05
7.189563191217134084e-05
2.905348467274093788e-05
3.221111091962606420e-05
4.248703927437506779e-05
9.514459916516515093e-05
9.692172741335718545e-05
5.184987658934333318e-05
5.213670667737088063e-05
2.508320627106889366e-05
3.791567896039485638e-05
8.377388047354838519e-05
3.989048548304108987e-05
2.167909530714469410e-05
5.025603932777797400e-05
1.176789103306677880e-04
3.134285666166173901e-05
4.494882853002052847e-05
7.972394061073865309e-05
3.353481607933776786e-05
4.825346636383630252e-05
3.870466415117814613e-05
4.602564078578510413e-05
2.623392592400775215e-05
7.177942624073308962e-05
4.211717239172324166e-05
2.667406719634957487e-05
4.367765909273609926e-05
4.612394171286351063e-05
5.462963487886290302e-05
3.545939254874236611e-05
3.042320070328476491e-05
1.148257565526111530e-04
7.204076051570045881e-05
3.695384200519366048e-05
7.756056549922047186e-05
5.279524295504303168e-05
8.787961697941291624e-05
8.519294985819328685e-05
6.884270942183486454e-05
2.259127158300216023e-04
4.960135733351315638e-05
7.255988783173110131e-05
4.809897707929603817e-05
6.454282163439267696e-05
5.110745807438712795e-05
5.369089372998995364e-05
4.134921430525407106e-05
9.701250281308085679e-05
1.017880234256479590e-04
7.285662562234731198e-05
3.679487730846239270e-04
4.601475928982750831e-05
4.092991532671087746e-05
2.472060777252729657e-05
6.762922117863261835e-05
6.295657982546084988e-05
5.656324674848372668e-05
5.415961711209299495e-05
4.936330246328845942e-05
6.563410873427276784e-05
4.187229855995388796e-05
7.303536271443629359e-05
1.056872114716971071e-04
3.722035308729249660e-05
4.729282476392745609e-05
9.971028878779957438e-05
9.679932785488984924e-05
6.188422068579240007e-05
4.082203628000394730e-05
3.506578917020081719e-05
9.645561627498733779e-05
2.380026049098331572e-05
5.871988793249032266e-05
2.959493349301909172e-05
3.841549664839284602e-05
4.057054861408647119e-05
5.602981725777422660e-05
5.523839043296088644e-05
3.940488566892934714e-05
4.235281515980287550e-05
4.976889194907122444e-05
3.415675931486663507e-05
2.852993066227389727e-05
1.816022886552782285e-05
2.353432137527656839e-05
2.501384704201869855e-05
1.797908217183780046e-05
3.749019640670149203e-05
4.857628717882791553e-05
8.863665208261652399e-05
1.768220152390814426e-05
4.320755489163843779e-05
3.708614429810029388e-05
7.164792819183633918e-05
8.093996764806893709e-05
3.269522381515062157e-05
3.584316210021508907e-05
4.501788650210731071e-05
2.478313006840895784e-05
4.467014168606562143e-05
1.916356742500734345e-05
6.615466409827001838e-05
1.058195662467642918e-04
3.572460449215979098e-05
8.256726100407466018e-05
1.010957849691213268e-04
6.661459688204977706e-05
8.524069865680113101e-05
3.504662727090564428e-05
1.375663395415890086e-04
1.412160479977539083e-04
7.982926870373224933e-05
6.953112794027422868e-05
8.941746631113979527e-05
5.068027377065487110e-05
3.398418040254636132e-05
4.081391879498064650e-05
9.318717825454625621e-05
1.004698398645638982e-04
1.311261665004384005e-04
3.772949826938482205e-05
7.400292729406553595e-05
6.348886699490293958e-05
2.554326140883923226e-04
1.242523477045181070e-04
5.088003749079933160e-05
1.414936977502815392e-04
7.650771952444847712e-05
6.189100666394909041e-05
5.854905365933608702e-05
5.272191052075410247e-05
3.981138293454299792e-05
1.837577045193306469e-04
5.657521364258087334e-05
4.162143279778309255e-05
2.347407488680744502e-04
5.129770597451310885e-05
5.083372514407092860e-05
3.740617785684498861e-05
5.955057438908960645e-05
2.309901188956202126e-05
3.315875415816926683e-05
2.280571534050474628e-05
1.938079662021348028e-05
5.611206763284145319e-05
2.026100924149376814e-05
1.635217037547697326e-05
2.032713559586538752e-05
1.441917705128504419e-05
2.280771898278227707e-05
1.828047857836783395e-05
5.542413228197375568e-05
2.959723240748947457e-05
3.286054843304537696e-05
1.579558951008641374e-05
1.865739185323007815e-05
2.265136265197011681e-05
1.649021698943126154e-05
1.705833414745828389e-05
1.611049198654652059e-05
2.116867888586055734e-05
3.266965497230120289e-05
1.306292711893164753e-05
3.234165279140207747e-05
2.538040049873151378e-05
2.556453577381208675e-05
1.986314086237904198e-05
4.242260608252281418e-05
1.939011864743132914e-05
1.569574108556122898e-05
3.780101530813357149e-05
2.018874007570031851e-05
2.181462361716010015e-05
2.351449823448459610e-05
1.957959108116211772e-05
2.782462934403435829e-05
2.258399937395777176e-05
4.820709657109359798e-05
2.972254775366655260e-05
2.377389374252800126e-05
6.270248471391597436e-05
3.097060466052624204e-05
5.284633984195709474e-05
4.320733060494375916e-05
8.300951945041406990e-05
9.232678202507337039e-05
2.189379500421284711e-05
3.663849802225226652e-05
5.425250811155944122e-05
3.123232205277483092e-05
4.351051612034036284e-05
3.779382536816705719e-05
4.187052821694032504e-05
4.326849631192090933e-05
2.457248495924381501e-05
5.210800360148599498e-05
3.347096274376303043e-05
3.015562072423011171e-05
3.773193375423909262e-05
5.653420785142486464e-05
2.847241269076928506e-05
3.957398394912116401e-05
3.024554001624111792e-05
9.504348311761429146e-05
3.878292967086145493e-05
5.447601799547202692e-05
4.447852824525856035e-05
4.973748766320599510e-05
7.685298283598572164e-05
7.932675755301123979e-05
4.489926013553533038e-05
9.131707351605265440e-05
6.852449076123965353e-05
9.521712281478162602e-05
5.225817441306865026e-05
6.943001349260800913e-05
4.322436929987998126e-05
3.680379714326644121e-05
4.056460710135664045e-05
3.418890899308487573e-05
1.179069792970524730e-04
2.362351837806572275e-04
4.111280485650193001e-05
1.083998820166386708e-04
3.716114432815780194e-05
1.015840432073855675e-04
5.284069860402439714e-05
4.466724750093361814e-05
7.555194239100096487e-05
6.234618639993392902e-05
7.681271482439288375e-05
7.100538861803282968e-05
1.784888172840893390e-04
3.917591132062079722e-05
1.038964161051135504e-04
8.500173673580617255e-05
5.623031142486894070e-05
4.838495751668493510e-05
4.947499409432655807e-05
7.208483815211068693e-05
4.085651048650848255e-05
1.012940064813443744e-04
7.941560663948552348e-05
4.436498136938504518e-05
4.618432587187251980e-05
2.023706584380865944e-05
2.144362205702625193e-05
5.577954833282816079e-05
3.409368543796365139e-05
2.110569105337210734e-05
2.800559759750665325e-05
3.262961053356141269e-05
4.690453496302023594e-05
2.104549375610362616e-05
2.213589379855802769e-05
2.821685223162316472e-05
2.827924176498016842e-05
4.624194131357190949e-05
3.257503163836999630e-05
4.821991899245887334e-05
4.510016328349019543e-05
2.515369776154849964e-05
2.117653083218516951e-05
3.702251903920190316e-05
3.778785969262906535e-05
2.841717380176556082e-05
3.224570791402920906e-05
3.273549350576436155e-05
4.489842040709372958e-05
3.440301330358871545e-05
1.940434031557900006e-05
3.815944168768128068e-05
3.123041856555021855e-05
3.674503889849233196e-05
2.683357874070277688e-05
3.059322737889871255e-05
6.809646525123645559e-05
8.243297098720386211e-05
2.151758572795656535e-05
2.124202662364540754e-05
2.767151873968164510e-05
2.720069783892466043e-05
3.383986512292054576e-05
4.670870796162437011e-05
8.248870476004233098e-05
1.039938550777867260e-04
2.579742870564325456e-05
3.630974791617528203e-05
3.697020208350099515e-05
4.145789175940298122e-05
5.583652341121711076e-05
3.817067119336066525e-05
1.340433252053123360e-04
7.138416241303915998e-05
6.256736356298596305e-05
6.163677212472128760e-05
1.909570344784734496e-05
2.680314591223842513e-05
3.739226822238726387e-05
2.420914353179366696e-05
5.437988582835784590e-05
5.074494541970458046e-05
4.936231585765966104e-05
1.826454916259001227e-05
1.977108413537070571e-05
2.720755811678528624e-05
7.968555418613508599e-05
2.304736319455939991e-05
2.169650379157651732e-05
1.756069773564167171e-05
3.143946930661849806e-05
3.200794120859927938e-05
1.945281775518008900e-05
3.516235561642410491e-05
2.424011606890374737e-05
7.600342490171244471e-05
4.586865287754061981e-05
3.714680794893271231e-05
2.838643817119295527e-05
4.860149970783116921e-05
4.297686354078938855e-05
4.448612000027810012e-05
9.665507595362400758e-05
1.302825879979214682e-04
2.987558427446862053e-04
8.079657156561251068e-05
1.248194731740258931e-04
3.465098778714137043e-05
1.570449144681477810e-04
4.051681838868284065e-05
6.991437470575245089e-05
9.169793563992545405e-05
2.939352697574203644e-05
7.993539971808224143e-05
4.158163058623932652e-05
4.985861210245675647e-05
4.331783517840380351e-05
4.370108584969757708e-05
5.265388089121377863e-05
2.934276913908625723e-05
1.640399409895445507e-04
3.862424906641479899e-05
6.304813228667885449e-05
6.822246433098782875e-05
2.396785930209092185e-05
5.094460152987797001e-05
2.269155367235499681e-05
5.411040052673802566e-05
3.902670625541123847e-05
8.337630806467029993e-05
2.975868275001142276e-05
4.533981522566249628e-05
3.808843664451517369e-05
6.230238841446374685e-05
5.498091339323750855e-05
2.769999339675642254e-05
2.553465183723708300e-05
1.089798644425712232e-04
5.982945976686555617e-05
1.515082516191278096e-04
5.056500483231840488e-05
4.405076025502134486e-05
2.712543674830935787e-05
3.389728261055484902e-05
2.705429505816205854e-05
2.740070957122340851e-05
5.016481364352514349e-05
6.688433605205742973e-05
9.468435105833293336e-05
5.019179814758458532e-05
3.801894090084074123e-05
4.013616983897046642e-05
2.846090622716043010e-05
5.130557207446295330e-05
8.548870507901407318e-05
2.718978533403397922e-05
6.738693878639255834e-05
3.478040766989549731e-05
3.480984931317662972e-05
9.638921917119305034e-05
3.541354115914894710e-05
4.855931957047717758e-05
1.799322586307662694e-04
1.370983531595583677e-04
1.483470911704205862e-04
2.737067086837184846e-05
3.107967351059483458e-05
2.813198003385794957e-05
7.028302648517156370e-05
2.869032751238521814e-05
3.331276021481553907e-05
6.590467817071310648e-05
7.186238503670240238e-05
8.863381464386969942e-05
6.167600854221565144e-05
3.155412965959983242e-05
2.498178179150285631e-05
3.310223154560721422e-05
5.863984700919089272e-05
1.237064324778116577e-04
3.814619495284807168e-05
1.623620054504117572e-04
8.543794466181139653e-05
1.357000387943658505e-04
3.170662107274274541e-05
6.813191962770625014e-05
3.810420422632503285e-05
3.325750316233547660e-05
3.275603250501737766e-05
2.790832030424267077e-05
1.210518286045820060e-04
8.941381601627768094e-05
2.800670659198466284e-05
6.123253158382869913e-05
7.811449541915345971e-05
2.387546547860248914e-04
2.251386861866398964e-04
5.362161024843452870e-04
6.089693877284479436e-05
3.727074436126433856e-05
5.107891839846094670e-05
5.271420404424371754e-05
1.494681307124301505e-04
1.937246321286230095e-04
4.968443809083293892e-05
4.495023968770141021e-05
5.223434407498512579e-05
1.004762390082161369e-04
4.746568757705977551e-05
5.659303747378780414e-05
7.814921969094238568e-05
9.675265458763672400e-05
2.687382336767292601e-05
9.832730493291498715e-05
4.939220285426596148e-05
7.274643247220774196e-05
2.244156904449859597e-04
2.268812331908321345e-04
1.585547356284956592e-04
3.099987479092335368e-05
1.131861683717817508e-04
5.040805987376377283e-05
7.364244902562290139e-05
3.765426832274420030e-05
5.086232049039199208e-05
5.243827412104285597e-05
3.829475640418121627e-05
9.647813255418256244e-05
8.070143863702738778e-05
3.570119196604718687e-05
1.519961787527382240e-04
4.439306888998617709e-05
3.346310231560655000e-05
4.011999593441038098e-05
8.581279053446889797e-05
5.566485159941622342e-05
2.647533334596763798e-04
5.435839729036173181e-05
5.846317217011457650e-05
1.558345468497244514e-04
7.513154209370050455e-05
8.179483581142005754e-05
1.988926686393792558e-05
4.437366825249259759e-05
5.155494190703315845e-05
5.445805640566044910e-05
7.862500455623332054e-05
7.173818361480483504e-05
3.096735828990658762e-04
4.816117112163915872e-05
6.494542462937000541e-05
1.387628640180730817e-04
4.084984613775207606e-05
8.324647813016279043e-05
3.378348268093585456e-05
4.016467464689393646e-05
1.714337254945773607e-04
1.308385862075773902e-04
3.574235317480626520e-05
6.978901008207833909e-05
4.839007576919549935e-05
4.615198075054862352e-05
7.820860242402497876e-05
3.069090897205621279e-05
3.526074653035245996e-05
7.081239208764822293e-05
1.450240026756754357e-04
6.685357297278845591e-05
3.892229577453637106e-05
3.888175342889808975e-05
3.685625020843922770e-05
1.096479340526978200e-04
5.894964789426348145e-05
6.624935575717890606e-05
3.804720755590986766e-05
2.259926952867258925e-05
4.950843258240875778e-05
5.931996363112511638e-05
6.103238677193835736e-05
6.769817722494354351e-05
7.160766708247249309e-05
4.349943677065011555e-05
2.704170057225096545e-05
3.469245261231909672e-05
4.607918998818713981e-05
2.026740094499034770e-05
2.863005820486998258e-05
1.053968457184819858e-04
5.415716411673936691e-05
2.954967007844419959e-05
5.734876191925884580e-05
1.319221766380038402e-04
5.217441341711203919e-05
4.837487894931560758e-05
3.426774622095649596e-05
3.492434718764823908e-05
2.051958436189367009e-05
1.129036905796072110e-04
4.628533620830530427e-05
6.515836008054204549e-05
1.671548054975102171e-05
5.633820931425880511e-05
6.255099707907937857e-05
3.731041832978046393e-05
3.229728503235505826e-05
3.803563365453948122e-05
5.561200382560959043e-05
2.842127890780561127e-05
1.661878780093283890e-05
4.979089915980847478e-05
3.396089308999614907e-05
3.741704742462315228e-05
3.993439675966701879e-05
1.411705217667084033e-04
3.375869843737379074e-05
3.000733431894717258e-05
5.384584900486629854e-05
3.540096954634028005e-05
6.912983440565525562e-05
3.298831973752069707e-05
9.030998651164195360e-05
2.302110694295037539e-04
2.993567189869670818e-05
9.527184994308172537e-05
4.192506935101892842e-05
6.656869774692115787e-05
5.426365940308038895e-05
2.007545926802131308e-04
4.256842458689677895e-05
9.468590909667954660e-05
7.234728994959410979e-05
9.008053800612294691e-05
3.919721956353880237e-05
4.116442478223130905e-05
2.135013432521913471e-04
3.989554393106318494e-05
3.826006712608136874e-05
7.800335796644894133e-05
6.856921338985340862e-05
5.211234539836863687e-05
6.985119030275348771e-05
6.729761530195558909e-05
4.589368178076254508e-05
1.546276410276785113e-04
1.272774476161329016e-04
4.674638914285489171e-05
2.672430101515247446e-05
6.160359034583687114e-05
2.511436280279557147e-05
3.786148067841355150e-05
3.259931308235392380e-05
8.616894546507175828e-05
4.891419156165804910e-05
4.950511227531279349e-05
3.596468251153787644e-05
5.541328649982186550e-05
3.037037780320431859e-05
2.381571769705957334e-05
3.750147208260120636e-05
5.569346632385860721e-05
3.420541507987363199e-05
4.174284070117846021e-05
4.837970967032042581e-05
2.718776374481930252e-05
1.796044082088306602e-05
4.345134602150958959e-05
6.524502122409140282e-05
3.513885484738814963e-05
2.762844122806765304e-05
3.003332270050167798e-05
3.007359104691133234e-05
6.431911582236759844e-05
6.178487067702603157e-05
4.463590852056796972e-05
5.058102021785147040e-05
1.343188593740373966e-04
3.190516275821912034e-05
2.326402005803504945e-05
2.478826899237203770e-05
3.865196197951995422e-05
2.652118954462135420e-05
6.630489535724263281e-05
2.546122364715780581e-05
3.878600696789232519e-05
3.478069836341384657e-05
2.939229285817349175e-05
8.470694889616272000e-05
8.844887763598939946e-05
3.964629928688139659e-05
3.064028147504599408e-05
2.197200623955223260e-05
5.355819842634329308e-05
2.433972800542285740e-05
3.747669291607689786e-05
2.202674129991683222e-05
3.712815712133287242e-05
3.574437838782574698e-05
6.514224378755198853e-05
6.961189114989296844e-05
3.724006806849948861e-05
3.967577793955372005e-05
4.167981884453636460e-05
3.185110679968432772e-05
5.550189572834899221e-05
3.326637752395002494e-05
4.182758693590176113e-05
3.884410422709399255e-05
6.492280349398006308e-05
1.499870862716902844e-04
3.162756498214098740e-05
2.668400352055726285e-05
8.034749796547395852e-05
4.235846601106777099e-05
7.985645957411570417e-05
4.073577157431796866e-05
6.607828738443344339e-05
1.267917041798431385e-04
6.081928753986371312e-05
4.783350394794940488e-05
1.133310659410133000e-04
6.927017947011566816e-05
2.657723586707686996e-05
5.783449926620538650e-05
4.787030935871134421e-05
6.763004026720638646e-05
6.993141185509461660e-05
1.155137672419579852e-04
3.182722676199435988e-05
3.613483809703333885e-05
2.953764225896122282e-05
2.314465940987070849e-05
5.266753758516791879e-05
5.099926645624356183e-05
4.795258979181951339e-05
8.112695168183690127e-05
7.742756823857360206e-05
2.349903204397701619e-05
4.538496686790690227e-05
1.383808333302825324e-04
8.320624655916624768e-05
2.366458007412668469e-05
6.425366460161498921e-05
1.131293362234299642e-04
5.054097725017147897e-05
4.287792556372563405e-05
3.971021674835968905e-05
3.581163408289656072e-05
3.090969972943312610e-05
5.997239676962663572e-05
2.660542255989377014e-05
2.979629733453547933e-05
2.171860616438716585e-05
2.353821347793107966e-05
2.440782395775530170e-05
2.339642812559021044e-05
2.010618922180681291e-05
4.851736170622079149e-05
3.453647567192010898e-05
2.912958112879286170e-05
1.795946112284847455e-05
5.015392187271944344e-05
2.827146061324722480e-05
2.230657351534643963e-05
2.689778838313352298e-05
1.814231834241192035e-05
2.599957255486396622e-05
4.025889930683070457e-05
5.084253967377933730e-05
2.741712389036103222e-05
2.361856452680988100e-05
2.803777328182235321e-05
3.764633120034663338e-05
3.785207197382443195e-05
4.739327754669023907e-05
3.106684132951974779e-05
5.386544415271671461e-05
2.805333680305642613e-05
3.257805939823613854e-05
4.782155001946611773e-05
9.172323330246021198e-05
4.562617953723815104e-05
3.233151106688059373e-05
5.305815327179210801e-05
9.537198231688902370e-05
2.835538840972145732e-04
3.957265599180621770e-05
4.251342638792762849e-05
4.201282947256387374e-05
3.827987953743388906e-05
1.257755752057677901e-04
5.141497453909517340e-05
3.403602586782766620e-05
2.816922445987295079e-05
6.284040390823741060e-05
8.589798725336066760e-05
4.916345287652635650e-05
1.568683630963740156e-04
5.189631454734847376e-05
9.649487731697021218e-05
6.689767546901296440e-05
5.311623701080075359e-05
6.666164981907133215e-05
1.746113289767567238e-04
4.264910403329397399e-05
7.469152864107417354e-05
3.924584104679769116e-05
