2.897091040815052152e-05
3.316536850052458085e-05
5.930714147943529730e-05
4.086171577448808863e-05
4.449036621627149647e-05
3.807070790897117482e-05
3.570946015873971191e-05
5.170802174900339604e-05
2.811784030173239713e-05
3.019542211400119447e-05
3.923478235834654802e-05
2.981780569331784106e-05
2.825945551668116633e-05
5.182240787410481096e-05
4.509067591732570778e-05
3.258495053016490509e-05
2.706013695702110767e-05
6.757435927677013228e-05
3.511188812707467344e-05
5.344825411755738733e-05
3.301943714152490644e-05
4.046994144202882836e-05
3.008032567619827960e-05
3.628051080465978528e-05
4.628328903372870399e-05
4.114540012250238475e-05
5.130034471969502954e-05
4.285916437719274936e-05
3.056137420372321184e-05
3.429901910465809337e-05
2.851934679398474999e-05
4.137095780692777002e-05
2.056355771413393164e-05
2.604708615043202320e-05
2.272252669033891542e-05
1.945061097303690486e-05
3.274044088133839679e-05
4.001087857387745938e-05
3.109530078603847767e-05
2.343086213972042479e-05
2.263535955032388355e-05
2.849616114882228275e-05
2.321847458917505096e-05
2.345095356418150828e-05
2.735036113028368757e-05
3.669104912992831392e-05
1.632202153341364667e-05
2.959134245146658287e-05
3.377639372305139126e-05
2.486778691707182249e-05
2.516757963527935078e-05
3.796956423260323450e-05
2.445253840391341466e-05
2.805288681520909822e-05
2.403328410688841779e-05
4.692364321909511094e-05
2.270611327972961360e-05
3.881821636176506556e-05
3.768480698106957383e-05
2.577661380970480028e-05
2.085452699952298374e-05
3.439850238058016164e-05
2.618567485131374122e-05
1.819357764757571441e-05
1.687715599156061901e-05
1.969356205948976664e-05
1.599341743497057310e-05
2.860514668964209692e-05
2.070011916879699055e-05
2.628759785508002518e-05
1.640921733235746160e-05
2.109817791139896511e-05
2.883653688775355062e-05
2.347005007649087394e-05
1.831992021100351548e-05
1.531677844134751864e-05
1.774370214053694496e-05
1.947147212256404616e-05
1.643123386299512705e-05
3.045308373963030290e-05
2.111014771816839544e-05
2.575790416737298576e-05
2.525887289537580749e-05
2.018245531352125168e-05
1.935057254974823261e-05
1.258045125826027976e-05
1.655399193971665415e-05
2.035307392224705670e-05
2.196858628604149831e-05
2.464042358514881005e-05
2.802549315649854810e-05
1.853398290034891080e-05
2.840032773383116497e-05
1.765346330937277861e-05
2.008492845427517883e-05
2.482202806021770381e-05
2.233442204514103291e-05
3.073230667764628027e-05
2.603417405343162546e-05
3.665826697675649850e-05
4.242142859486725784e-05
4.094530883543712484e-05
2.933890783806638564e-05
2.327083697060127745e-05
1.552336416121695247e-05
2.684204037305732937e-05
2.183241919956076910e-05
2.075594926834346951e-05
3.088177686872202617e-05
3.302579643084212332e-05
2.701947470317538205e-05
2.470871314698640153e-05
1.676842875665345454e-05
3.030086849282103700e-05
2.465915696201805842e-05
3.678606646382319748e-05
2.835085883621154401e-05
3.040326768337071553e-05
2.049801356400835826e-05
2.380059760362124394e-05
3.737177466001270992e-05
2.732086535266874618e-05
3.209997235571718271e-05
4.247128126236491392e-05
2.906526137784941837e-05
2.531724494257912682e-05
3.416142939827271721e-05
2.295843404955414126e-05
3.386914184643968149e-05
5.774580923168557111e-05
2.887655766413029014e-05
3.049647868091604231e-05
5.260178268509894261e-05
4.096677179253920069e-05
3.091444978048153204e-05
3.699686491032978103e-05
4.826640350601756139e-05
7.303833240652223056e-05
3.840262793711630838e-05
2.733278560624301454e-05
3.149991147010635859e-05
2.446586342895787879e-05
3.487969065614718463e-05
5.059051979199698983e-05
3.742838192826603981e-05
2.911239201013353703e-05
2.076268428953239868e-05
4.390608604866109890e-05
3.427169417646365067e-05
5.730619133880766202e-05
3.402877842025995892e-05
4.882146968551811828e-05
2.163178415538606104e-05
3.693165894921989910e-05
3.553152360500731603e-05
5.553874523237541225e-05
3.457430648609545248e-05
4.047323755079255763e-05
4.608201579255545197e-05
2.572909862461906160e-05
4.145106257582582804e-05
2.450325685498166975e-05
1.918806874351096156e-05
2.489826131354573049e-05
3.241278595708749904e-05
1.998085921872199105e-05
1.691682866764673791e-05
3.095442128323042330e-05
4.835509930610767606e-05
3.353272413288355602e-05
3.409282464038689199e-05
2.274793139353239936e-05
1.756141934544213625e-05
1.784281027117731551e-05
2.327519025672425103e-05
2.805711383942064013e-05
3.635262510563874055e-05
2.527239678872554836e-05
2.412057828387783448e-05
1.898661865005850301e-05
2.775701921727802258e-05
2.399443144113723225e-05
2.447771627224613170e-05
2.678042369334857834e-05
2.426958406508367564e-05
1.768020155487165965e-05
2.351795386948858578e-05
2.061035981274434161e-05
1.938833017898074592e-05
3.712726742553794400e-05
2.032496161201313524e-05
1.763834486737477267e-05
3.219658237616873468e-05
3.699818796936893872e-05
2.077643727339284100e-05
2.476075659196450449e-05
2.642550814195208142e-05
2.685820091036114171e-05
1.942593878935378174e-05
2.024068708348089604e-05
2.859742064395684189e-05
2.721543776905587837e-05
4.114028487563331222e-05
2.903592904793496018e-05
2.111738365551563230e-05
1.670170518914073599e-05
2.956022222492230331e-05
2.543398794129055190e-05
2.684860797754281633e-05
2.546106084714205845e-05
3.236221047677953228e-05
3.716196150084595447e-05
2.214851598306983433e-05
1.869832978445581280e-05
2.558698426913687924e-05
3.675544161098241806e-05
2.466574281755601255e-05
2.820441106987074217e-05
1.901870602202111965e-05
1.734207969839440670e-05
1.794858900718460408e-05
2.231823737744255735e-05
2.648012414061769439e-05
3.206420501969404872e-05
2.442363981816052254e-05
4.003398949435570228e-05
3.539235802548103662e-05
2.957993182169713737e-05
2.370166518309025562e-05
2.685033234711453913e-05
2.312813161169174905e-05
2.123015082981917305e-05
3.071356760528193774e-05
2.910282356762018471e-05
2.446726715758435248e-05
2.859977226957893543e-05
1.605073728278982672e-05
2.680488408345559930e-05
1.589545355235463890e-05
2.301502486491204555e-05
2.680182713131802703e-05
2.177240895834123548e-05
3.254783824901561553e-05
4.045738435868349392e-05
2.467989873260998217e-05
2.057121953670125033e-05
1.966976932855142674e-05
2.887924183968489415e-05
3.992718219808235144e-05
2.360504432352627946e-05
3.125731961388967134e-05
2.761301788330001262e-05
2.371719007997543109e-05
2.449053550279832496e-05
2.067925544565836610e-05
4.222250409987552707e-05
2.236108000914316878e-05
5.091573955852872555e-05
3.795558837551536057e-05
1.976060986530293949e-05
3.119043109727421593e-05
2.541475403769887523e-05
2.050264477784236592e-05
2.687012807200445349e-05
2.394794564381378982e-05
3.773686780860577723e-05
2.858353071705838465e-05
3.250587887875249789e-05
3.971312761707931601e-05
3.650403750602289289e-05
3.513469489475654989e-05
3.131683188156526371e-05
4.240940187288795403e-05
3.181850085854157073e-05
2.451190415355650491e-05
4.138025213503692274e-05
3.182334690933183755e-05
3.676199684932032969e-05
5.346656574363774781e-05
4.300237489314442040e-05
3.769138955554156067e-05
4.283497399871857592e-05
3.104382383351438822e-05
5.586973475230211508e-05
4.341249977720504398e-05
3.810571225738550584e-05
4.962828295519976403e-05
3.933603717095628572e-05
9.496983483179630820e-05
6.366724613282031425e-05
3.239593733848059363e-05
3.213495748219865076e-05
4.118452595848532582e-05
5.598679023148632873e-05
7.881685948627820864e-05
4.901312424379174795e-05
4.532587243446701983e-05
2.825739141603340535e-05
5.126599280713349234e-05
4.963600097495733524e-05
9.420805053903713773e-05
4.119215973090196168e-05
5.674384530169582263e-05
4.661207580181302146e-05
5.541342261736497185e-05
7.159208366695326360e-05
8.284860207034455183e-05
3.092836618323773000e-05
7.518894417968108020e-05
3.180296005033316176e-05
2.404196543541870494e-05
2.666525787838402799e-05
2.027133785924944401e-05
3.286896558474131856e-05
2.009890756100769590e-05
3.308313744909305662e-05
2.746122304526175798e-05
4.029927791287091340e-05
4.596910519118747288e-05
2.143595389132716051e-05
2.668530690734388847e-05
2.849619843018692030e-05
2.581452323351065395e-05
2.047687002955579338e-05
2.820834095069155018e-05
2.821091326826882605e-05
2.489599804761015125e-05
3.425000775204149365e-05
3.385791688722476593e-05
3.455426991669275798e-05
2.033384284146104586e-05
2.912583190440817373e-05
2.133617138382027265e-05
3.293858777474424968e-05
3.240701951393516912e-05
4.254922341335192788e-05
2.894161784025809384e-05
1.985641334884393015e-05
2.024956297345692377e-05
2.403960796388551828e-05
3.723042073203306943e-05
2.923794081055116313e-05
2.861432530707281116e-05
4.073815676067635467e-05
3.090953652454997869e-05
1.957085322982862158e-05
1.728891849052599107e-05
2.830424788569105770e-05
2.244925212151710917e-05
3.069905996220661924e-05
2.903701961317510784e-05
2.575796565238432261e-05
2.351744581515253729e-05
3.303349648201117016e-05
2.959612867325459650e-05
2.426995017241845526e-05
2.676126980096512844e-05
2.127348580329419653e-05
4.004176093184497794e-05
1.560112963394530723e-05
2.613035470945363492e-05
2.081387639765456052e-05
2.769691885122074079e-05
2.629018779396072124e-05
4.466206428982179142e-05
2.576564171390656271e-05
3.406728360181050384e-05
2.150729477533852021e-05
2.685421742352597156e-05
3.168473900982306658e-05
4.454271959278053276e-05
2.987527582823384722e-05
2.728127923016119487e-05
2.639946403246311210e-05
7.133453200214332575e-05
3.137417230108462921e-05
2.630037730752479171e-05
2.820616852019505261e-05
2.948035429300198201e-05
4.471700649317038697e-05
3.160846094694049483e-05
3.319314828387087164e-05
4.017226867821869883e-05
4.619486720206005198e-05
4.465691986875071069e-05
3.569131341887981241e-05
3.473698438277114550e-05
7.403578937256945788e-05
2.006439697404491048e-05
3.449630856085582440e-05
4.676641075131906519e-05
2.693073714827754983e-05
5.771577013667009268e-05
5.682952671338849514e-05
3.305488839685811206e-05
3.851078994935272536e-05
5.429462695345608239e-05
2.662134533586790828e-05
1.666077129541854816e-05
1.868427925591328089e-05
2.298097515103893814e-05
1.885097034854821076e-05
3.004727875801185391e-05
2.385873626297485740e-05
2.011383773708549062e-05
2.552141821788998137e-05
3.675320357425602286e-05
2.220684373685944619e-05
1.637119084579399491e-05
1.740556992556506152e-05
2.607023897571047292e-05
2.841139916972024000e-05
4.190826893110907069e-05
2.122580647615467448e-05
2.810862428969161683e-05
2.195636067290287447e-05
2.915182403579947139e-05
1.315846554958037740e-05
2.046838048435820379e-05
1.997595980836174378e-05
1.975367509555761390e-05
2.070413474986082631e-05
2.881271718772760983e-05
2.635125086488416610e-05
3.647671352431947756e-05
2.130011137172032386e-05
3.160214624830038949e-05
3.022762046460305673e-05
3.674142127442394100e-05
7.263406050842027828e-05
6.483259149092139247e-05
4.452947670981452678e-05
2.484106062791950558e-05
2.876891671600046929e-05
3.283893742606398570e-05
3.040206642644763301e-05
3.701166327599326040e-05
4.445885595166837641e-05
5.368709276249110493e-05
3.269120960481927587e-05
3.320398159008926752e-05
2.717457754896264205e-05
4.570202079059445610e-05
3.486326906698654078e-05
3.488937398998832867e-05
6.605899535554540531e-05
3.450115668136918015e-05
5.058324358967555715e-05
2.169357523851723080e-05
3.379877975871063472e-05
3.446942694268344162e-05
5.091834959491665751e-05
3.706875867801586930e-05
3.054434697141652100e-05
2.968165107058569840e-05
2.495796770789362358e-05
4.612029597576468174e-05
2.552219297412897635e-05
2.822267066978452468e-05
2.804274283508338922e-05
2.582019199555443770e-05
2.951470029079676543e-05
3.076779276703615911e-05
2.202899060434775332e-05
3.127269715885071721e-05
4.260809860647854882e-05
4.142474155769962027e-05
5.117599901325356167e-05
2.327281335427720945e-05
2.401017701827642958e-05
3.268170647620609602e-05
2.852311609423070960e-05
2.118909865603074932e-05
2.571838305905763526e-05
2.339446692783252602e-05
4.094091276083909050e-05
3.947763349984767425e-05
4.132137753899476322e-05
2.864876249363744421e-05
2.998525901740399296e-05
3.078799798700161385e-05
3.540244532252456066e-05
2.685090479974739901e-05
3.070509982139482094e-05
3.058138544690153265e-05
2.314809475436161674e-05
2.761918417191948312e-05
2.055627305527116087e-05
4.166421114092957561e-05
4.429930960950929887e-05
2.998257536752258967e-05
3.883802340441537863e-05
3.393989767944594911e-05
2.440310094222065675e-05
3.910814984406624472e-05
3.614680804659793140e-05
4.483566034756970278e-05
2.845950922679024131e-05
4.331912306511144934e-05
2.704335205139174675e-05
5.542730455510771895e-05
7.401902674202426877e-05
2.959576966786171522e-05
3.509719732350193873e-05
4.431534499609534971e-05
4.426462485496408469e-05
4.168884640441988430e-05
4.152605568272249321e-05
5.064566596804205909e-05
4.646465659345136310e-05
6.145471554614890153e-05
3.086053812726950333e-05
5.283934003162094967e-05
3.519175100175533352e-05
5.029541994623246370e-05
3.060149351147476945e-05
4.224241687514823852e-05
5.337148450588950456e-05
5.977754493922411000e-05
4.309583940776080189e-05
5.126638434585021736e-05
3.827066178234599586e-05
2.678898319501372765e-05
3.102935822720469900e-05
3.413679262607566121e-05
4.233676272933790930e-05
5.856532714737346036e-05
4.394922620785799610e-05
5.203195426347641522e-05
3.970712031396470107e-05
5.116103672574152776e-05
3.496186783655505942e-05
2.874688496080004345e-05
3.754742680644351820e-05
3.873166829871248397e-05
4.006722967230752708e-05
3.343548689385515016e-05
4.569639403970134431e-05
3.384224371632619231e-05
3.715302249690228506e-05
2.569214572672585652e-05
4.998818560569611244e-05
4.662502347672928352e-05
5.555403172716138176e-05
9.596626775867041540e-05
2.464611612009498569e-05
4.511074789677864015e-05
4.415016434235517024e-05
3.299742810136830219e-05
4.402951235404638409e-05
3.918526838197508935e-05
4.230140026714835846e-05
4.000861522528897436e-05
7.490864768701001742e-05
7.460494363004758762e-05
3.946140110403870968e-05
3.067156872559617686e-05
4.631011162656883712e-05
3.710886968288338472e-05
4.829484518819640967e-05
6.771982854950433540e-05
3.657242999443404259e-05
6.805995534454271217e-05
6.937465009969313000e-05
3.396604475632393152e-05
3.498828871812433006e-05
4.005871982379142213e-05
6.896083089563380809e-05
3.496904097490894162e-05
4.431428602064642667e-05
4.936382629341009979e-05
3.855415185377464196e-05
5.093236140409455745e-05
5.739429940435649107e-05
5.959211637720474936e-05
3.399662430644377896e-05
6.081772953874197530e-05
3.908964632415539412e-05
4.506042401281386571e-05
4.350087719383598792e-05
3.521657020330962070e-05
4.039004802840739374e-05
5.716810198094507010e-05
3.034025456660745604e-05
3.057817912079186591e-05
4.430506002372718954e-05
2.599446957518368435e-05
4.257103232443494069e-05
5.571932372899590066e-05
3.491431490011341588e-05
2.517574176167124267e-05
3.182325883929768229e-05
3.964985126212281646e-05
3.056603484555741392e-05
2.687009867714436215e-05
3.065756368951396527e-05
3.567262912012749391e-05
4.814668147196960325e-05
4.780041134774160483e-05
3.676013359845448390e-05
2.965823715098404767e-05
2.136056427938418006e-05
4.972228502254237472e-05
3.654592607840337842e-05
4.348831599401110313e-05
3.459461720221548462e-05
3.498958650568396474e-05
2.217508203738543349e-05
3.945776326664143070e-05
4.249699716226888844e-05
4.332957012839928901e-05
3.032721113170050786e-05
4.116561331455248149e-05
6.739241239194311203e-05
4.576237868965954566e-05
3.909958986484967958e-05
5.978847003185788815e-05
3.638274494441088403e-05
4.671033050229454357e-05
4.904388502741123177e-05
3.324078398811248028e-05
2.186185107455056891e-05
3.179055633986507167e-05
2.397139321214675025e-05
2.815689909922121446e-05
3.840938006982713682e-05
4.174855154442462773e-05
3.026430725856189957e-05
3.183489169818259158e-05
2.205730882313121732e-05
2.690164012991801457e-05
1.532330923422217816e-05
2.980186306003322519e-05
3.539114855615115241e-05
3.162537839624027491e-05
3.318355627610440742e-05
3.694457591891359659e-05
3.528284705024073838e-05
4.493790381218806877e-05
3.554575177460044303e-05
2.355114357744879079e-05
1.969407696886714016e-05
4.478442804715486724e-05
2.609810854589436263e-05
1.927968625481935502e-05
2.990871113089745679e-05
1.741926137631042053e-05
1.836848864997751434e-05
2.283481131685929488e-05
3.163765693311649570e-05
1.778506437437281639e-05
2.356584639338146363e-05
2.210613763678618944e-05
4.079100600247532776e-05
2.779744875781688850e-05
1.849743744642113358e-05
2.329105521274908738e-05
2.124394410850518350e-05
1.785419561971184435e-05
3.143112587757343815e-05
2.294388750284011313e-05
1.889186836563438261e-05
2.739792476663672666e-05
2.951515007871008072e-05
2.875109794944769924e-05
2.239388838394679046e-05
2.302642636119900076e-05
1.930032540524661050e-05
2.127619162373091860e-05
1.848320383101821835e-05
2.115149003724477899e-05
2.065012745810929705e-05
2.318998637801851723e-05
3.485798658044507415e-05
2.029282373828555455e-05
2.029522437155776578e-05
2.202669380033956610e-05
2.049841922724342762e-05
1.723692597419989689e-05
2.694467611036298631e-05
3.171435723369662546e-05
2.716797760835052664e-05
2.107680555175795120e-05
2.429895291608217625e-05
3.355159058554497081e-05
1.949033251722306749e-05
2.603290723027103825e-05
2.240047519601547391e-05
2.972643864607425632e-05
1.653014413087456588e-05
2.833790475721419979e-05
2.552342802765837710e-05
3.749293281739736743e-05
3.512092928511583400e-05
3.066199535951813883e-05
1.829877144158187954e-05
2.510985447704441488e-05
2.292921280469235209e-05
3.423626732734631035e-05
2.954857853256266190e-05
2.434747918760394998e-05
2.269277046612723031e-05
2.578316947659079503e-05
3.125896375626349276e-05
2.534101021634830919e-05
3.738198277467779334e-05
2.598857408236199677e-05
2.560463536544465831e-05
2.342477812475797803e-05
2.929730751866539627e-05
4.287029864878499067e-05
3.753847247433361549e-05
2.364463237317722234e-05
2.030324133711224307e-05
3.147062199177151881e-05
3.290749600446641015e-05
2.781022883604680464e-05
2.336995146793026420e-05
2.412591716263035504e-05
3.010627953728151209e-05
2.331763765922271003e-05
2.994218723719098432e-05
5.870051219502361455e-05
5.088071149329812323e-05
2.165794584253748036e-05
2.071719435705225706e-05
2.236664227107479724e-05
2.959587647781841081e-05
2.488807555241878244e-05
3.350160335922013326e-05
3.667086369138396890e-05
3.818468863842402062e-05
2.538311651702314243e-05
3.261046099254561766e-05
2.448313985143039955e-05
1.772515204249217657e-05
3.518220324227393865e-05
3.337077143610039801e-05
2.984510362065674946e-05
2.558087412709610098e-05
4.348840960082849596e-05
1.671549476713404684e-05
2.378571297844962566e-05
2.229592696313909968e-05
3.332784720414252788e-05
3.008691746624420841e-05
4.561920846268875278e-05
4.963805037179133423e-05
2.611957961442411589e-05
3.968201189464091582e-05
2.880777749231034081e-05
3.249994275240032426e-05
3.792946260318261008e-05
3.359403611727653866e-05
2.424259406898810699e-05
4.207270795372130775e-05
2.419918918775763980e-05
2.964123461211284156e-05
4.813099048894212834e-05
6.163344050393085554e-05
2.801855953448278473e-05
2.493550832015634710e-05
2.945101239715327711e-05
2.970240127758139566e-05
2.144405946251225580e-05
2.784327387511391331e-05
4.036137115683102690e-05
5.704682403046025654e-05
2.248970214691501662e-05
3.320582253852085412e-05
3.428511254348221845e-05
3.417333028902578402e-05
5.361373752114022517e-05
2.732898019500117805e-05
4.533655950306359769e-05
2.266638524909724077e-05
3.118036479083744627e-05
4.034604593314433538e-05
2.630365712336973479e-05
4.405747303407492495e-05
3.164561358527614071e-05
3.732819082144055026e-05
2.720172232052148984e-05
2.596191856160601425e-05
6.213080893208544999e-05
2.656685660456408862e-05
4.126328398743574823e-05
3.301532379362390657e-05
2.261104035748767390e-05
1.919537992186131346e-05
2.256337449284453509e-05
3.046394184315090410e-05
2.350160214667702026e-05
2.120356656980286009e-05
2.505007347405818291e-05
1.695419043208939950e-05
2.771039044801790535e-05
3.282551116601478778e-05
4.225829667650850876e-05
3.688474306337152249e-05
3.201271789728206467e-05
2.457078363281604022e-05
2.336402926379489066e-05
2.304794702661653848e-05
2.899503823994949229e-05
2.443793024046137869e-05
3.310956006441483242e-05
3.516748391871844857e-05
3.391969292198750732e-05
1.729898670078082326e-05
3.482088859356801883e-05
2.775076068888929315e-05
3.704990208972154270e-05
2.647554958137789041e-05
1.873650816804869516e-05
3.230080800703942929e-05
2.921247933394336742e-05
3.030969850286703855e-05
3.685309562168728644e-05
2.786034842865177979e-05
3.213221984061225022e-05
2.980654276433448961e-05
1.804098716810813877e-05
1.482325952842376779e-05
1.900702818074923074e-05
2.029367990226424329e-05
2.065656537629308135e-05
1.892481047431091460e-05
2.458719639358540542e-05
1.572912707469712045e-05
2.490570692185514271e-05
2.009714322529504850e-05
3.221096024211290016e-05
3.337016393710457406e-05
1.816212622486432807e-05
2.101147869740462471e-05
2.043190284173744512e-05
1.876656837993628967e-05
2.666480368579492071e-05
2.580787153546828771e-05
2.133712800342967638e-05
3.365568635141406661e-05
3.952252143725787955e-05
2.311164845481197822e-05
2.911775487163010485e-05
2.353786991084464759e-05
2.277687955087470226e-05
2.457443656778622012e-05
2.175022829857838256e-05
2.387890877714506302e-05
1.925567195317198278e-05
3.060234397892971366e-05
2.567781326083777091e-05
1.830175351035383697e-05
2.994378306051488623e-05
2.299692666704420692e-05
2.107766371013827610e-05
2.671521322969027686e-05
2.550689898494200929e-05
2.705606663948898770e-05
1.762727820583161463e-05
3.174566392865341689e-05
2.507816154048958220e-05
4.167245604131215923e-05
3.020156831853820672e-05
2.130865327587898623e-05
1.921584904165567150e-05
2.074047591853065342e-05
2.832208080739788674e-05
2.213410109053711366e-05
2.230259881251961073e-05
2.622909032999168173e-05
2.489195761013716517e-05
3.747244292574727735e-05
2.860742760842371223e-05
3.167132587662597912e-05
2.739086296963418840e-05
2.642536773211454312e-05
3.276845046259750958e-05
2.175689815654933357e-05
2.883368631808019060e-05
3.368757542085213904e-05
2.517213236421412487e-05
3.181619741804857834e-05
4.584867262126506710e-05
3.059166251127013380e-05
2.532716380974000002e-05
4.037490770331015634e-05
2.156053874113065261e-05
3.023596491230932590e-05
1.903251153518473822e-05
1.705324378273675206e-05
2.026612959702053920e-05
2.159497418242212614e-05
2.330554411646486464e-05
4.432774425817505906e-05
2.660641822990228138e-05
2.866834217961445065e-05
3.274125225482917077e-05
2.738951408351096800e-05
1.986315293300893798e-05
1.836370895921865312e-05
2.031816402061446401e-05
2.310124928350615824e-05
2.170242436389095787e-05
1.950803393727392368e-05
2.249937966914601571e-05
2.947132009842229596e-05
2.574364094889423067e-05
2.832635352998478660e-05
2.731000557366458463e-05
2.427764922069626754e-05
3.396039392651492269e-05
3.813368587961448575e-05
1.576793805408875510e-05
2.285379177992121903e-05
3.013351954741504981e-05
2.238932753109467553e-05
2.328245984025041965e-05
3.825596637678307195e-05
2.191787692611596154e-05
3.770113471402073801e-05
1.710974174315878498e-05
3.071478487246861040e-05
4.086452144125433180e-05
3.363424833565543525e-05
3.040900268147684612e-05
3.048573767739814653e-05
4.542403928291643538e-05
4.913006570779990419e-05
9.039984775229421279e-05
4.459696382434377948e-05
3.100820268071032124e-05
2.992557719810029878e-05
3.012648407156261519e-05
2.468377831218291591e-05
2.766999593828567422e-05
3.300176341838200909e-05
2.342499278661606745e-05
3.949148712606921668e-05
4.447457727319818478e-05
5.292760964634634166e-05
3.303021840879083655e-05
4.257358059979725762e-05
2.988732782448843842e-05
4.314189298533214925e-05
6.168603677683928330e-05
3.143336963440918319e-05
3.688750573010322946e-05
3.152992669127151876e-05
8.313719757117608096e-05
2.556711002368477448e-05
2.825230610150664652e-05
2.654302189239713227e-05
3.395020418781080266e-05
3.331777524319881200e-05
3.731600672196286382e-05
6.459160874898721861e-05
4.004024050988016234e-05
2.790057305521889569e-05
3.171095050230217090e-05
3.533335868133035291e-05
5.109306396615450344e-05
3.112589825983650533e-05
2.659325279518300820e-05
3.168641655756690412e-05
5.342725780313647944e-05
7.464954176511339877e-05
3.469794097778222154e-05
4.027067934533606756e-05
6.128135550475455253e-05
4.212349011631256882e-05
3.963093363287005565e-05
3.712351087913138810e-05
7.243258827369469083e-05
3.510280737448143602e-05
4.962280217671701990e-05
4.924338805143164814e-05
2.637631794212796070e-05
3.566000635746738263e-05
3.708629925694468822e-05
5.806998201293696673e-05
4.018653495633562228e-05
4.087023894735619808e-05
5.773148536672414110e-05
3.013856643983503776e-05
4.512538369750756969e-05
3.204953043025245986e-05
3.299485257547198227e-05
3.134065251702016115e-05
6.979733945388401091e-05
8.378032948928566901e-05
4.130259903210516147e-05
3.716270207604922815e-05
1.065273073171541516e-04
3.408893041261392657e-05
3.890452553607221914e-05
5.039492954388021483e-05
4.633675258281281882e-05
4.082732091039528342e-05
5.781736133123526275e-05
5.345317337750637364e-05
5.455641637112132832e-05
4.828189549874933927e-05
4.365942321391811699e-05
7.009257419699350651e-05
4.661287578657973197e-05
4.224035755598039060e-05
4.056677915720746018e-05
4.504343675329035567e-05
1.055643989766912516e-04
1.120606895083152925e-04
3.870213297942595623e-05
4.792337584922944690e-05
3.438717549295973116e-05
4.583658788712102305e-05
3.483517585593502611e-05
3.237714013821733352e-05
3.907036754909227349e-05
2.765779350531519639e-05
3.804181485317534951e-05
5.248648984112328945e-05
3.130118074222702269e-05
2.692081365559326602e-05
3.499034923642017377e-05
4.392987095056272720e-05
5.244619727206579465e-05
3.939042886661592692e-05
2.447218882894962368e-05
3.033598859765037709e-05
3.763948302266850363e-05
3.845129237449334446e-05
2.358396401074728757e-05
2.752285015945580250e-05
4.226979237724911952e-05
4.995462895232812895e-05
3.930087549402630834e-05
3.036893358798439360e-05
2.202782757324257435e-05
3.610521628951060801e-05
2.123610373858830468e-05
3.547928628224035589e-05
4.604191761068235930e-05
3.411596981008746922e-05
4.692430809771772136e-05
4.525170775235181947e-05
5.716574885780292223e-05
3.355187718772705506e-05
2.758056804005090662e-05
3.248454958483155161e-05
2.284745592768742917e-05
2.696053605915991059e-05
3.513342512215070245e-05
2.263631294367229307e-05
2.341262835419009308e-05
2.574516309705867045e-05
3.303058347377070325e-05
1.938335622596125928e-05
2.971632666646819952e-05
2.800596454134607230e-05
4.010080314787767725e-05
1.662051037138952586e-05
2.157986213266509462e-05
2.583863972495463571e-05
3.152890694822288318e-05
2.346638407640822896e-05
2.505830370894216044e-05
3.653607626590088612e-05
4.155049344761595914e-05
2.923178402432402470e-05
1.758732916774542518e-05
3.287986205073181809e-05
2.971347297087743739e-05
4.388283265668979746e-05
4.680300126526513364e-05
1.539384218171839270e-05
3.301291858756509812e-05
3.567855564086963864e-05
3.205140708943352847e-05
2.618619175760071043e-05
4.564083956893601006e-05
4.233283786535917950e-05
2.912558963742007315e-05
2.262393338774075193e-05
3.050407701816737133e-05
4.060340042495970078e-05
2.749234749765998775e-05
3.202505926896177400e-05
2.867845506556553076e-05
2.461584911611214012e-05
3.292704088963850910e-05
4.463868366465297439e-05
3.343900202291305606e-05
5.503222897089930630e-05
2.952240905719051439e-05
2.325464918099371214e-05
2.857388477537159893e-05
2.839157431869609210e-05
3.574125901866113600e-05
3.156134274933946758e-05
2.171436829210575181e-05
4.804579962518238463e-05
3.235520517447774031e-05
3.651117351174490585e-05
3.769223339088312156e-05
4.515162356877376013e-05
1.776634033874018064e-05
3.815739177447696929e-05
3.452354534299001236e-05
2.534148165875373113e-05
3.933660148277706855e-05
3.265419824373397219e-05
4.023532864899394122e-05
4.211345012816141017e-05
3.020944707095555803e-05
3.681232484859372291e-05
2.909308442547985931e-05
4.474487940591316559e-05
2.442565901087837311e-05
3.006551888793012855e-05
2.086949603739327207e-05
2.124864067621749593e-05
2.943323532698591938e-05
3.132607214527109192e-05
3.290690383851320173e-05
2.247652532492615751e-05
1.934806520315515989e-05
2.199771724631201177e-05
2.378058816716394213e-05
2.748505068595896180e-05
2.307803166166306621e-05
2.243205157051035873e-05
2.894419333245520118e-05
3.667825099229228152e-05
3.404541288416026870e-05
2.781703545589152017e-05
1.838999115347726801e-05
3.317901519487380358e-05
2.917664494692529930e-05
3.133631110255278299e-05
1.718563528794370316e-05
2.353212891963215927e-05
2.597116232986479997e-05
2.203554051880756714e-05
2.622400081480627602e-05
3.340956878648959215e-05
3.019539980643081548e-05
2.860655624426856528e-05
3.660145362932376519e-05
2.691999970301015683e-05
3.308791614040497675e-05
2.207236353428331543e-05
3.863514398205280078e-05
2.240781421647305340e-05
1.413337431998809165e-05
1.669660733716158782e-05
2.206221443073702487e-05
1.508762062514995018e-05
1.610557485181424425e-05
1.881434172016959987e-05
2.347405772585872975e-05
2.685170127116524340e-05
2.806694314352173509e-05
2.548106092087702170e-05
1.726286941349811915e-05
1.912809902962203098e-05
1.927282958327238864e-05
1.879110472400683741e-05
1.335833209190472787e-05
2.122861651757020480e-05
2.225751547030079954e-05
1.789901028003665120e-05
2.262749661038961310e-05
1.987505540553782230e-05
1.957261854036682576e-05
3.253679849059945469e-05
1.253225696164219868e-05
2.145764976667188567e-05
1.992059608534168250e-05
2.789430777408593185e-05
2.111839439457011320e-05
2.705538375657968322e-05
2.659075325230288950e-05
1.654027860221763828e-05
3.060887531348150927e-05
1.981088713658089292e-05
2.106662084887405187e-05
2.167034971334682027e-05
1.436283667427041251e-05
3.206891605935394758e-05
2.709525066471437507e-05
2.688380282375568274e-05
2.717861633571055623e-05
3.825769479580600217e-05
3.061529113271652401e-05
2.549083811587565614e-05
4.162805653465907009e-05
3.212639132563930932e-05
5.262286440909136917e-05
3.208901406169668949e-05
2.494563409664915979e-05
3.302464718073960988e-05
3.818570803291802243e-05
2.861536581134155866e-05
3.852940673342688312e-05
3.409707637505448327e-05
3.820159452444667723e-05
3.685623559520926972e-05
4.294391561557187194e-05
4.408975166265178961e-05
7.882944751718186794e-05
2.596934431114801480e-05
4.430607794835775547e-05
4.263191335403052876e-05
2.977651845883824678e-05
5.329095810091408263e-05
3.853581309646728146e-05
5.465002677589411744e-05
3.717026998271237277e-05
3.101889051700730293e-05
4.446093880103142520e-05
2.880525051902087843e-05
4.145813396974751529e-05
3.004396099564980038e-05
2.864222051640774754e-05
2.855341173832475930e-05
2.738835070004057426e-05
3.343239769456789130e-05
4.809773137515142437e-05
5.033153018064279952e-05
4.756539003950112024e-05
2.725657696432912474e-05
3.342738906250789519e-05
3.721423002543381320e-05
2.918177429128468426e-05
2.447237266369219123e-05
2.603402994186716711e-05
5.822833801244568222e-05
3.828593163882462920e-05
3.634892074979316674e-05
3.860125343970139349e-05
3.386726899375579712e-05
5.060960840264288414e-05
2.229395287424865697e-05
3.221949445238798026e-05
3.365640564115759026e-05
4.534760750025417409e-05
4.611520817819958132e-05
5.553360403137337257e-05
3.723665150037575679e-05
2.928451847816305475e-05
4.238904559884733346e-05
4.656409314416451749e-05
3.369651745830742852e-05
3.336661439580622949e-05
3.042970665739002661e-05
3.229554863078376277e-05
5.929737621569479211e-05
3.296724453145243071e-05
3.353155313452435717e-05
3.792294912953188642e-05
4.699227689236866630e-05
5.901114347290649636e-05
2.275765237574127025e-05
3.121156182326735535e-05
2.764244115214719232e-05
3.123039973279593347e-05
4.577278217393291736e-05
4.256083112974488051e-05
4.713661624430844148e-05
5.475989028690337115e-05
3.354289244855177086e-05
3.140739163017709226e-05
4.323313894244520001e-05
4.137094093875442834e-05
3.842629113018208989e-05
3.289243988782398424e-05
2.741849473699498727e-05
4.980823780862815814e-05
3.509830224741144718e-05
4.644716851993345869e-05
3.108571227382358570e-05
4.799555628725370540e-05
4.831935902347229744e-05
3.199787230798823112e-05
5.001297419279291767e-05
2.686986622458338494e-05
4.564210796682221057e-05
2.681595221228916801e-05
2.419022545276730223e-05
2.464793684121281456e-05
3.165980949893652032e-05
2.614608908252409936e-05
3.179017155058520540e-05
3.415588895321711600e-05
3.770467407329311776e-05
4.606749054448874841e-05
2.048975246568632088e-05
2.590947799439949914e-05
1.847997407433110673e-05
2.605239693107852143e-05
4.422042316612976177e-05
3.921259691207072581e-05
3.205557698858729044e-05
2.864131216290545151e-05
3.999517448018022841e-05
2.635928918740672747e-05
4.323760727501187227e-05
3.549029955623836288e-05
2.884643574672313271e-05
3.591972818207199962e-05
3.000060251748837980e-05
4.151893681464919548e-05
2.809161633632598282e-05
4.849694936968571430e-05
2.991294870286553151e-05
4.376418641688444136e-05
2.527299493394755738e-05
4.097984016335195015e-05
3.285185988185718647e-05
2.127481825278177471e-05
3.578510525414996339e-05
2.442902429161575943e-05
2.834824581067225602e-05
3.401115922436849580e-05
4.341003394382146044e-05
3.571852557290409194e-05
3.393961511661643717e-05
2.158042476820157621e-05
3.087416572148289222e-05
4.153792472936294032e-05
2.565805628256240240e-05
2.704681675121305701e-05
4.255870874325713856e-05
3.884310181784984015e-05
4.074336483168286891e-05
3.743140258724943404e-05
3.339469029921903707e-05
3.460688518561300087e-05
4.319337496040887074e-05
3.050137957890744093e-05
3.975175072091703031e-05
2.965796276787615202e-05
4.285485206494950788e-05
3.016207985208702987e-05
3.224913154310770773e-05
2.346694452090044205e-05
5.343333624524586122e-05
4.088545907881626799e-05
4.306614777743384862e-05
4.192754730072825660e-05
3.907290712502390181e-05
3.288543684630430960e-05
5.351187175713893881e-05
5.191066259611190522e-05
4.975621264236379607e-05
3.789113894039165603e-05
3.815174572674191468e-05
4.428217713417508553e-05
3.911003360578367295e-05
3.074809947785314441e-05
5.643420548153729830e-05
5.973498499355120152e-05
4.497702091289980934e-05
4.511795939949087724e-05
4.171336129435387582e-05
4.278605953698911505e-05
5.189725720222890373e-05
5.439193855388446724e-05
6.984446111760790079e-05
3.769070296122219778e-05
4.274445809927589576e-05
6.247324727183359327e-05
3.008564764937513304e-05
1.878829001232399767e-05
2.150101707894919609e-05
4.191045767665063041e-05
2.384539128883543893e-05
2.245731916605535569e-05
2.480411692756596912e-05
3.490237451860864979e-05
3.757324337966398448e-05
2.396366598137509324e-05
3.101674850995915592e-05
2.318660123113225400e-05
3.140709692376882165e-05
3.240067852780984756e-05
2.489218329471034051e-05
2.491944613007390961e-05
2.271486013415303302e-05
3.476133019709891960e-05
2.729499766116865725e-05
2.527344963735356478e-05
1.686765422975190201e-05
2.530370978540680526e-05
2.431844229336438507e-05
2.466245020986049643e-05
2.159310281247278036e-05
3.721839009127892188e-05
2.540188960961041996e-05
3.172763491365750680e-05
3.024965927492073890e-05
3.039088434035537882e-05
2.668248048262439716e-05
2.983302654397647303e-05
3.797868185174432489e-05
3.344637054850282243e-05
4.010427638413346929e-05
5.605189867447491311e-05
2.883399670947541440e-05
8.663279849863232056e-05
3.962096042403994291e-05
5.156057905050294172e-05
3.490513090887411223e-05
6.716456608932309133e-05
6.672613870406057758e-05
5.020710408230170566e-05
2.833628592954612381e-05
3.525153091021600277e-05
4.932639740048496443e-05
4.885920705566603004e-05
3.989039798355388766e-05
3.585914475505539182e-05
5.244474559704259014e-05
3.734777202755831707e-05
4.199519029738497364e-05
5.322563017379740785e-05
4.703087264690818689e-05
9.253587933622123643e-05
4.153297962587174975e-05
1.341065496051701142e-05
1.719397222979170221e-05
1.618175150330114368e-05
1.498086543141653657e-05
1.901720124352768900e-05
2.573115070542118674e-05
1.503992041596986187e-05
1.669968195223974858e-05
1.529100272344777935e-05
2.289761240949272030e-05
1.853814399115789587e-05
1.712717749872031555e-05
2.093438819119131244e-05
1.640072787860495947e-05
2.197632148263130528e-05
2.040072505263962931e-05
2.463804734521150196e-05
1.893403168885601919e-05
2.828613355537281220e-05
1.732301243772310621e-05
3.063081409964220120e-05
2.545125562498760539e-05
2.073282827741899323e-05
1.720461209765106482e-05
1.747543710175020545e-05
1.681726392015008947e-05
3.780738914974398994e-05
2.487484993533617788e-05
2.900919294747248255e-05
2.196119188213296034e-05
2.315187597235150499e-05
3.132700843478360625e-05
4.433203709853485110e-05
3.360268584172197102e-05
2.649543583049340537e-05
3.724180213717554779e-05
4.642320591491507566e-05
5.167140649831530815e-05
2.223006992910354942e-05
2.542764284838976716e-05
3.655739524079770737e-05
3.997803567016538481e-05
5.306383815927081941e-05
2.987079993975781946e-05
3.006952866286468495e-05
3.681454668336946190e-05
3.548950210801073959e-05
3.287067397744992205e-05
4.549294759635888079e-05
5.241844284584133555e-05
2.612269424215407177e-05
2.765891917795749790e-05
3.039839282428135597e-05
4.229803452601574787e-05
2.859037201142304225e-05
2.758213664527101370e-05
3.075414161842894936e-05
2.925700257904881931e-05
3.038705855790116883e-05
2.814729364294936583e-05
3.058160733020011206e-05
3.595011949901527669e-05
4.671892993718250480e-05
9.660935404866723803e-05
3.083285151629580075e-05
2.791230152678549707e-05
3.234624584239926556e-05
2.548581508831671715e-05
5.128501948263794328e-05
3.342982125031234455e-05
2.173556998243421413e-05
4.099516792883751211e-05
4.090509976078466410e-05
3.858596481954340205e-05
5.028174535606627762e-05
5.925217902143488450e-05
2.074539235036979598e-05
3.079369886782796947e-05
4.380031868996706268e-05
5.333036378662187879e-05
5.848909058582784222e-05
3.491858686679290768e-05
3.851019779389876815e-05
2.906209885562212425e-05
3.083154325246824162e-05
2.273264203340777029e-05
1.999301844686110391e-05
2.316757285068749629e-05
2.225203067016711983e-05
2.574991462435717457e-05
3.959617558697434771e-05
2.418223426919909511e-05
2.698981883061890181e-05
2.819819924611549684e-05
3.641571866265120178e-05
3.014095910444544341e-05
1.868224814266475990e-05
2.111902765451757725e-05
3.010360074379624053e-05
2.045539286366096512e-05
1.875138222983529769e-05
2.619911604131644269e-05
2.241362124668133318e-05
2.728597067929992270e-05
3.025431982495445206e-05
2.971032034510165366e-05
2.376471142405694816e-05
2.697682481271330466e-05
2.210340076023697547e-05
1.495190761088018266e-05
2.931986075809677565e-05
2.490651110871607186e-05
1.912444784136102622e-05
3.075634713005556394e-05
3.545745206406152798e-05
2.633063038890627407e-05
3.415953156882547915e-05
2.479822384499302977e-05
2.783318583294002195e-05
2.184339790862438905e-05
3.081227784966862257e-05
2.605911994440123571e-05
2.496776643887756050e-05
3.058094829287167228e-05
2.343937774390614213e-05
2.335324496880528602e-05
2.805105443891834881e-05
3.969259521800376283e-05
2.805791735245130822e-05
2.792785084154260567e-05
2.996676099812358734e-05
2.941177364419913902e-05
4.519573602253589104e-05
3.910879276871763498e-05
2.361512869176865726e-05
3.491799692632117642e-05
2.253026419210217484e-05
2.992473175097414904e-05
2.714138476372722329e-05
3.476071727247622214e-05
5.393122933552148241e-05
2.782621012538333478e-05
3.482631932108220526e-05
2.452722879179718794e-05
1.993271544639368915e-05
3.748501096992943709e-05
3.821200000216233897e-05
3.657838375115432891e-05
3.155647794197400963e-05
2.479774489904882224e-05
3.917963023944957563e-05
2.191484837359872168e-05
3.133231396734611059e-05
2.978249432492723769e-05
2.859530006024451411e-05
3.268425231180177609e-05
3.120364265108045579e-05
2.824527879940773230e-05
3.964111710029101385e-05
3.532489625055777385e-05
2.887649477634159071e-05
1.965577830218387156e-05
2.714369895889033292e-05
1.991434417350221441e-05
2.221915903810137849e-05
2.431566592417851519e-05
2.364721115119481826e-05
2.002157788187997956e-05
2.704755559963520483e-05
1.917312125079131605e-05
2.467666961649255336e-05
3.045785781093650362e-05
1.829726885826684802e-05
1.814171676064858340e-05
2.355115458493093784e-05
2.300654879033268578e-05
2.256334439537496775e-05
2.233802303876303457e-05
2.472798586578834045e-05
3.294685498865771199e-05
3.145693527009698330e-05
2.606193918363317388e-05
2.841398225145897610e-05
2.867238110106278893e-05
2.452206772941017100e-05
2.779160855824687785e-05
3.425473248879677777e-05
3.722220136026369898e-05
2.496712696693017768e-05
2.715285573287575121e-05
2.083556128213898793e-05
2.869785189937378063e-05
2.179709395106734234e-05
3.742094974393378438e-05
3.376241625835170755e-05
2.647857879939164084e-05
2.001469521928653315e-05
1.994935604629323599e-05
5.079346824335404968e-05
3.357450834342498569e-05
3.218915175391598552e-05
3.289633608554163094e-05
3.751317247281190937e-05
3.442041140938881456e-05
3.318512214589094429e-05
5.293413423338247799e-05
3.022725540865054870e-05
4.739629803185006518e-05
3.967859633112464621e-05
6.934460839436992286e-05
4.800113550175153946e-05
3.231822717048984857e-05
5.720060828255802549e-05
3.780147310286215644e-05
4.769436618466414203e-05
9.198414126462360737e-05
4.908221026656421935e-05
4.162387073322552352e-05
3.787048792626373876e-05
2.974274552669584607e-05
4.228072665218361010e-05
4.033186852373621086e-05
3.382845306497833128e-05
5.860772416984404159e-05
4.362644155627330787e-05
4.411225036402022654e-05
4.144853862603808579e-05
4.433560259072462801e-05
2.601020601593468214e-05
3.666573050749051267e-05
4.248084746420589352e-05
6.143269340186679908e-05
4.366462933003285027e-05
4.023745232585469722e-05
5.328801615451369617e-05
3.594363793430604552e-05
6.084005881094479572e-05
3.696871762250674971e-05
1.852193349958166868e-05
2.624579583202140754e-05
2.543960497273037381e-05
2.775095840187889591e-05
4.238224531092953730e-05
2.839922752761051545e-05
2.938275791947991749e-05
4.430226438561628852e-05
3.692353806112731550e-05
2.513982070063767559e-05
2.006974952773969278e-05
2.351418289626690337e-05
2.812512017072266605e-05
2.151433032320966351e-05
2.632242441151574428e-05
3.724395817420017552e-05
3.238753577587464812e-05
2.538739663121429465e-05
3.142506254927229190e-05
2.744229794887260784e-05
1.622349546718128744e-05
3.213289953112011981e-05
3.595026235028039537e-05
2.932158628472468961e-05
2.842608544925828034e-05
3.929975443621002150e-05
2.885367666122950984e-05
2.544477789151083482e-05
3.843825123494849479e-05
4.086718381816084074e-05
2.891170701798172901e-05
2.607576588257539793e-05
2.656897473946772992e-05
3.594310772156046325e-05
2.357021305017355852e-05
3.153302678241038011e-05
4.458349141824388294e-05
3.420085992116105017e-05
5.317786501288957357e-05
2.600305999546587908e-05
3.053327193741122911e-05
2.779055018130599061e-05
3.205045715883778995e-05
3.595022401837480002e-05
2.439677079771999810e-05
2.708862499318364655e-05
5.094926356520078841e-05
4.842296892587726715e-05
6.313532326374081958e-05
2.678127705205455306e-05
3.941094632274062527e-05
3.006276026941994385e-05
4.225071206570914131e-05
3.442416592670953420e-05
5.892403811141760011e-05
2.644892811604585166e-05
4.745758185631964620e-05
5.825461102069283160e-05
3.660397829543993902e-05
7.089770108197424937e-05
5.944250728772604482e-05
4.257069190531661103e-05
3.251460906757819264e-05
4.308256883076883617e-05
6.700679286609043811e-05
7.260345168526626599e-05
3.755149566657671223e-05
5.019680756108483547e-05
3.720046888219721832e-05
9.091895503667448526e-05
5.021940340214076087e-05
2.701916361459006004e-05
4.957701742755549570e-05
3.986402771232653669e-05
3.860072115210773927e-05
3.965081663845686449e-05
4.658038515435628890e-05
6.189812874435912291e-05
4.255993092406637994e-05
5.022194531015628313e-05
4.132507223066315011e-05
5.719843779752221703e-05
4.562952486873637057e-05
3.845970447336800619e-05
4.967099540886229435e-05
7.301715210039354145e-05
6.181538584709989341e-05
7.902188381332425800e-05
6.304995216822024506e-05
4.344308617499818517e-05
4.436488992340997854e-05
5.016066013381110687e-05
3.579122948818489445e-05
6.654684587577088558e-05
3.182829580276897851e-05
4.301949476224110772e-05
3.474282898630421735e-05
4.002382319484413148e-05
3.567874508151356943e-05
6.278730500969320930e-05
7.837248115758300244e-05
8.932069986727432835e-05
7.542403047527451363e-05
3.298614089130828971e-05
3.620410241473878639e-05
3.844365023032264008e-05
1.010328844850446039e-04
4.463916045990825660e-05
3.276468005779707650e-05
2.930148865470157821e-05
6.597949173208935943e-05
4.516789237347824937e-05
4.219022724622790570e-05
4.203182844233975773e-05
4.013197985834575382e-05
4.100991869753723373e-05
5.520960947302272915e-05
5.405606673283888523e-05
3.778101469100154464e-05
1.070572136180932140e-04
3.942591347477169118e-05
4.316745753323012239e-05
2.264420905889331356e-05
2.285114212714064525e-05
3.536064264691616502e-05
2.944124689944534816e-05
2.666686888881548628e-05
2.884743597143115022e-05
3.630556654338548683e-05
2.778387160357605830e-05
3.205225068474678235e-05
5.291760213510888556e-05
3.711017536676355260e-05
2.439368891514012597e-05
2.022257119014203645e-05
2.855607293514076484e-05
3.554812264774039900e-05
2.072647379581467927e-05
2.585478218176829259e-05
4.220367249527093230e-05
2.628065834886233619e-05
2.792438766419810489e-05
3.883192693196388493e-05
3.709089437945837115e-05
3.360162983651598928e-05
3.930598517549484380e-05
3.326409300495382788e-05
2.545272044035749691e-05
4.074898012862611802e-05
3.533922218141285685e-05
3.606009331740561182e-05
2.888048188568128905e-05
3.315574187279488906e-05
3.624114070914806257e-05
3.709491938799158809e-05
2.677599406542999788e-05
3.292418248675499435e-05
2.100665311712478326e-05
2.566403563107304687e-05
2.864858459770099468e-05
4.414843334180572863e-05
2.201020029595379096e-05
3.490298231705766467e-05
2.698836482884453983e-05
5.479008000612853519e-05
3.303665218654429234e-05
2.254516863213234157e-05
2.397780615008145394e-05
2.354772326925424488e-05
2.362657053296648611e-05
3.733800456086062806e-05
3.429959512529115424e-05
2.919531004713821581e-05
2.377540657029630160e-05
4.550920248900032657e-05
2.920577478190096847e-05
2.380772870642200418e-05
4.337338856594118869e-05
3.149799157652958506e-05
3.207344636954907323e-05
4.313847305332858437e-05
3.272582831729701830e-05
3.277678674862706098e-05
3.435182126129039535e-05
2.312805076419999911e-05
3.703539732936476995e-05
1.010176589782263689e-04
5.258540173330078559e-05
4.877700698463130870e-05
6.238580442612894604e-05
4.120403420679694145e-05
3.150640388364676155e-05
3.929097544798588532e-05
6.630289972571055035e-05
5.420416164471066273e-05
4.087863931615517488e-05
3.816201170772177888e-05
5.531309535388218338e-05
6.016094653825883749e-05
3.826930881625376037e-05
3.337938065372814269e-05
2.486018428583173137e-05
3.099579922964508191e-05
5.918617447545639315e-05
5.193507686821777442e-05
3.746704915309968694e-05
3.489469043939722582e-05
2.573027456731019164e-05
4.918456750549468691e-05
5.300868601966589045e-05
3.699745835682638267e-05
2.503747570951877832e-05
4.139924668274907159e-05
5.140122755988686616e-05
5.314938704441458001e-05
9.978552277825501933e-05
8.025485332019047626e-05
3.135960898332079135e-05
4.789932377034822228e-05
3.586069987616849979e-05
3.467066944969292416e-05
2.776585629167579967e-05
2.707158998220623262e-05
2.867615027978160446e-05
3.518660699361793066e-05
3.135889457186269929e-05
3.938998484003821375e-05
3.809935448242091744e-05
2.808648564710057634e-05
2.751912119408500917e-05
2.987104188116532702e-05
1.755381562749443050e-05
2.546343786935628922e-05
3.322026871883154627e-05
2.606277414599902312e-05
2.873093590907071644e-05
3.731453596243173920e-05
3.193886528793883276e-05
4.812020021347171043e-05
2.670725373129507584e-05
3.832350962067163666e-05
3.283685068979002930e-05
2.214339502609894361e-05
2.542313781673614926e-05
2.975509390052573751e-05
2.641012271279418656e-05
4.192953862336720554e-05
3.147344747290104009e-05
3.906551118916034378e-05
2.977185747310062469e-05
2.526518882835293033e-05
2.512741066250199503e-05
3.323675458939912903e-05
2.446256706961572188e-05
2.870550048977241553e-05
4.247531287429814081e-05
2.217118910566015565e-05
4.420646285260438480e-05
3.278423805206717040e-05
2.521012826192532946e-05
2.790560980932342387e-05
3.042900529303834941e-05
1.997296570092798782e-05
3.439544724548678514e-05
2.739295138286965229e-05
3.822484334027335999e-05
2.991085419099880034e-05
4.283590203348692555e-05
1.826149153178832792e-05
2.768241481013682505e-05
3.600023587483154239e-05
2.181482470688140085e-05
2.562060873709177242e-05
3.632419631287826605e-05
3.758687605835669938e-05
2.494343242585208561e-05
2.126488805669314588e-05
2.656768612348173509e-05
2.946449601196204790e-05
2.688572518360045013e-05
3.481587883542092479e-05
2.699754708263868124e-05
4.267407113811973949e-05
3.704917133467502141e-05
3.637461746255873159e-05
2.539531199214266498e-05
2.609663857475898779e-05
3.931806127994360862e-05
5.303423590885148896e-05
3.121528547218035087e-05
3.990644677039346765e-05
5.387906379526368535e-05
3.448867996603164027e-05
3.050858133957236025e-05
3.269026874111508236e-05
3.801177083339542419e-05
2.912654000712188603e-05
2.704233424268420925e-05
6.007648234406222576e-05
5.717227926655995120e-05
5.513766813437807532e-05
5.086838759747843353e-05
4.234944270445594990e-05
2.759365091736774053e-05
2.712108537146387232e-05
2.175748195778173702e-05
2.268923617133574902e-05
2.108149490167362806e-05
2.405334638218409294e-05
3.295265795419507273e-05
2.379482513214901482e-05
2.919885333567314714e-05
1.709183700797837184e-05
4.627031449582850450e-05
3.045933768302007671e-05
1.826634763991684418e-05
2.423591790076304840e-05
2.978263508251032050e-05
3.644145111017383899e-05
3.262964228335600569e-05
2.306664326171693934e-05
2.282780750612158069e-05
1.760798628367999733e-05
2.916031700387958282e-05
2.295330993902206082e-05
3.603480147523379008e-05
2.034807348019172462e-05
3.439432226197976607e-05
1.588873341433056000e-05
2.625518826852771593e-05
2.846964726115989308e-05
2.261420111915363629e-05
2.084691958742622978e-05
2.207830656943629780e-05
3.107356518268498729e-05
2.588606890844780481e-05
3.449286653567530122e-05
3.610545362566675465e-05
5.058179321781464940e-05
3.876859585737517865e-05
3.136229042627379173e-05
3.531441898883108508e-05
4.129955299147788450e-05
7.448579592450053140e-05
3.335220786086091064e-05
3.183303727989603317e-05
4.951827080206315610e-05
4.496408545553646471e-05
3.407694911364163971e-05
5.278193630341219793e-05
4.892798897198270445e-05
3.355730031056621378e-05
3.247086108225498435e-05
3.498001283236054767e-05
3.254098099225061788e-05
4.462846897480815924e-05
4.714051349250089948e-05
4.564676451633063698e-05
4.025964561960016891e-05
3.228299297067086410e-05
5.121625874071760484e-05
3.826026311400402348e-05
6.294046009253441464e-05
2.763637834766747691e-05
4.239146469312642085e-05
4.510153456144783520e-05
3.465362833018466397e-05
2.921833948634161996e-05
4.929632254131139182e-05
3.768620897049270916e-05
6.636687350740247231e-05
3.723181866346378475e-05
4.630251837721422581e-05
