-1.955704138077222765e-01
-1.472683153269303824e-01
-2.966285330700308975e-01
-2.064713435699764010e-01
-2.107097119840435351e-01
-2.450630995621307651e-01
-2.435515561937502682e-01
-1.353428206190461225e-01
-2.645719518900546685e-01
-1.754793393584760941e-01
-2.148896246282969991e-01
-1.404035634209040428e-01
-2.385681759023829951e-01
-9.859226200868694001e-02
-1.685332171403645662e-01
-2.358996765219545932e-01
-2.836174231455905748e-01
-1.100439202493443125e-01
-1.906291181080974062e-01
-2.445564423270156496e-01
-1.440034793725427087e-01
-1.412700620368676774e-01
-2.116387836168886760e-01
-1.498313887956221890e-01
-1.285360385911042125e-01
-1.161432663219430228e-01
-6.505468491824656363e-02
-3.187020423168803601e-02
-1.442140416530195146e-01
-8.763844783301334707e-02
-4.257895103211632726e-02
-7.829995513587437519e-03
-5.222488823792381663e-02
-6.605708309947802559e-02
-1.162788534255940476e-01
-5.383749534405881526e-02
-5.765464093672797996e-02
-6.190608512708691002e-02
-6.772107575320432393e-02
-4.132699032966066083e-02
-5.051502364465537687e-02
-8.396660202559000363e-02
-4.447268096316284169e-02
-8.055008581859890437e-02
1.450808006560288556e-02
-1.319224309357221528e-02
-6.854302902323709812e-02
6.925944982021924046e-02
-5.929831839357494611e-02
-4.264263674389410369e-02
-2.979287133427983847e-02
8.529228365450605698e-02
6.633747454438418401e-02
-1.803665605961515123e-02
3.652508609261640588e-02
-5.865928308878494424e-02
-3.622773326126751958e-02
5.848372122479726654e-02
-1.355659388861296319e-02
6.145781342927010560e-02
-9.124138143832775938e-03
6.285795930934390263e-02
1.058776744292715642e-02
-4.320897483353756952e-03
7.917044726129984084e-03
-5.137139910643926527e-02
-1.530128477280244884e-02
8.830576581804304437e-02
-3.416547184324067454e-02
8.143931492940850725e-02
-1.310724756541966907e-01
6.533506516645758155e-02
-1.045400655475435883e-02
-8.696231283233567255e-02
-8.364385291632962793e-02
-5.911320555345916938e-02
8.724887312623291757e-02
-1.270592031041668790e-02
-9.088047101683428830e-02
-8.378524083787775023e-02
2.761041004964895351e-02
1.542759750578901953e-02
-1.116786036216252248e-01
-8.398949942102756916e-02
2.680676507067865713e-02
1.752126919340194627e-02
6.888857776086750040e-02
-4.031621806988272549e-02
1.294852915138500725e-02
-1.116771721095639186e-02
-4.284576979860491713e-02
-3.203009110226826689e-02
-1.299755226196310232e-01
1.149813573679139139e-01
-6.742595797382772323e-03
3.732568750309721989e-02
1.465764712251321766e-02
-2.153584880011445365e-02
-9.261730142883976835e-02
5.145660676507186893e-02
