3.643204501790078265e-01
2.752191569387003600e-01
2.960271750360314313e-01
1.660812857634182127e-01
1.195655676256581756e-01
8.426717613546690078e-02
5.434145822260940534e-02
1.085967896178376309e-02
-4.189472211721444184e-02
-3.062617595759278832e-02
-6.204603830826604938e-02
-1.140759745319934321e-01
-5.252681208627949655e-02
-1.202439477876859897e-01
-1.238964756244813510e-02
-2.166553648737891413e-02
-6.330332151415719866e-02
-1.385742086270463913e-02
-2.346685160252293817e-02
-7.309733724986867964e-02
2.430119283701446566e-03
-5.527484086302045241e-02
2.472780419538395114e-02
-2.609850949443749332e-02
-5.447198059542465026e-02
1.176317689918427931e-02
-2.912932404077470724e-03
-5.360497186390104224e-02
2.291029079545200270e-02
5.190780735119154138e-02
-4.045508503332422706e-02
3.131460377584675825e-02
-8.790680647583952109e-03
4.411090044723251641e-02
6.052987594356323831e-02
-5.417023299721157592e-02
5.064579099678667706e-02
-1.456794863361824711e-02
2.283382632999994555e-02
-1.004516633002207338e-02
-4.186977752843506345e-02
6.653982434177499461e-02
2.470222530455694343e-02
7.896986321075205595e-02
-6.831974829314101105e-02
-1.164615556865237003e-02
5.073303223844890034e-03
-6.881097166959840132e-03
3.404992512868183080e-02
5.436562155564761412e-02
-3.306652217653075453e-03
2.053201884702160820e-02
2.428181532487753286e-02
-8.511375334276448379e-03
1.200142959266749416e-02
-2.098228630308834192e-02
5.742316083009339767e-03
-3.835323391518130620e-02
-4.943219889348600404e-03
-2.798062838608710717e-02
8.534972023330927512e-03
-3.695377283935090407e-02
4.518932864731876886e-02
2.092817965369657418e-02
7.102327151653640459e-03
2.405900503233432408e-02
6.324765732992595861e-03
5.417937020769602458e-02
-5.584239144683525446e-02
-1.088016618679200128e-03
-3.267636511461474019e-02
6.289213250449592150e-04
4.750639635496105295e-02
9.333129046409267826e-03
4.010463250751054864e-02
-6.414624489202882911e-03
-9.295442581341532839e-02
-2.920902566159480282e-02
7.174302480346168853e-02
-1.097350431235526863e-02
-1.169235037584031266e-02
-6.991840888009027977e-02
-3.038847194579591925e-03
9.880180074176365262e-03
-2.782545154862362934e-04
-4.163396654323266860e-02
9.251836414932815278e-02
-1.721763425891169666e-02
-3.223159973747702443e-03
1.922902832471541992e-02
-1.025850049475441617e-01
1.002555072021850228e-02
-8.012713330148650906e-03
2.632691427315765956e-02
-4.105496943160725012e-03
3.641550027240855747e-02
2.714194987405141660e-02
8.859508155621019856e-03
-1.715218923438743565e-03
1.829831026766621724e-02
