5.451337371605485121e-02
3.775537822544678540e-02
2.590813951029776255e-02
1.797799495973280426e-02
1.313598802427862373e-02
1.069361021826856911e-02
1.008185011301443446e-02
1.083312230952276217e-02
1.256570234766759067e-02
1.497034010613456853e-02
1.779876522185407095e-02
2.085383407073997802e-02
2.398109948874248970e-02
2.706161219125661349e-02
3.000578722759018879e-02
3.274819019013319038e-02
3.524311664264963284e-02
3.746085465459708663e-02
3.938453470750390845e-02
4.100748382143302312e-02
4.233101175174385639e-02
4.336256672041866045e-02
4.411420654120085105e-02
4.460133832271157700e-02
4.484168631987978104e-02
4.485445306709498481e-02
4.465964376830512672e-02
4.427752812944688726e-02
4.372821747595022346e-02
4.303133817191565069e-02
4.220578510883922496e-02
4.126954141396711739e-02
4.023955258847594640e-02
3.913164506492079753e-02
3.796048070792130968e-02
3.673954010355258426e-02
3.548112861912863097e-02
3.419640019030641132e-02
3.289539462795442598e-02
3.158708495160199303e-02
3.027943186574535983e-02
2.897944301400464870e-02
2.769323508645920098e-02
2.642609722820910695e-02
2.518255451169501558e-02
2.396643049971617506e-02
2.278090814750612786e-02
2.162858847681448093e-02
2.051154660803705676e-02
1.943138486266240972e-02
1.838928275165732998e-02
1.738604374935753816e-02
1.642213881994093044e-02
1.549774671721140806e-02
1.461279112041989625e-02
1.376697470109245446e-02
1.295981023995122078e-02
1.219064893039059107e-02
1.145870601679687892e-02
1.076308392328423867e-02
1.010279303202008330e-02
9.476770270956483624e-03
8.883895669081688651e-03
8.323007033773227592e-03
7.792912899902465843e-03
7.292403894368238576e-03
6.820262653023106622e-03
6.375272419744140023e-03
5.956224449892037233e-03
5.561924332760223230e-03
5.191197339969707593e-03
4.842892899219367921e-03
4.515888285435344651e-03
4.209091614238830679e-03
3.921444215814292276e-03
3.651922460742054038e-03
3.399539103182055814e-03
3.163344200971546488e-03
2.942425666734009397e-03
2.735909498989367965e-03
2.542959737501001259e-03
2.362778182685220524e-03
2.194603914831740575e-03
2.037712645126340486e-03
1.891415927014242302e-03
1.755060253279309979e-03
1.628026061323318251e-03
1.509726666495072971e-03
1.399607140924439197e-03
1.297143153145019837e-03
1.201839781825749225e-03
1.113230315160294338e-03
1.030875045869541345e-03
9.543600703422690278e-04
8.832960991591363000e-04
8.173172851027764784e-04
7.560800737400968311e-04
6.992620807609138808e-04
6.465609994592675346e-04
5.976935410406809509e-04
