3.989207338548414472e-01
3.011257993319851334e-01
2.213120779932442050e-01
1.566592385672724297e-01
1.047478888305662381e-01
6.350623855041202803e-02
3.116352740941641386e-02
6.209390117127802644e-03
-1.264157058484884077e-02
-2.648064527838517312e-02
-3.623187895170586204e-02
-4.267542927875939140e-02
-4.646785962546239046e-02
-4.815975141846590146e-02
-4.821097385010369996e-02
-4.700390774453698517e-02
-4.485488413704863397e-02
-4.202406615569613535e-02
-3.872397464121846156e-02
-3.512683315348709423e-02
-3.137088619788482025e-02
-2.756582531481625853e-02
-2.379744080206204482e-02
-2.013160201028309226e-02
-1.661765612547863591e-02
-1.329132391528886625e-02
-1.017716088008696618e-02
-7.290643448097613999e-03
-4.639932138972790998e-03
-2.227356862196203102e-03
-5.066360043158579796e-05
1.895943447991418895e-03
3.620934718397833540e-03
5.134737525188642904e-03
6.449145558886135166e-03
7.576836500843529831e-03
8.530981245580410155e-03
9.324930505690887106e-03
9.971966562288887836e-03
1.048510965193476252e-02
1.087696998141459565e-02
1.115963766318462530e-02
1.134460399184694657e-02
1.144270845774005702e-02
1.146410673696338089e-02
1.141825562489461737e-02
1.131391150739411225e-02
1.115913950347534322e-02
1.096133087668729397e-02
1.072722670980896797e-02
1.046294617745208155e-02
1.017401804145551258e-02
9.865414241216497598e-03
9.541584661171661347e-03
9.206492335600724441e-03
8.863648501209336200e-03
8.516147034411681790e-03
8.166697916233653723e-03
7.817659456207513846e-03
7.471069080059285911e-03
7.128672546592768403e-03
6.791951508848044494e-03
6.462149374999542201e-03
6.140295456976406843e-03
5.827227420659356234e-03
5.523612071785088951e-03
5.229964527276830845e-03
4.946665833393342447e-03
4.673979100513404872e-03
4.412064230115721880e-03
4.160991313059405824e-03
3.920752780028854446e-03
3.691274385327436222e-03
3.472425104381760518e-03
3.264026023600207459e-03
3.065858298823941584e-03
2.877670255689560811e-03
2.699183701933879041e-03
2.530099518132343083e-03
2.370102589670910857e-03
2.218866138986057800e-03
2.076055513333142748e-03
1.941331479610304295e-03
1.814353074113299802e-03
1.694780051556767867e-03
1.582274974292341083e-03
1.476504979399968038e-03
1.377143258237228853e-03
1.283870280108897338e-03
1.196374788968799195e-03
1.114354599488669769e-03
1.037517216422073358e-03
9.655802989521298238e-04
8.982719896345459348e-04
8.353311256262683148e-04
7.765073481182239827e-04
7.215611242606025794e-04
6.702636943735137010e-04
6.223969558667070707e-04
5.777532940416847413e-04
