-1.824325542200488925e-01
-1.974173011183462667e-01
-2.086291088622858336e-01
-2.165807859362600951e-01
-2.217283289361508813e-01
-2.244764612743689047e-01
-2.251836921733434971e-01
-2.241669313846737788e-01
-2.217056932137776715e-01
-2.180459215534146789e-01
-2.134034657592875361e-01
-2.079672353572854515e-01
-2.019020597707362752e-01
-1.953512775095438136e-01
-1.884390775804938023e-01
-1.812726142659625006e-01
-1.739439148812528257e-01
-1.665315986615862054e-01
-1.591024235497032480e-01
-1.517126763542310797e-01
-1.444094205266794884e-01
-1.372316146596022080e-01
-1.302111137380136674e-01
-1.233735641780348141e-01
-1.167392027581060365e-01
-1.103235686858516640e-01
-1.041381372445878972e-01
-9.819088272421097607e-02
-9.248677765845121634e-02
-8.702823476090554289e-02
-8.181549737259370680e-02
-7.684698370082523877e-02
-7.211958963982358084e-02
-6.762895451484315923e-02
-6.336969368058514851e-02
-5.933560152883837757e-02
-5.551982811686535790e-02
-5.191503231466808310e-02
-4.851351408360261852e-02
-4.530732823869758341e-02
-4.228838181043707151e-02
-3.944851690679553047e-02
-3.677958078118770402e-02
-3.427348463507114140e-02
-3.192225252368077054e-02
-2.971806158836133582e-02
-2.765327470787905945e-02
-2.572046654272411650e-02
-2.391244383963343767e-02
-2.222226076734051814e-02
-2.064322996793700737e-02
-1.916892993034075704e-02
-1.779320922239855524e-02
-1.651018805537592116e-02
-1.531425759832567152e-02
-1.420007740946345985e-02
-1.316257130665101152e-02
-1.219692195887906762e-02
-1.129856444478501663e-02
-1.046317899230665704e-02
-9.686683085174261493e-03
-8.965223096725554244e-03
-8.295165589170042791e-03
-7.673088396639875242e-03
-7.095771592879539583e-03
-6.560188429006583513e-03
-6.063496313204522897e-03
-5.603027892290456807e-03
-5.176282284657613385e-03
-4.780916504967245607e-03
-4.414737113011016519e-03
-4.075692112255233437e-03
-3.761863117594875950e-03
-3.471457806683966862e-03
-3.202802664775314043e-03
-2.954336029212362245e-03
-2.724601436493661634e-03
-2.512241272108135630e-03
-2.315990721056669643e-03
-2.134672015078518514e-03
-1.967188971041084269e-03
-1.812521813686277308e-03
-1.669722274917258232e-03
-1.537908961022235906e-03
-1.416262978636778115e-03
-1.304023809816356192e-03
-1.200485426302638423e-03
-1.104992632899825817e-03
-1.016937629812552681e-03
-9.357567838183598712e-04
-8.609275982414631417e-04
-7.919658718478267325e-04
-7.284230369837649700e-04
-6.698836675218390428e-04
-6.159631474505062026e-04
-5.663054912407557758e-04
-5.205813074375745253e-04
-4.784858972513715732e-04
-4.397374802598565634e-04
-4.040755396705401859e-04
