6.607231838356118769e-02
2.698788979450307199e-02
1.810913423254734492e-02
7.053014254092704327e-02
-5.691217997172638710e-02
-1.848080339954802365e-02
-8.132703405989309686e-02
6.192174545088635629e-02
7.813751595203190237e-02
4.829752767767774707e-02
9.539188434823715756e-02
2.761908413612589909e-03
2.141699665345524542e-02
8.706208487964510467e-02
-6.398309760609494079e-02
4.388860795137886767e-02
-1.226582662081048269e-01
6.988390906197641805e-02
4.745814209592732341e-02
9.046712190360831074e-02
1.058042984004481379e-01
1.049040117615883741e-02
5.452413354010501173e-02
-6.841669206792291846e-02
7.171652445692651423e-02
2.587855677076500438e-02
5.383466926953858755e-02
1.089109490772884187e-01
-4.921671749479365060e-02
3.750991126154370331e-02
1.373655058804051921e-01
-7.388054297402937842e-02
6.661341760344803575e-02
5.572203159370153064e-02
8.521884131600836187e-02
6.895403074659814391e-02
3.690911416704326705e-03
3.397510083319035812e-02
-7.591395230779854775e-04
-4.458482598501798538e-02
-4.259862414039082557e-02
1.495329337329917574e-01
-3.654079345850802518e-02
8.795063917720159774e-02
2.769393553085883197e-02
6.002831808810423636e-02
-2.165505280043030292e-02
5.999785386248136440e-03
-8.358042836392677588e-02
-4.323627126761390299e-02
3.382970703880944230e-02
-1.166743164012894185e-02
8.839022088436905566e-02
6.500824046392353339e-02
-6.078160813792876822e-03
-8.213563094479155169e-02
1.617974812713535437e-01
1.381862596054868053e-01
6.498112237518112455e-02
-1.594462140469579594e-03
-9.935603075093565884e-02
1.221904645863949451e-01
3.783677496437424376e-02
1.537318004928188986e-01
1.655212574119371838e-01
1.371992400902295219e-02
-9.996655799636348927e-02
-1.112977645205336791e-01
2.043818494342969361e-02
-7.155543294280603678e-03
3.686930661657895902e-02
5.792404802654239904e-02
2.341297855514999984e-02
4.151739863816655135e-02
6.726328454126903611e-02
-1.038263376221828516e-01
6.955723428948942799e-02
-7.948701591696122337e-02
-9.809182119555522050e-02
5.514139862967184363e-02
1.018282797423589701e-02
3.536770268564225217e-02
1.975468760508452062e-02
-6.919477856214736877e-02
1.978075765642476128e-02
-1.037006797276803644e-01
2.323221797434035438e-02
5.362082981889473854e-02
2.007667806161793356e-02
-1.650225309100877003e-01
9.139727886423507086e-02
9.446492497893800577e-02
8.133120756809475438e-02
-1.085273876957002642e-02
6.862335556846539675e-02
2.552893632002795413e-02
-1.557579594012026107e-02
5.273609512885622103e-02
-4.722912934575735494e-02
-6.116959290272892119e-02
