7.089309233451743242e-02
4.686856332532296499e-02
1.211030811804469504e-01
1.371310984793401577e-01
8.485683681003962364e-02
4.685212976863295520e-02
-1.704898985119528837e-02
-2.995720588007805968e-02
-1.320515957510902741e-02
3.199389418841291216e-02
1.190537673951578938e-02
-1.745253744076190883e-01
-4.553677901522464738e-02
-7.235833469205434076e-02
1.471895184512753418e-01
6.794074494946343579e-02
5.835985640993687773e-02
-1.426179888213822411e-01
-2.031630970116620749e-01
3.742837261911335922e-02
-1.821727138199550622e-01
-1.441180857054468745e-01
1.470705860624850203e-01
-9.040253504476582214e-02
-1.089638318548466073e-01
5.686507519748514733e-02
7.185065089192933796e-02
-5.242174340537049566e-03
8.726276875631634733e-02
1.663540151925302357e-02
6.488415371580028013e-02
3.124774983815845411e-02
5.505509608469999483e-02
8.396456475116751555e-03
4.178773447737998276e-02
-2.387810531890434060e-02
-1.574147087463343142e-01
2.662831048043807700e-02
6.287521594239101064e-02
-2.361587039415869588e-02
-3.168256423308531827e-02
1.723297643125647483e-01
9.843139578688282765e-02
2.438743220858338723e-02
-7.474774370204513574e-02
1.445509649622057913e-01
6.311590123781214701e-02
1.875916311049685009e-02
-3.245166451811756086e-02
-9.186220765583671911e-04
1.886889337434927497e-02
-4.700672100169356327e-02
1.745137250007363916e-01
-4.653078396809466610e-02
-2.021158370380909952e-02
-3.137954071512157050e-02
-2.125588051726775077e-02
-2.325487114470331171e-02
2.412295676923900331e-02
4.315024253004107191e-02
-1.409170567990227982e-02
7.263858147512680663e-02
8.601312610683824189e-02
-4.102210279348107030e-02
-1.647990113593577818e-02
1.363090657040649523e-01
-1.030132918559088090e-01
1.649746397603255033e-01
1.412989569569581272e-01
5.752688476117437735e-03
5.677727493159254180e-02
6.469574991337258274e-02
-2.063851164313202924e-01
-7.004264456308273781e-03
1.224946480686906758e-01
1.136021210697634176e-01
1.160006036150974390e-01
-1.022605241765689732e-01
8.570722881626205436e-02
1.547158890264721705e-02
-1.974298936579138852e-01
1.001497243716938240e-01
2.040240340021236554e-01
4.119659719056983221e-02
1.903810855897488941e-01
-3.406548545043236453e-02
7.144528266842703479e-02
-9.145477439907932771e-02
5.604935108415166206e-02
-4.824688972999712638e-02
2.055227583130955164e-03
1.157991746856397025e-01
-6.875956895877342878e-02
2.520900226462187768e-02
5.637203454283035847e-02
-1.043771264842883462e-01
4.811882037989359540e-02
3.301137299041704415e-02
-1.044262727900181348e-01
1.870942575410203430e-03
