-8.639698046986525604e-02
-1.037087979881317623e-01
-2.044219323997916449e-01
5.853251566081203033e-02
-4.496428477966461085e-02
-2.639219962935882707e-02
-1.130479276836125202e-01
-5.544308309882175351e-02
-1.581722446914230196e-01
-1.225709561275597215e-01
4.065463392745718302e-02
-1.040470895090077168e-02
-1.583175858270876590e-01
-5.717823174142003251e-02
-1.197082871129661469e-01
-1.423196217689617071e-01
-1.709784888122655166e-01
-1.805838031059631976e-01
-1.330563585554361550e-01
-1.521701550397723812e-01
-1.016998049698481232e-01
-1.516042128406370482e-01
-1.648815034847621319e-01
-1.360786306434083603e-01
-9.155999911600420926e-02
-2.063714076333876546e-01
-1.230018275209951439e-01
-8.556996832489333071e-02
-1.472047602400522737e-01
-8.838184683475536207e-02
-1.772618478929889052e-01
-1.408279788446450409e-01
-1.735851068765193461e-01
-2.275380454223570881e-01
-1.233476340993809733e-01
-6.137619520393144956e-02
-1.139288683536817115e-01
-3.810114581647401633e-02
5.886390702723197366e-03
-2.195337254701459906e-03
-8.674393780687265562e-03
-1.665909074470228457e-01
-2.173704050168248636e-01
-3.565267592612358927e-02
-5.503702132730959456e-02
-1.437278141343664994e-01
-1.283345999976771012e-01
8.755851447314628305e-03
5.655784892391323843e-02
-7.820323231298605127e-02
-7.702356887415260679e-03
-7.186490089302155493e-02
-4.814579726429699114e-02
-2.673294364360212852e-02
-3.653627841632467455e-02
-7.740608531200339308e-03
1.064657982425379172e-02
4.639419864206777849e-02
-1.526096651019572814e-01
7.469658687006615339e-02
-5.548427504504738206e-03
7.878889101996354449e-02
-1.215280731316423397e-02
-6.854493508657608092e-02
-6.555317990909226289e-02
-2.525027556315856750e-02
3.433158095753494933e-03
1.792794069651071007e-02
3.708579313641718195e-02
3.071082579798582735e-02
-2.278082837689032573e-03
-8.763221377644141163e-02
2.199441198999480332e-02
-9.661645431333340528e-03
-7.982348141677987619e-02
4.115162526900120743e-02
-3.299503911028077441e-02
1.387589200213751491e-02
-6.610775294866015443e-03
2.687997386094701652e-02
-7.839988402637207421e-02
6.773790848281659172e-02
-1.207045353021357105e-02
-7.969234652836816590e-02
-4.578175765644069972e-02
-2.025134902610595602e-02
-8.157871901260759298e-03
4.100811621772049165e-02
6.359776455878783652e-02
-4.416602427786373020e-02
3.277331436636405498e-02
5.140073390691110751e-03
-1.217798858298224651e-02
-8.887054973665516402e-03
6.893116799817103346e-02
-9.467829700022814543e-03
4.036170614941989726e-02
-1.997387199077931691e-02
1.545643633093252145e-02
1.461916114397360418e-02
