1.442747623360397524e-01
1.036413271394222707e-01
7.127386416978835626e-02
4.579212495299157804e-02
2.602035442752768241e-02
1.095928534171558208e-02
-2.382382421553044805e-04
-8.288459782276793447e-03
-1.379512845364237739e-02
-1.726548570685621647e-02
-1.912412682950951487e-02
-1.972500679782535071e-02
-1.936182678236754440e-02
-1.827700866242390476e-02
-1.666943935400568705e-02
-1.470114426302036176e-02
-1.250302938097919841e-02
-1.017981412942314118e-02
-7.814261751239857945e-03
-5.470800594565887465e-03
-3.198617818936419499e-03
-1.034296680020189985e-03
9.959405526506481809e-04
2.874329972484837570e-03
4.589956630432379114e-03
6.137397398350452615e-03
7.515580516132915057e-03
8.726830930069470749e-03
9.776074632088675720e-03
1.067017879314964557e-02
1.141740761230142925e-02
1.202697653155605784e-02
1.250868984482022411e-02
1.287264879994599182e-02
1.312901909456292912e-02
1.328784823224209849e-02
1.335892456518339086e-02
1.335167102891499091e-02
1.327506759621153651e-02
1.313759736156797087e-02
1.294721193165786557e-02
1.271131245665643728e-02
1.243674320561818578e-02
1.212979507809980664e-02
1.179621686426916144e-02
1.144123242591142675e-02
1.106956227896187771e-02
1.068544832139585975e-02
1.029268067454095631e-02
9.894625796429905307e-03
9.494255187289517284e-03
9.094174143675569713e-03
8.696650132608747114e-03
8.303640453379907554e-03
7.916818935113610622e-03
7.537601484996247700e-03
7.167170357274907193e-03
6.806497058433607673e-03
6.456363840840426485e-03
6.117383766916255003e-03
5.790019349608717392e-03
5.474599793616676847e-03
5.171336876219367364e-03
4.880339517422236165e-03
4.601627097040138573e-03
4.335141581810875340e-03
4.080758529106491561e-03
3.838297035657792754e-03
3.607528700245219051e-03
3.388185668802660977e-03
3.179967829054834889e-03
2.982549219851585859e-03
2.795583717931249094e-03
2.618710062070635745e-03
2.451556271569256800e-03
2.293743512858437573e-03
2.144889464794319002e-03
2.004611229945140946e-03
1.872527835964123144e-03
1.748262367985918206e-03
1.631443769924810754e-03
1.521708349607762099e-03
1.418701019859912836e-03
1.322076304984805793e-03
1.231499139552633820e-03
1.146645484030594207e-03
1.067202779560368683e-03
9.928702621075512387e-04
9.233591542733951725e-04
8.583927512661672539e-04
7.977064158725783675e-04
7.410474957430927302e-04
6.881751749021849289e-04
6.388602701090449320e-04
5.928849815189987920e-04
5.500426060242680302e-04
5.101372206777055182e-04
4.729833427183122337e-04
4.384055719160984111e-04
4.062382202300816847e-04
