2.581966747296702280e-01
6.742273149391443676e-02
1.207393952654929326e-01
1.298308210090557413e-01
-1.012888787171294623e-02
-2.431183054195898419e-02
-2.568883932938197286e-03
-2.021539206018461987e-01
-2.022072304679827237e-01
-1.113123160953217138e-02
-1.361670219005535754e-01
-5.922239705544405514e-02
-2.661347204036032532e-01
-1.990503875467983241e-01
-2.108064266726275837e-01
-6.256771101074072583e-02
-4.688877372388671610e-02
-2.048539870548057307e-01
-1.533260696975903281e-01
-1.786254180692120053e-01
-4.497442276169807268e-02
-1.469349486266177951e-01
-1.084168786867132500e-01
-2.983128081860492858e-02
-1.267487289502360337e-01
-1.347961836420328019e-01
-1.406670352002114145e-03
-1.397639470284188223e-01
-1.210950563666321200e-01
-1.280932290337758184e-01
-2.035148527255528916e-01
-9.882684497340689378e-02
4.905950691165814753e-02
1.798598838630801819e-02
-1.363752900446500022e-02
5.800394042512330151e-02
-1.563025196233057967e-01
4.521505487509795695e-02
-1.178656546038149983e-01
-6.417950914522817241e-02
-1.034282519524299809e-01
-4.625383988486272274e-02
7.184864187849880623e-02
-4.538719128251272883e-02
-8.544931953106789380e-02
-6.878189982314229789e-02
2.055798036702600334e-02
1.406116728070882539e-02
-1.286054259397887423e-01
-1.775844448873321879e-02
1.517333062114879089e-02
2.081270515992327333e-02
5.133298728717807652e-02
8.030204214013987596e-02
-6.159236962174078484e-02
-6.779965729213999204e-02
3.068662181780429724e-02
-1.024854226146046238e-01
4.238629252126641794e-02
4.200300677850305961e-03
2.558070320507051850e-03
-9.429109452716086248e-02
2.295705175403565598e-02
-4.244279116572104854e-02
6.747749389263742181e-02
-8.333766863691835503e-02
-4.736508648962248214e-02
6.479178909165568545e-02
1.184764354223376628e-02
1.106318728138551005e-01
-1.296648990211665686e-01
3.955743944488004926e-02
1.961358040396321903e-02
-2.295500289780927697e-02
8.669003366271653410e-02
9.046417147141858767e-03
6.863349726500567183e-02
-5.765008794733452596e-02
3.280715123138075451e-02
5.437839732897392815e-03
-2.057238711387604155e-02
-2.058767892705912553e-02
-1.057543589567563891e-01
2.843125702971494376e-02
-6.395971596409767701e-02
-1.449224375381723551e-01
5.522980522053922564e-02
-8.346437609353209164e-02
-9.325101661239135198e-03
1.045841351476298614e-01
4.367398615967019865e-02
7.151327265258455683e-03
-2.615690488541485073e-02
1.135473004289768995e-01
-2.953376756387443743e-03
-2.414343397105851372e-02
-1.882739002074522994e-01
-2.939116007359144148e-02
-5.226574517613245124e-02
-5.735418260105839411e-02
