2.390569114069101830e-01
1.613701422464264013e-01
9.655940792213829615e-02
4.285331754702684237e-02
-1.296673033835175253e-03
-3.724285291445966067e-02
-6.616478389027774520e-02
-8.909010863000592362e-02
-1.069129455999670714e-01
-1.204101432359337420e-01
-1.302556356939099103e-01
-1.370331156355878433e-01
-1.412472155624821257e-01
-1.433333678886620777e-01
-1.436664949530371549e-01
-1.425686632659290409e-01
-1.403158212358181500e-01
-1.371437262294211701e-01
-1.332531549019456973e-01
-1.288144801340760093e-01
-1.239716884847648221e-01
-1.188459036864610435e-01
-1.135384742579485517e-01
-1.081336766877562527e-01
-1.027010797573628675e-01
-9.729761034718957535e-02
-9.196935642745258932e-02
-8.675313881594835796e-02
-8.167787962836496607e-02
-7.676579210259282249e-02
-7.203341360113900416e-02
-6.749250104450293941e-02
-6.315080576704272530e-02
-5.901274278320287059e-02
-5.507996767727143389e-02
-5.135187275850974786e-02
-4.782601273279347281e-02
-4.449846891155190276e-02
-4.136415989076785982e-02
-3.841710567106005475e-02
-3.565065134014714504e-02
-3.305765568859939801e-02
-3.063064946744065153e-02
-2.836196741184387332e-02
-2.624385763995944545e-02
-2.426857158191108449e-02
-2.242843719416083570e-02
-2.071591786254270429e-02
-1.912365908775014861e-02
-1.764452477502557320e-02
-1.627162471087367085e-02
-1.499833459994256296e-02
-1.381830985135554246e-02
-1.272549414269474183e-02
-1.171412364884577215e-02
-1.077872769962285975e-02
-9.914126522400729113e-03
-9.115426632012094826e-03
-8.378014348278860213e-03
-7.697547850269876105e-03
-7.069948114427813957e-03
-6.491389029943265936e-03
-5.958286938168548194e-03
-5.467289802569105100e-03
-5.015266180923965908e-03
-4.599294141517147258e-03
-4.216650239302177638e-03
-3.864798645935518199e-03
-3.541380508691104219e-03
-3.244203597173129280e-03
-2.971232283073314655e-03
-2.720577886653339789e-03
-2.490489413891758784e-03
-2.279344700072594501e-03
-2.085641968794440561e-03
-1.907991809755910703e-03
-1.745109574061618450e-03
-1.595808182048424288e-03
-1.458991335629531956e-03
-1.333647124785010320e-03
-1.218842015996438911e-03
-1.113715209048446019e-03
-1.017473347629294133e-03
-9.293855684945778219e-04
-8.487788735590633127e-04
-7.750338091056419194e-04
-7.075804363075121175e-04
-6.458945774161210405e-04
-5.894943222438189540e-04
-5.379367799417323270e-04
-4.908150615189172620e-04
-4.477554790503372522e-04
-4.084149480635727533e-04
-3.724785801646091511e-04
-3.396574535509145351e-04
-3.096865496565437935e-04
-2.823228447718042111e-04
-2.573435460732599535e-04
-2.345444620836481151e-04
-2.137384981518968951e-04
