-1.101918719090347887e-01
-8.508939198253641367e-02
-6.905992641585931291e-02
-6.010025707444854870e-02
-5.655419958511659351e-02
-5.706013339863831579e-02
-6.050580959190572650e-02
-6.598948512607921701e-02
-7.278655135493042327e-02
-8.032092923248415617e-02
-8.814059560340048449e-02
-9.589668567881057260e-02
-1.033256876356320464e-01
-1.102343074052989091e-01
-1.164866361779650916e-01
-1.219933008589259016e-01
-1.267023194861799928e-01
-1.305914201675940078e-01
-1.336616140547421394e-01
-1.359318407954216434e-01
-1.374345292894961212e-01
-1.382119378462302595e-01
-1.383131563873220005e-01
-1.377916694945649501e-01
-1.367033931604413888e-01
-1.351051103244008122e-01
-1.330532408962189217e-01
-1.306028911820838467e-01
-1.278071356159318772e-01
-1.247164906135397738e-01
-1.213785463464683856e-01
-1.178377273969117012e-01
-1.141351577078669327e-01
-1.103086090778497841e-01
-1.063925157462679988e-01
-1.024180404451011800e-01
-9.841317971646221241e-02
-9.440289836789282629e-02
-9.040928470502018754e-02
-8.645171968561776721e-02
-8.254705441605962590e-02
-7.870979149190633628e-02
-7.495226659614090403e-02
-7.128482753506915071e-02
-6.771600853369461048e-02
-6.425269814733897134e-02
-6.090029958989873898e-02
-5.766288264483161036e-02
-5.454332662435352336e-02
-5.154345408543772877e-02
-4.866415520668445488e-02
-4.590550288543557983e-02
-4.326685873604564636e-02
-4.074697026349688445e-02
-3.834405955627559481e-02
-3.605590389264017037e-02
-3.387990868855280530e-02
-3.181317323654063445e-02
-2.985254969508675804e-02
-2.799469578993057234e-02
-2.623612168365327749e-02
-2.457323145963236782e-02
-2.300235965211461578e-02
-2.151980323682171556e-02
-2.012184947702866725e-02
-1.880479999914989875e-02
-1.756499145011473223e-02
-1.639881306667981611e-02
-1.530272146469030710e-02
-1.427325293446165579e-02
-1.330703350714176197e-02
-1.240078703630734074e-02
-1.155134151927806468e-02
-1.075563386379142262e-02
-1.001071328783115222e-02
-9.313743523577671865e-03
-8.662003980666186861e-03
-8.052890009193739568e-03
-7.483912389196072622e-03
-6.952696160593562283e-03
-6.456978895848095729e-03
-5.994608506742230870e-03
-5.563540666743604403e-03
-5.161835921306404465e-03
-4.787656550139826432e-03
-4.439263237893272505e-03
-4.115011602820955496e-03
-3.813348626748061694e-03
-3.532809024020228984e-03
-3.272011582033261014e-03
-3.029655501368447648e-03
-2.804516759459071105e-03
-2.595444518047696457e-03
-2.401357591424708483e-03
-2.221240989531943558e-03
-2.054142547439344411e-03
-1.899169650426750467e-03
-1.755486061899932558e-03
-1.622308859613351027e-03
-1.498905484138386961e-03
