7.198303527327708229e-02
1.018467040992818012e-01
1.212765877392559394e-01
1.323780414278719064e-01
1.369130937124192482e-01
1.363502559218386367e-01
1.319076246942872399e-01
1.245901349751819126e-01
1.152217154045545727e-01
1.044730051224133094e-01
9.288520926275184442e-02
8.089059847843196871e-02
6.883009458738574560e-02
5.696832883501801170e-02
4.550651042549765102e-02
3.459340008721764614e-02
2.433464579892155588e-02
1.480070478859191185e-02
6.033546975498182974e-03
-1.947690330544038506e-03
-9.141948860092091733e-03
-1.556226875909241802e-02
-2.123246970891840002e-02
-2.618439743572892331e-02
-3.045565221413404355e-02
-3.408772727821145210e-02
-3.712449491107483457e-02
-3.961098657103340193e-02
-4.159242088514908398e-02
-4.311343983808756108e-02
-4.421751912732843626e-02
-4.494652355210471129e-02
-4.534038254698391501e-02
-4.543686464443827400e-02
-4.527143282666009488e-02
-4.487716546894573305e-02
-4.428472994105687316e-02
-4.352239796802977179e-02
-4.261609360083044168e-02
-4.158946614759280458e-02
-4.046398170077387946e-02
-3.925902799313074620e-02
-3.799202825105502807e-02
-3.667856050939002910e-02
-3.533247952650264700e-02
-3.396603900873566839e-02
-3.259001233391455032e-02
-3.121381036694012567e-02
-2.984559529761612873e-02
-2.849238971125467312e-02
-2.716018033451741281e-02
-2.585401608953331876e-02
-2.457810024476254906e-02
-2.333587657668990609e-02
-2.213010955683665515e-02
-2.096295865774036593e-02
-1.983604693288330140e-02
-1.875052407197484727e-02
-1.770712416702287934e-02
-1.670621844840665393e-02
-1.574786326551718546e-02
-1.483184359501807381e-02
-1.395771236271881911e-02
-1.312482586356071568e-02
-1.233237555923451245e-02
-1.157941652526783653e-02
-1.086489280970154118e-02
-1.018765995426574970e-02
-9.546504916724402046e-03
-8.940163620155009913e-03
-8.367336341672488437e-03
-7.826701139739537794e-03
-7.316925505926891692e-03
-6.836676413950570734e-03
-6.384628926139502593e-03
-5.959473505266059748e-03
-5.559922167970494412e-03
-5.184713604873367188e-03
-4.832617381927278855e-03
-4.502437327626191560e-03
-4.193014201371409247e-03
-3.903227729584534712e-03
-3.631998088047413108e-03
-3.378286901421416553e-03
-3.141097823932376999e-03
-2.919476758780000479e-03
-2.712511767915535763e-03
-2.519332718402497642e-03
-2.339110706604404909e-03
-2.171057296902972802e-03
-2.014423607512637413e-03
-1.868499272195028264e-03
-1.732611303264115646e-03
-1.606122878183338307e-03
-1.488432069265732509e-03
-1.378970533473670382e-03
-1.277202177053880089e-03
-1.182621807715334740e-03
-1.094753785242486878e-03
-1.013150679815925980e-03
