-1.098081077972344610e-01
-2.088846094073743692e-02
-1.078370311009386739e-01
1.641110539340692384e-02
7.855081587501866469e-02
-6.907784345315864938e-02
2.851983218368117634e-02
2.023778416444931699e-02
1.273611599753592723e-03
3.232383012392532617e-02
1.534426770281822720e-02
-8.800153789814619751e-03
5.950673272419445409e-02
7.897284647233611399e-02
1.368254736472975519e-01
1.447420721335949123e-01
2.069043988969385406e-01
4.284077477123809236e-02
7.563632825202630007e-03
6.681236543091456648e-02
1.156051049023997385e-01
7.924692057612890694e-02
1.800930340243554473e-01
4.522597099767887430e-02
8.005609047976725012e-02
1.228164316394913802e-01
6.984796580302292390e-02
9.318037560845385259e-02
-1.223029907013300707e-02
1.122037247304251834e-01
3.822726274158704668e-02
3.906420426087302972e-02
5.711998900269859430e-02
8.301111501181901442e-02
1.752718816950047664e-01
8.568052753038751801e-02
1.530676744142064061e-01
4.184112910051599604e-02
-1.720929801346235757e-02
1.154128905117897119e-01
6.429506743516383294e-02
5.539040170470146268e-02
1.620984563746896978e-01
1.097782430719334151e-01
6.618876104665503968e-02
1.481285054026192094e-02
6.325662923036974583e-02
1.550778951748822687e-01
5.503962065764612249e-02
-9.037437179325334691e-02
4.675164358260689573e-02
2.447450915202598054e-02
8.927807077328908658e-02
-2.820531047320775503e-02
-7.591720291437839725e-03
-5.651549017106664852e-02
5.430439783054702430e-02
4.067789260931458512e-02
1.598229807306037198e-01
-3.574348530582517613e-02
-2.423405416214969785e-02
1.322358502641266531e-01
1.020372441790960844e-01
1.119139969955505742e-01
6.558595185640342384e-02
8.747239755833528807e-02
-3.374231848760451263e-02
-7.628931660573806846e-03
1.099551311312327723e-01
-4.019231714175324627e-02
6.003378172164450938e-02
6.362627370813089822e-02
5.155606521892877603e-02
-5.509058173714424800e-02
-8.921790432814265259e-02
-1.183021275993287845e-02
-3.409122837281984564e-02
-2.834247836525789419e-02
-1.232701560513004418e-01
-6.629890074965316682e-02
4.170499147229983494e-02
4.922742037952595323e-02
1.678364130791649977e-02
-1.616393602569652643e-01
4.752101072988896419e-02
3.802225584395550750e-02
3.788699585241205731e-02
1.981126876688685604e-02
-2.675190018098344211e-02
6.374168495423097880e-02
-5.071233591407977442e-02
3.264719551382565255e-02
8.913466874475282908e-02
5.124132209752115669e-02
-1.248500362619985211e-02
-9.626015096791176728e-02
2.553959936525054125e-02
2.151536095999693685e-02
-1.498101203569986682e-02
-1.539669581001616022e-02
