3.723599919608342607e-02
1.447251226670244820e-02
2.856423446118337983e-01
2.333210102351066240e-01
1.866701474282749657e-02
1.609804992990355454e-01
1.391543322192269894e-01
1.323563039468894087e-01
1.244729778737446030e-02
1.263125646868763774e-01
-1.080816770263027041e-03
-1.605890227582175145e-01
5.439756113752722971e-02
6.258392369874143935e-02
1.844104197241416276e-01
2.389671019008777000e-02
6.244972967927037849e-02
4.803757288254215801e-02
6.998960390704489498e-02
8.709376605821027295e-02
-5.662634164534990910e-02
-2.308136717633621840e-02
-6.573964838766045704e-02
7.226012346039996370e-02
9.502710672785691370e-02
-7.349683290021082060e-02
-3.048595918834768118e-02
1.048392133832295181e-01
-8.001446235734059609e-02
-1.471283005282591483e-01
8.223991138267390533e-02
-2.209552602875742081e-02
-8.902873788548994194e-02
-1.269889214554748569e-01
-1.341026988627924965e-01
6.838294919907815517e-02
-3.930760094053833281e-02
-3.692156018527232523e-03
-5.353093269470494270e-02
-9.652036495511866210e-02
-1.641503233651778471e-01
-1.272060517881816732e-01
-2.052130395425772261e-02
-1.642558482669249642e-01
-7.997644488597589751e-02
-1.012111817912205239e-02
-1.180222374694119558e-01
-1.460658389091639697e-01
-7.304323668875532805e-02
-2.352945904224327811e-01
-3.033892968511218979e-02
1.235448300717110620e-01
1.821468376023934257e-02
-1.957712898402791668e-01
1.030060690088029432e-02
-1.032084786244465563e-01
9.504284166912383217e-03
-8.647126799691139121e-02
-1.404206402930051056e-01
7.998209571878470148e-02
1.372535599694739948e-02
-9.341707545403091922e-03
9.151377771526190974e-02
6.861788549908488799e-02
3.112729901645019601e-02
-1.223345834157487516e-01
7.454429192438595531e-02
-2.553893544458227596e-02
2.929511666502448292e-02
-9.388081968395561860e-02
1.654203912166998802e-02
-2.448793309866477419e-02
-8.645954247735183895e-02
-1.411838614104095890e-01
1.064692978710434501e-01
-5.283537652234775173e-02
5.283850848986818699e-02
8.963427874181396915e-02
1.743194496744717714e-01
-1.248074305903401210e-01
3.001693144252431597e-02
-1.777872766168790350e-02
5.631318182287063656e-03
3.007022075248731371e-02
-4.647087603153433194e-02
6.123291158088040032e-02
-3.510867110538118396e-02
4.592907541858339687e-02
-7.010236979011805203e-02
-1.155742232732343139e-01
9.104401494068904699e-02
1.557674009298634088e-01
5.233214806548171921e-02
-2.615229492579580761e-02
1.335042358179694237e-02
-8.761490101180059720e-02
2.182713624431842359e-01
3.601009678171886164e-02
-6.954372490636315240e-02
6.977772371204843047e-03
