2.191129431523037019e-01
1.185960054667692942e-01
3.686098261834960810e-02
-2.891214091315390949e-02
-8.116193922634602764e-02
-1.219940143324000359e-01
-1.532235607483268813e-01
-1.764127229979996214e-01
-1.929033631478546673e-01
-2.038457841054974184e-01
-2.102238911156412704e-01
-2.128772177929646181e-01
-2.125201933296206880e-01
-2.097589834893688887e-01
-2.051061990130466084e-01
-1.989937305444199889e-01
-1.917839386373269284e-01
-1.837794003764431916e-01
-1.752313902367871323e-01
-1.663472516674787405e-01
-1.572967971989687741e-01
-1.482178583608204925e-01
-1.392210921112699007e-01
-1.303941376001162555e-01
-1.218052057176651770e-01
-1.135061738510781681e-01
-1.055352494217686316e-01
-9.791925797697298428e-02
-9.067560473431746093e-02
-8.381395242281020064e-02
-7.733765293212091496e-02
-7.124496558999141027e-02
-6.553009076049746973e-02
-6.018404382752018389e-02
-5.519539143964505984e-02
-5.055086909294924380e-02
-4.623589667090419880e-02
-4.223500640533343203e-02
-3.853219583314004826e-02
-3.511121666863010332e-02
-3.195580906266824728e-02
-2.904988945283567062e-02
-2.637769910134284482e-02
-2.392391945035927947e-02
-2.167375958061989669e-02
-1.961302032360645597e-02
-1.772813893702829269e-02
-1.600621769604832281e-02
-1.443503926841719145e-02
-1.300307132132724058e-02
-1.169946244338789659e-02
-1.051403114964000185e-02
-9.437249464785274489e-03
-8.460222344385464471e-03
-7.574663990914835138e-03
-6.772871947042071253e-03
-6.047699698705416571e-03
-5.392528392204325172e-03
-4.801238159844404413e-03
-4.268179455168778086e-03
-3.788144719327118937e-03
-3.356340632785708572e-03
-2.968361149716183117e-03
-2.620161464578460962e-03
-2.308033020377884409e-03
-2.028579634734174048e-03
-1.778694792298906972e-03
-1.555540129370553554e-03
-1.356525118063549307e-03
-1.179287942467637136e-03
-1.021677547345264080e-03
-8.817368305925592925e-04
-7.576869435294677005e-04
-6.479126577401445215e-04
-5.509487533566378124e-04
-4.654673811102863490e-04
-3.902663489464236295e-04
-3.242582833205037880e-04
-2.664606153072925782e-04
-2.159863422229015353e-04
-1.720355164663224697e-04
-1.338874146351695833e-04
-1.008933415772173686e-04
-7.247002583614142908e-05
-4.809356487921385460e-05
-2.729388050901060403e-05
-9.649646921263549393e-06
5.216344055044164901e-06
1.764141393722357121e-05
2.792685616046495546e-05
3.634145163306152539e-05
4.312466874722379207e-05
4.848957346826200231e-05
5.262547335289728938e-05
5.570031765717335052e-05
5.786287408856313590e-05
5.924470123671134788e-05
5.996193428284973814e-05
6.011690023838837027e-05
5.979957769685652607e-05
