1.909210681423290368e-01
1.700740904023113897e-01
2.775833566742535660e-02
-1.051183195365115730e-01
-6.710985114552250885e-02
-4.309530576844438493e-02
-1.931634598680135595e-01
-2.057492867058844099e-01
-1.756474427182412590e-01
-1.607198726338083805e-01
-2.501542244687911531e-01
-1.894251551889410967e-01
-1.594724612000714137e-01
-5.056420444679340931e-02
-2.963432031890960161e-01
-2.642099895597100900e-01
-1.334388640333040166e-01
-2.326962091341322481e-01
-2.194369940659400553e-01
-1.197326523385272429e-01
-2.464621985495953349e-01
-1.179143339279272867e-01
-1.479848205694244689e-01
-2.197813717190538196e-01
-1.722354971380573307e-01
-2.508177127831528463e-01
6.453902959736729228e-02
5.551857767027500862e-02
-3.654503305465026664e-01
4.118787576571170811e-02
-3.060210688840637669e-02
-3.805306345612098351e-01
-5.576954729875066574e-02
-1.680834171750398426e-02
-3.302961429283120531e-01
-6.979655386416414031e-02
-6.728107862237471190e-03
-1.068986667789572770e-01
7.405190991298189751e-02
-1.903748825108642906e-01
1.289498520420318262e-01
-8.247041884307627913e-02
1.690781920541184757e-01
-4.621738485532859292e-02
3.988499474661235528e-02
-3.144122460015356946e-02
6.356561018189808843e-02
-9.495198047740867342e-02
8.526303655158072592e-02
1.084374539771306850e-01
-5.780255512742160651e-02
1.083358463716965481e-01
1.792756926609224422e-01
1.879834496706525929e-02
-1.737601474607756991e-02
-3.144438322313264922e-01
-1.868821953479438414e-01
-2.647786418314547127e-02
1.307599164217405352e-01
5.590805115320745394e-02
-8.126729204955352240e-03
1.614300304921741092e-01
-9.176536193368584060e-02
8.687504770305600962e-03
1.235630243708175507e-01
-1.467835302666812836e-01
9.713052881533641714e-02
-1.902771830391069008e-01
6.434102380200826254e-02
1.923099777270780020e-01
7.256417378406094902e-03
1.080036998473418719e-01
-1.465709498097033658e-01
1.930265866206161418e-01
-4.116446817328676261e-02
1.081643954978655717e-02
-1.589646396695761910e-01
2.052138939063366530e-02
5.335779068288099697e-02
-1.218952307954413034e-01
2.142293473226099254e-02
4.252775923038125405e-02
4.494184664857494432e-02
-6.595994963079930551e-02
3.322278014176657107e-02
7.737789338404581219e-02
-7.966097065397852173e-02
-1.454590858723566957e-02
2.327540365663972044e-01
-1.062792556370081437e-01
-2.468915783094295657e-01
1.951421089194827624e-02
-1.714837808665468921e-01
-5.148403169310108995e-02
-7.815959352161905294e-02
7.972996711075043541e-02
1.013818370891894811e-02
1.003232702801200305e-01
-1.737019580712673150e-01
-5.190385477937935199e-02
