-5.773297438095528755e-02
-5.342230283551215736e-02
-4.576054633847784908e-02
-3.577175645099541640e-02
-2.428238687362806181e-02
-1.195277194920924685e-02
6.958957833576237539e-04
1.325848893191642480e-02
2.542624559269671125e-02
3.696998962962654012e-02
4.772587245717008209e-02
5.758328928932792551e-02
6.647466784927336114e-02
7.436686696513070127e-02
8.125395698224538443e-02
8.715118409633171304e-02
9.208994708036721821e-02
9.611363790425614395e-02
9.927421783847856229e-02
1.016294181510278422e-01
1.032404697679212419e-01
1.041702795505426854e-01
1.044819823937098990e-01
1.042378083827460861e-01
1.034982129560158143e-01
1.023212255683662586e-01
1.007619788874218880e-01
9.887238620752752949e-02
9.670093964837023215e-02
9.429260591607785402e-02
9.168880003079869778e-02
8.892742054253832684e-02
8.604293243301933125e-02
8.306648619384089660e-02
8.002606353123067895e-02
7.694664181973255579e-02
7.385037085014470315e-02
7.075675662482341921e-02
6.768284797565807254e-02
6.464342264234221314e-02
6.165117017340440708e-02
5.871686961928531540e-02
5.584956049245023285e-02
5.305670588876525151e-02
5.034434700983600464e-02
4.771724860869485524e-02
4.517903511061574506e-02
4.273231734512818875e-02
4.037880997154454782e-02
3.811943979458200238e-02
3.595444525415855686e-02
3.388346743864234512e-02
3.190563301755117848e-02
3.001962952119676190e-02
2.822377341382103014e-02
2.651607141573314452e-02
2.489427553082456182e-02
2.335593223029384588e-02
2.189842623287026682e-02
2.051901930746928907e-02
1.921488450702909731e-02
1.798313622308496396e-02
1.682085643010949871e-02
1.572511746733267282e-02
1.469300168410266755e-02
1.372161825321371181e-02
1.280811743529505775e-02
1.194970255654490693e-02
1.114363994197389678e-02
1.038726702701824565e-02
9.677998851980606013e-03
9.013333126315947394e-03
8.390854033332881268e-03
7.808234930442465964e-03
7.263240085654076514e-03
6.753725577576336937e-03
6.277639473706752432e-03
5.833021390253398039e-03
5.418001526088939319e-03
5.030799253649948996e-03
4.669721340618120456e-03
4.333159868010082703e-03
4.019589902811922071e-03
3.727566976477881058e-03
3.455724414424145470e-03
3.202770556044389101e-03
2.967485899710328116e-03
2.748720202657463797e-03
2.545389561553796417e-03
2.356473495870324824e-03
2.181012052881701156e-03
2.018102950189811732e-03
1.866898769051815151e-03
1.726604209477868935e-03
1.596473416015612313e-03
1.475807381333412100e-03
1.363951433129041496e-03
1.260292808503693561e-03
1.164258318733074051e-03
1.075312106319920025e-03
