3.799470878257243131e-05
3.717310058882184972e-05
8.192572428806708907e-05
5.555260093175894994e-05
3.363280419072921940e-05
3.033641995778276100e-05
3.558438839865721352e-05
4.519577144033363434e-05
3.677695862790319499e-05
6.048332932250226194e-05
3.947011498037270955e-05
3.894106394411809950e-05
4.123718460035150990e-05
3.976464635229822928e-05
5.318844699626244587e-05
7.058049255077022217e-05
4.515816460822942845e-05
3.073562234308318495e-05
8.766507920706607189e-05
4.422682061927106934e-05
1.218093283667847066e-05
3.725381192893022756e-05
6.022341179559925019e-05
3.016416588355967700e-05
2.442191892309047163e-05
3.760426287801181306e-05
1.958400321342329258e-05
4.542503367212338453e-05
4.367304256102103928e-05
3.659081126771333376e-05
2.696134676138222045e-05
3.382820729114286421e-05
3.047751992054994487e-05
4.762646713094446167e-05
3.345974554170087057e-05
3.458547161282880166e-05
4.979951785546046734e-05
4.555588424876961748e-05
3.832191011503306835e-05
2.851160257405607032e-05
4.135180827086934712e-05
3.956001056628256370e-05
6.186580995444139832e-05
5.289783629585796849e-05
2.756232081584717626e-05
7.124517092771849851e-05
2.586478347213501649e-05
4.411928032297019489e-05
4.559977559982532618e-05
5.893537653737516340e-05
3.521317331208913666e-05
