7.532626887118005765e-01
3.680545282940707597e-01
7.477789452820435834e-01
5.150164106040826528e-01
2.182731868898882543e-01
5.418175540605610907e-01
5.992737780491285138e-01
6.095831354202357888e-01
4.573116900111956484e-01
5.922531448688723721e-01
5.475411706593965588e-01
4.704514817918541980e-01
5.543306855997882643e-01
5.975680475022502325e-01
3.518786912871162409e-01
7.051920026583994305e-01
5.894338561140214372e-01
5.057673702259518622e-01
3.865082233773471931e-01
5.243145047401930325e-01
4.145213673627218820e-01
4.906187626561644977e-01
4.023739017866065359e-01
2.612081406569429776e-01
5.153097482493125270e-01
4.150947002146131437e-01
3.165463114610714834e-01
7.251375067647108409e-03
3.878144227305412861e-01
6.534938733648478770e-01
3.343014151390807376e-01
5.800721397825304715e-01
2.798179553204825365e-01
4.264339014658825033e-01
5.345004319963700956e-01
5.383964450709306515e-01
4.402984308663769886e-01
6.841775523516855362e-01
4.591776068555343260e-01
4.360279575403512298e-01
1.535088637661227440e-01
6.627877910465779232e-01
4.985677451512902647e-01
5.652616027194721227e-01
4.093903286398433150e-01
4.965482529239279574e-01
4.125395358444782778e-01
3.970342511140596553e-01
2.421268824872656322e-01
7.081621706134850758e-01
4.753047946415474567e-01
