2.522445824792561930e-05
3.424675871504214488e-05
3.189110664187619392e-05
2.476169992164079615e-05
2.257461997019929759e-05
2.392289509996101162e-05
2.679305883056866416e-05
2.329298511629576804e-05
2.778811392657834804e-05
2.606690663271159805e-05
2.677799725958165795e-05
2.684049096647827162e-05
2.393162939318420248e-05
3.688929577296721303e-05
3.245754597747298734e-05
2.129427343388992676e-05
3.734926924936677093e-05
2.994891033390608448e-05
1.275579975670757774e-05
3.339325006060539795e-05
2.299330711995859971e-05
2.239318425972516093e-05
2.322107592942169931e-05
2.628612088161225450e-05
2.559805507893424649e-05
2.177062414527576619e-05
2.382208475662258481e-05
2.341769302653015809e-05
2.167894922533697197e-05
2.712243488767484783e-05
2.454973942962262551e-05
2.861636300655703597e-05
3.088111814889868249e-05
3.050991501601466399e-05
2.094196613244482693e-05
2.633106722862451178e-05
2.387887186511213709e-05
3.096679778617649110e-05
2.955867801320921986e-05
2.340098806019645528e-05
3.512030980807645980e-05
2.281114351368055941e-05
2.673194808617118109e-05
2.862929991057035339e-05
2.490890957027603730e-05
2.454602371400487252e-05
2.864938713303017502e-05
2.687047641382237195e-05
2.761613747112339051e-05
2.140273933644087096e-05
2.703665728479648573e-05
2.495334112652426842e-05
3.435432060403323384e-05
2.993262093231146550e-05
2.976837784477309203e-05
2.570962176814812453e-05
2.445713992232277184e-05
2.305312319659497908e-05
4.756025400672483867e-05
2.205240103692204950e-05
4.362535547460981374e-05
3.195174742998627013e-05
2.350438143625205054e-05
2.480778435027341215e-05
2.216510883889074223e-05
2.745729793824387479e-05
2.871153429299884473e-05
2.566049127480331726e-05
2.619119872275103730e-05
2.335533269374356590e-05
3.345984005861637111e-05
2.175264519552927070e-05
2.563753859119018651e-05
2.837497373869555766e-05
2.767840773488919177e-05
2.810827075741112311e-05
3.544906394788240901e-05
2.243502966542105739e-05
3.477114369825022854e-05
3.140818048105114646e-05
2.259711487122400747e-05
3.440109242047493734e-05
2.205356744574387326e-05
3.194623382339725802e-05
3.210588005247607530e-05
2.811927722784037436e-05
3.812990226887963944e-05
4.183282134281696249e-05
2.999762894492753889e-05
3.216403754765780558e-05
3.542889361810688039e-05
4.770560459493172756e-05
3.537335941276798163e-05
3.276246268505650323e-05
3.717693538665610919e-05
3.926199895554339625e-05
4.179424479782567351e-05
6.672613411302198228e-05
4.052880115463329135e-05
1.943166794156291722e-05
4.031795981192454669e-05
4.506599104147858734e-05
3.294713447807486327e-05
2.587366746266615928e-05
3.329882185408559889e-05
3.302103608808828870e-05
5.190592557304288360e-05
4.238969450416664317e-05
3.227617487603044592e-05
3.578980962181936039e-05
4.578515636578447956e-05
5.657518304423090195e-05
3.793416526586921314e-05
4.234884130274445160e-05
3.845786455439127483e-05
4.048908580090447888e-05
4.356781475896301994e-05
3.503841987218718148e-05
4.909138497156219821e-05
4.075818952202079677e-05
3.009760981205491744e-05
2.993624992283091415e-05
4.422112490730761679e-05
3.587906655882147638e-05
4.177032862281598619e-05
3.429649522431997159e-05
3.723632000074180700e-05
3.507603138973015800e-05
2.788334379901880210e-05
3.158157980015190830e-05
2.815485701639380375e-05
4.086715885000950142e-05
3.413764543292427850e-05
4.361722486595657680e-05
3.727150332492772583e-05
3.155491119985445096e-05
2.456385425236585137e-05
5.689265572052930352e-05
3.854745164966604665e-05
2.184030617703717182e-05
3.550918062696040519e-05
3.531226026271586219e-05
2.656037362692590325e-05
3.448144317378682301e-05
2.738298730547127497e-05
4.411947944191667119e-05
4.287167744572879655e-05
2.793306759965274831e-05
2.996793039136069422e-05
3.618173315235782519e-05
3.059237235240668088e-05
2.865242174286276636e-05
3.574268476302565822e-05
4.399488690049315685e-05
3.091791345989772433e-05
2.967613178421433113e-05
2.508886035164305841e-05
2.437222998945146732e-05
2.792977207950753522e-05
3.250057258789958365e-05
4.035604733357638053e-05
3.188097504501692816e-05
2.361231505942691536e-05
3.198604817695509603e-05
2.881456947005066338e-05
3.502711800173986464e-05
2.653039813697860780e-05
2.686824443458270332e-05
4.193965997298186300e-05
2.999278912938038477e-05
2.338162182775959752e-05
2.711410709527640480e-05
3.738669547317594722e-05
2.616700005454839531e-05
2.875764173033332454e-05
3.570724747555702373e-05
1.622691421287660192e-05
2.606859620844159000e-05
2.459205490146026095e-05
2.489924100674520717e-05
2.755568871572830022e-05
2.116503984312165555e-05
3.137472275427343051e-05
2.849432772243101235e-05
2.428227739215010837e-05
2.721178459784384218e-05
3.321839486939165978e-05
3.763304823478392114e-05
2.200804746941333531e-05
2.821049229002740673e-05
3.405358996770390902e-05
2.857605876613920098e-05
3.620805808514800220e-05
4.627006077157093102e-05
2.424999612328122969e-05
3.154295427892126158e-05
2.730749965217340699e-05
4.071095860752467998e-05
2.574843020246722158e-05
3.371163422386481496e-05
3.400027285124844435e-05
3.346136388186848838e-05
2.294203032997305886e-05
2.596705869685113179e-05
2.872414227244221135e-05
2.457725917045594180e-05
2.151004778058799078e-05
2.605555051754107618e-05
2.377569318633313437e-05
2.635448969103784016e-05
2.048640389384053250e-05
2.237878684813669384e-05
1.966125500196235293e-05
1.967772016502029476e-05
3.546946685142539937e-05
2.384356787644644038e-05
1.499436356814266739e-05
2.447789126102461080e-05
3.161370707043642509e-05
2.319410700806449690e-05
2.057286039444059192e-05
2.634900699958662128e-05
1.868651585347554331e-05
2.559464281927439561e-05
2.283823774073569834e-05
2.248288535888310296e-05
1.958904164956856131e-05
2.054198843321343692e-05
2.694544704761166754e-05
2.500667357933107277e-05
1.846014300437283872e-05
2.923174697638671559e-05
2.382154779625079869e-05
2.700554205711215439e-05
2.175798419341128323e-05
2.848287884390842344e-05
2.349287665590299950e-05
2.898768327555999115e-05
2.912400605187175296e-05
2.018987605611432910e-05
2.825978604320682715e-05
2.626794012938082928e-05
2.575220462364115825e-05
2.478152181658982141e-05
2.465517213317958061e-05
2.145072949639111973e-05
2.208064961398642181e-05
3.155892063510297457e-05
2.783735363817600860e-05
3.439316877926213974e-05
2.009013951105661315e-05
2.494481243832447125e-05
2.602257823625505340e-05
2.976396567316513952e-05
2.461716872190680542e-05
2.221931600282277079e-05
3.481633605685297933e-05
3.121507438496424428e-05
2.844543113882941687e-05
4.297461135916603580e-05
2.240551610774706116e-05
1.493068152870458483e-05
2.841276829426551314e-05
2.724311967712017302e-05
1.948250343317262223e-05
2.002133289985451656e-05
2.709375945212793457e-05
2.714564624058916372e-05
2.685521578055214439e-05
2.262934731425180745e-05
2.802165046852470731e-05
2.466278987259816377e-05
3.540496243694300299e-05
2.294370734261152303e-05
2.468116628317765319e-05
3.326730531408533895e-05
2.522982874061031509e-05
3.174177720990208811e-05
2.786187223398144900e-05
2.016749202263394116e-05
2.973371997910044220e-05
2.904047985405069324e-05
3.452283601415581725e-05
2.639888978126249454e-05
2.695664428981365011e-05
3.350694384391907148e-05
2.561579772286654141e-05
2.764707809684362292e-05
2.899743500828504640e-05
3.615421900249794643e-05
3.100183635124114143e-05
2.357044144746352755e-05
2.339180847736862997e-05
2.760654349937557717e-05
3.829366469016478035e-05
2.611614334652165629e-05
2.846907329848274632e-05
2.243094130527556105e-05
3.445449256453353242e-05
3.118555567503146757e-05
3.204952233686043478e-05
2.493336482075059473e-05
2.675733781881692452e-05
1.773628693262071712e-05
2.600652128063129880e-05
3.757493759288428207e-05
2.582870430467992952e-05
2.849588955250623813e-05
2.712274743203883356e-05
2.216811260966416265e-05
2.982437576451042377e-05
2.491742012382453227e-05
3.003962853597707473e-05
2.814770263102129081e-05
3.329178508217418744e-05
2.629034838151342706e-05
3.265779983693694628e-05
2.691187077009159841e-05
2.348733223494100557e-05
2.941244972727694620e-05
3.014792814715953648e-05
2.778944472748332928e-05
2.467600510911914741e-05
3.661487289329266653e-05
2.622022666629480312e-05
2.774070966541155808e-05
3.627497958171661731e-05
3.547281580512273073e-05
2.722303786991261967e-05
2.143880167282716215e-05
2.495496525756491635e-05
2.936581546569245346e-05
3.083099905018698065e-05
2.552185239363198479e-05
2.983651466552152143e-05
3.598240274104931352e-05
2.823982072697567462e-05
2.435794525099608512e-05
2.304751845260461001e-05
2.973201111826258021e-05
3.015940468613008974e-05
3.093533999136583183e-05
2.252987428788339318e-05
2.359989360858061788e-05
2.653657080076285494e-05
3.707081101780615142e-05
2.319066718051203957e-05
2.412444232002267168e-05
2.057847540412969655e-05
3.243669563662446114e-05
3.008256162616317593e-05
2.038395754232718546e-05
2.076849128831897146e-05
2.343502481410938721e-05
2.830172807332886572e-05
2.991847219644234461e-05
2.417304830177115598e-05
2.486597127762150229e-05
2.951401806803718108e-05
2.663962093291803886e-05
2.473567620991136147e-05
2.622015361006864120e-05
2.830842088616819326e-05
3.375524128539404028e-05
3.000841714687160183e-05
2.299136154319922866e-05
2.349258191282961350e-05
2.933555761476778175e-05
3.412392257735535021e-05
2.394981776277726418e-05
2.509153993014458432e-05
3.252622899532292094e-05
3.794682070393035138e-05
4.229503993656386302e-05
4.736203964913524408e-05
2.837974767633237328e-05
3.151281856876401999e-05
3.779724472025169669e-05
3.894609394552101596e-05
3.287410202060000699e-05
3.543697993814617626e-05
2.857957100156550045e-05
3.524373417123921202e-05
4.795109116857857519e-05
3.545935246399626971e-05
3.229553512909492111e-05
3.052762293299107293e-05
6.416761332373036909e-05
3.982396065786587277e-05
2.043158817129776654e-05
3.252663775740106169e-05
5.807204695008223174e-05
3.256378897956271933e-05
3.318173061318606631e-05
2.711098751475498624e-05
3.593111928009185842e-05
3.622571674141747113e-05
3.944981630809719610e-05
5.315166761338434781e-05
3.014421347380513553e-05
3.989566682274957505e-05
3.402252715485274955e-05
3.878342185188545958e-05
5.377384490163187491e-05
3.650108280164148091e-05
3.625083440038176253e-05
2.919844630366281998e-05
4.318244888336963722e-05
5.618990921279351449e-05
3.917327446291368569e-05
3.410653886607594207e-05
2.583629544093615167e-05
2.329573781382293936e-05
2.997175287510423435e-05
2.852219476977476011e-05
2.144079139423303199e-05
2.826689543687046135e-05
3.081556498173371531e-05
3.083365011895866149e-05
2.735194360703599309e-05
2.523258063898496030e-05
3.211930316875323310e-05
3.219979837965989685e-05
2.724297782645726366e-05
2.379806299361776311e-05
1.580070145304962454e-05
2.677521905742988350e-05
2.998499480270037305e-05
2.749634743968416237e-05
2.111986456149023863e-05
2.420304133442297394e-05
2.289781202187980534e-05
3.309372594444229829e-05
2.934038762166896481e-05
2.291380753935802752e-05
2.547929377440421493e-05
2.199163246108377619e-05
2.979601456854590781e-05
3.270270965063530643e-05
2.338013475215986969e-05
2.302319008257874234e-05
3.366064578399060654e-05
2.859242559235993449e-05
2.751087562447643230e-05
3.015643198041724777e-05
3.499813007362698533e-05
3.736642151069988693e-05
3.011101110888000058e-05
2.471468265570114355e-05
3.261538680922891257e-05
2.224837729679755193e-05
3.169859410598288872e-05
3.068970695233958829e-05
2.785815928467236930e-05
2.546336006723489166e-05
2.859485664451612372e-05
3.089464502230183240e-05
2.870014582885869626e-05
2.444599799250674058e-05
2.858817585235807069e-05
2.757637029813630918e-05
2.956803449927680990e-05
2.512933548653155667e-05
2.185250089810428846e-05
2.375351198288784907e-05
3.715273095692848206e-05
3.767739841826567640e-05
2.493525265618681580e-05
4.282378268473952936e-05
3.401591796817751083e-05
1.867649068416396050e-05
2.685573748860506257e-05
3.534542110351330749e-05
2.549417879132187637e-05
2.354081794283753693e-05
2.274559924726552777e-05
4.035178200280941811e-05
2.825447613571653799e-05
2.291847654295189210e-05
2.818319003255717917e-05
3.492751751849873721e-05
3.206802512996209502e-05
2.855307274077602115e-05
2.761437018224904450e-05
3.143083538380237818e-05
3.842795201321649298e-05
3.483155491923005924e-05
2.486112571001590830e-05
3.356904179885148598e-05
2.763319567531571084e-05
2.581847724192708787e-05
2.565059072540340094e-05
2.231335980726531284e-05
2.484479748690777718e-05
2.963229888692700515e-05
2.351829756737558707e-05
2.476887380093402828e-05
2.420337067070835239e-05
2.965690649271128323e-05
2.518608223303879450e-05
2.913783353321735154e-05
2.550384138743570271e-05
2.560645415797659511e-05
1.985633162126987421e-05
2.509315493460246907e-05
3.474867621963773968e-05
2.408630307778734014e-05
1.645251724323871972e-05
3.374401377263820244e-05
3.012126258929555823e-05
2.668758886782251943e-05
2.010828191547351764e-05
2.323789205485971989e-05
2.799967212500744900e-05
2.290258169826811833e-05
2.282346661868377065e-05
2.169897788509810360e-05
2.947464445057579259e-05
2.268063575222900832e-05
2.070261838048774865e-05
3.008224707505196413e-05
2.948875368348093711e-05
2.864782526393928354e-05
2.607003790807289325e-05
2.716428603951885593e-05
2.342726971283218485e-05
3.035545630408949076e-05
4.028260551107128092e-05
2.239217819113095031e-05
3.366644295793180819e-05
1.697486336610266059e-05
3.129114230162170795e-05
2.725830673205294024e-05
2.643315090199377390e-05
3.007756364547453916e-05
2.443635890599462319e-05
2.391118474744503250e-05
3.520794946795839452e-05
3.401239886970331078e-05
2.928439248312464374e-05
2.594225702950175063e-05
2.643801400600455042e-05
2.309145235987685824e-05
3.245943716317745918e-05
2.443207301545774368e-05
2.604143756846090635e-05
2.477629671611318796e-05
2.459799927569262374e-05
2.495316047507493626e-05
2.550951926744807365e-05
3.687488591436837408e-05
2.710951504375149086e-05
1.462355385385218232e-05
2.877858184319849406e-05
3.496488458634248867e-05
2.427384424302219743e-05
2.035637954365531005e-05
1.732659538188144061e-05
2.284541699407648143e-05
2.602888593482207083e-05
2.688233155309583807e-05
2.358531454971379244e-05
2.266914373102623924e-05
2.792805567332767039e-05
3.594120333596840410e-05
2.279582872545559048e-05
3.193242547723922097e-05
2.628252836279773786e-05
2.305173650111257242e-05
2.612383028147228494e-05
3.063908738293300471e-05
3.215857441556375202e-05
2.096801316557744019e-05
3.173405233013542156e-05
2.736888184156003649e-05
2.869137024723528249e-05
2.757169200598471510e-05
2.689537137737565558e-05
3.375001101512087017e-05
3.674133691843529568e-05
4.277496640410804508e-05
3.776770201698248177e-05
2.567291744374342657e-05
3.120490987621731292e-05
3.027382204612279889e-05
3.875342394420547862e-05
3.057797401815162452e-05
2.748301711918792111e-05
3.725201455222553560e-05
3.372667616240056769e-05
2.881657363012180990e-05
5.759710169766002930e-05
1.868595870755212544e-05
4.459878622629218276e-05
3.152737712736396967e-05
2.720553192937858383e-05
2.990748947031145706e-05
3.318269312174197618e-05
3.368627862822585421e-05
2.807495758649239615e-05
3.929368403134833951e-05
4.684480066501486644e-05
3.426172810822918850e-05
4.385138929702542666e-05
3.856249110426845228e-05
2.765759564939385582e-05
3.323178858807224401e-05
4.679102553291462240e-05
2.875269836987305160e-05
5.366974362259009027e-05
2.684894147870737376e-05
4.962276930211926152e-05
2.610745778101293543e-05
3.470894911186972475e-05
4.230540993940096298e-05
4.461766189736602825e-05
3.352026418203915727e-05
4.535467584195096598e-05
4.116803487454506110e-05
3.687299280839209935e-05
3.011150701224823238e-05
3.108844443715725388e-05
3.249430696084916551e-05
3.589297858160180017e-05
3.418511094140990684e-05
2.790383715237365129e-05
3.777905375543143344e-05
4.969116087338235342e-05
4.442068216098108888e-05
2.050124280258999016e-05
3.530562003183978310e-05
3.816526259729323948e-05
3.443806018790675336e-05
2.859004695480353244e-05
3.614916986669787892e-05
3.265022187832565656e-05
4.737385480726844146e-05
4.607604753399679618e-05
3.023820406954969120e-05
3.316993275626652619e-05
2.953630495698049505e-05
4.256749757760802341e-05
3.267435761240715440e-05
3.373160737416855761e-05
3.890572895154591584e-05
3.776220948428638522e-05
3.441668764605954365e-05
2.616210949606656951e-05
5.099031950026386976e-05
3.604052810988480992e-05
2.968757832752111161e-05
4.918974119988365465e-05
3.249509556559891822e-05
4.099603451823238712e-05
3.298428890940809685e-05
2.465232251778394731e-05
2.984424380953422162e-05
3.318527456065731258e-05
3.059181288663399427e-05
2.624624416616646471e-05
3.444750613191305705e-05
2.838736129634744496e-05
3.508088181999919909e-05
2.588726063087299452e-05
2.961531624605146136e-05
2.543630058430069362e-05
2.549950371042809859e-05
3.393054765023506569e-05
3.033899777498090327e-05
2.549308404810535361e-05
4.216963535158405659e-05
3.187739833371333104e-05
1.635748164378735618e-05
2.410543301262814815e-05
2.720361888362842040e-05
2.544103104346899291e-05
3.553626009614742592e-05
2.432343235056820299e-05
2.377890502116763183e-05
2.448530267884855823e-05
2.893452962849906506e-05
3.077612636083365311e-05
2.868621747511041568e-05
2.499870035384191004e-05
2.918382970374516015e-05
2.661459754132755820e-05
3.519972206761996287e-05
2.961394671073106202e-05
2.143095579557572505e-05
3.302812507906894489e-05
2.642911265465369968e-05
3.493476448913465020e-05
3.680139174785562647e-05
3.166042400567982174e-05
2.432747866073278059e-05
3.010819013877433085e-05
2.499119147536822661e-05
2.593780725064732197e-05
2.299999743812795644e-05
2.386172164470194967e-05
2.848930401887422788e-05
2.180333229612269394e-05
2.472882957148182548e-05
2.264151275053414899e-05
2.791898187846781330e-05
2.827199894727672248e-05
2.178509375619809286e-05
3.182803388448435770e-05
2.401518551929723375e-05
1.583004444542381148e-05
2.551132473513642192e-05
2.576405622698189814e-05
2.363544705603538260e-05
2.173048170852965973e-05
2.060646009330098125e-05
2.807326708820163645e-05
2.193265494215828284e-05
2.270068345602083902e-05
2.015693997711513437e-05
2.359501829850740357e-05
2.455060069926750247e-05
2.997711975163612583e-05
2.309716971546662119e-05
2.356246302148037498e-05
2.974767256638738080e-05
2.413277693928855182e-05
2.815940069420909124e-05
2.077755143556696239e-05
2.707571678704797068e-05
2.466127867543682202e-05
2.920248212812480003e-05
2.655638485047326469e-05
2.897433236056707776e-05
1.895224415932833558e-05
2.562404147611951286e-05
2.594550966422133175e-05
2.514592364177851622e-05
3.801772174371714471e-05
5.544558618100452869e-05
5.865732439630398567e-05
5.481909557710665199e-05
3.008369498236570337e-05
4.701474014146057889e-05
4.267186148453567054e-05
4.761029689776184151e-05
6.457459811988453501e-05
4.298504336533939146e-05
3.988045767460821116e-05
4.065132059487191948e-05
5.479353509309117624e-05
3.706822209380019017e-05
3.370859106542465526e-05
4.862338688120570654e-05
2.301496813692171194e-05
3.907976372295565487e-05
6.001884026049994627e-05
3.671645140098586397e-05
3.085983406825448263e-05
7.728462877870717542e-05
6.308022454746525635e-05
5.617610545896444273e-05
4.093485403463737360e-05
6.075696917102603147e-05
3.998582327455739725e-05
8.162149833464299746e-05
4.638737052772450481e-05
3.967192208871390317e-05
4.530896070545769200e-05
3.087117226891206297e-05
5.365702456154658803e-05
5.310815377658717430e-05
7.085789750770537859e-05
4.431130883840425546e-05
5.367462514512493085e-05
2.391466294706169987e-05
2.549632261165453805e-05
3.923282372949735218e-05
3.251229691730072647e-05
3.149452703100936318e-05
2.381039069300001348e-05
2.466104294490677906e-05
2.790788107323499947e-05
3.920106388485453900e-05
2.831538071436921923e-05
2.717433660673196694e-05
2.464437055492361872e-05
2.776076077588980043e-05
3.399239899045967202e-05
3.434105259033204784e-05
3.017995807158300255e-05
4.471041411150657120e-05
1.901352791436703587e-05
2.405700623399695807e-05
3.239231085185400693e-05
2.671279110577484339e-05
3.029205409139458909e-05
2.676318989426124595e-05
3.848857656013585131e-05
2.765561335850371560e-05
2.546964406851127865e-05
2.683936761894214216e-05
2.429716124350181808e-05
2.534730990519056315e-05
3.771378781236820089e-05
3.688862072218806239e-05
3.661241344297710054e-05
3.148807470654903961e-05
2.572104000055167863e-05
3.208054211675771209e-05
2.990571350074072447e-05
3.365483502720457472e-05
4.039964292712702087e-05
2.164968874214815499e-05
1.617978569605090950e-05
1.754721038656238211e-05
2.005474012313176571e-05
1.880407501204793579e-05
1.816524133315372723e-05
1.421096644357148329e-05
1.429649113902598738e-05
1.624616679746446134e-05
1.700555255467344108e-05
1.881595877325766423e-05
1.664200953836845822e-05
1.518263086112168322e-05
1.649042743901095025e-05
1.666266175639948225e-05
1.864419345381304407e-05
1.982120249976821729e-05
1.660290323653982361e-05
1.494852276263207662e-05
2.173974896214734301e-05
1.745517387267241229e-05
1.694937824464009025e-05
1.813224086882457919e-05
1.425615784461218454e-05
1.584907839163393690e-05
1.389502643896142425e-05
1.763761073679427497e-05
1.818022947354267505e-05
1.418695218836758653e-05
1.528299888538206281e-05
1.548661196632237447e-05
1.602543831253236018e-05
1.949692529516076136e-05
1.590980304041534317e-05
1.681914528040678034e-05
1.881040404593316656e-05
1.625989430161957954e-05
1.829389057480913520e-05
1.536814385704168211e-05
1.734156652401844099e-05
1.485670741135086506e-05
2.271841737675317616e-05
1.601537060705626226e-05
1.969353459057988543e-05
1.575704821419213487e-05
1.860544280908513058e-05
1.830530034471067872e-05
1.662782073143419183e-05
2.511955620628060230e-05
2.635298878973994408e-05
4.144424282006141949e-05
3.372527850213362686e-05
2.665930071139487872e-05
2.498577627511015340e-05
3.161855283273191860e-05
2.557073196902036951e-05
3.014937463923959908e-05
2.939406974085777613e-05
2.610468832633060831e-05
2.896656338215732889e-05
2.338833776782850798e-05
2.545957780692764455e-05
3.680846814301728221e-05
2.513615828678165945e-05
3.197875826394969444e-05
2.539499715240065654e-05
2.038918069104354248e-05
2.823046387593612609e-05
2.367444901419677253e-05
2.942880348000274959e-05
2.429762272614644750e-05
2.813847345787562432e-05
2.374957547309489297e-05
3.677629168892027935e-05
2.645488177962703884e-05
2.365447837416914906e-05
3.139170505118834908e-05
3.010360463902422902e-05
2.785331777190319460e-05
2.407699934494308923e-05
3.657598193262998185e-05
3.630939627729275318e-05
3.254172319775676533e-05
2.648730247489957773e-05
3.083807174936661904e-05
2.964886240683818082e-05
2.277247506964541471e-05
2.965459967188506979e-05
4.963020257873723657e-05
4.286775346020327428e-05
2.868406609111551610e-05
3.221508509687747725e-05
3.818901318393903751e-05
3.841041351155635611e-05
3.896157742046130732e-05
3.482883768182013537e-05
3.767364779074109575e-05
3.537730398379926349e-05
3.702851841933035772e-05
3.384107054014078931e-05
6.045529177040396266e-05
4.044691112359983783e-05
1.889450037285108619e-05
3.577401810748046055e-05
3.893461510675050449e-05
3.124226337944268917e-05
2.979156774596650496e-05
6.086973061404416137e-05
5.061216894215401081e-05
3.881278067154096895e-05
3.548391615823637090e-05
4.286751691252895630e-05
5.927972221273866167e-05
3.079420707698999233e-05
4.049418050686688186e-05
3.654020875387558757e-05
3.482118080904385488e-05
3.631628282886894979e-05
4.861181444061711266e-05
3.813560621092175213e-05
2.873042601213496978e-05
4.538536711996134330e-05
2.986875234793038718e-05
3.785104008825050952e-05
6.253086773897125296e-05
4.896171354450109452e-05
2.502943655935486252e-05
3.429164516382501355e-05
3.228668466911357500e-05
2.774267031022352906e-05
2.372756634007906621e-05
2.627380934893116062e-05
2.383168765559635422e-05
2.376791825851878127e-05
2.937465073559192088e-05
2.763119718892717433e-05
2.504391414318460511e-05
2.502925997363207946e-05
3.206846345874290538e-05
2.432845469186288448e-05
2.448819028712041467e-05
4.520302149815593086e-05
1.400712783697157884e-05
2.802776349363995457e-05
2.135861539394790545e-05
2.312414473835964140e-05
3.160614042132018996e-05
2.590922340689620537e-05
2.335054503017948836e-05
2.680024186640144333e-05
3.542035104891093144e-05
2.125493327001078207e-05
2.603595730605184368e-05
3.154384181320673387e-05
2.971942554718162423e-05
2.925750781042352070e-05
2.942130856222308666e-05
2.324658542667013073e-05
3.331955378029132842e-05
2.551699335772438274e-05
4.199926583840463644e-05
2.148392364700755570e-05
3.726870850652281545e-05
2.661581032708045549e-05
3.186293932347779935e-05
2.055724626147900928e-05
2.483038339107927794e-05
2.442908539354889713e-05
3.041840804083941765e-05
2.039125552986751066e-05
2.217265614089099994e-05
2.614468285424382819e-05
2.245256351283950088e-05
2.880991371332058604e-05
2.232377587209158647e-05
2.029769535707150278e-05
2.504879845436198577e-05
2.545309585482629237e-05
2.792459578909089270e-05
3.152017425933165162e-05
2.384657284291490320e-05
1.356426001498087420e-05
1.988542133823487749e-05
2.861569871860632238e-05
2.307134551474711632e-05
2.444408064011869934e-05
3.063275152388353714e-05
2.473467050931548353e-05
2.212175385928863677e-05
1.828131632736152830e-05
2.088317916805986410e-05
2.087567114888211518e-05
2.519004136101045643e-05
2.613180913655119181e-05
2.714103050172845876e-05
2.569826475793578679e-05
2.133966570487734498e-05
2.040217303670843136e-05
2.059489691598037953e-05
2.543871792279090056e-05
2.085930984189958873e-05
2.829395605358525254e-05
2.650521466032753257e-05
2.627952493424635672e-05
2.428337136873836433e-05
2.156572452019909599e-05
2.511045796933738833e-05
2.508117500904208480e-05
3.298614572267634951e-05
3.148381657824344892e-05
2.932790892819158807e-05
2.154807423777825221e-05
2.480458478616875029e-05
2.398142512228756168e-05
2.816249200994563209e-05
2.812541234834213991e-05
2.779494309974891541e-05
2.824001090402646850e-05
2.255598124813381624e-05
2.569057826221181611e-05
3.420886777423837345e-05
2.475771403408264757e-05
3.488176245737895152e-05
2.725058062250965108e-05
1.560503840661740175e-05
2.743865837473934326e-05
3.025543419483613946e-05
2.303973076750662072e-05
2.483552906410224284e-05
2.070420791212537593e-05
2.689010100156988544e-05
2.440465089389965989e-05
2.669991540140672427e-05
2.121446153512802124e-05
2.466634499342369149e-05
2.707341518431373748e-05
2.298504116776529691e-05
2.383433345591603282e-05
3.019092206733913226e-05
3.151830640684150097e-05
2.606853632897494002e-05
2.633532754412836705e-05
2.723227427886300820e-05
2.385811469273612737e-05
2.338885064253704441e-05
3.153406890000496406e-05
2.112857131949541715e-05
2.727893393758321311e-05
2.831182801577086119e-05
2.190769430826452628e-05
2.480326921173408152e-05
1.867199688058275255e-05
2.787029316984374042e-05
2.179933577703543763e-05
2.421271617134656583e-05
2.317427903438226190e-05
1.793989780763180966e-05
2.740298354563012556e-05
2.178390210871377386e-05
1.845715123792609257e-05
3.239878076916659502e-05
2.297969897021343944e-05
1.346418488855370799e-05
2.646136484002341280e-05
2.512201216631904647e-05
1.695664942510218397e-05
2.036689934301235189e-05
2.740481506248478700e-05
2.438812817306920506e-05
1.896822786149145369e-05
2.246691981427602355e-05
1.813418566841807180e-05
2.715620001288683309e-05
2.237164578705291542e-05
2.521436718085266773e-05
2.448623976647329651e-05
2.125864423940710364e-05
2.373462603764625993e-05
2.075984799044658846e-05
2.607603918919784196e-05
2.517427565796593244e-05
1.784503355914102390e-05
1.847936914173753300e-05
2.709055459937055789e-05
2.297700775920355501e-05
2.303341885880505992e-05
2.019756768757283627e-05
4.202205142681148399e-05
2.447248769055748228e-05
2.952889162618822533e-05
3.513153323998857534e-05
3.194695801466001530e-05
3.353143281405519978e-05
3.991471199815078345e-05
2.724897833849119726e-05
2.756984496834494013e-05
3.904125547038291363e-05
4.581683326060846504e-05
2.881352870923072350e-05
5.919479322644146351e-05
4.316464580067715811e-05
2.047869439733523533e-05
2.553802371047646867e-05
4.389966612234882991e-05
3.753767996428685144e-05
2.860896453318864441e-05
2.847916364642426489e-05
2.902580298014531803e-05
3.641873784535512273e-05
3.153385430326137033e-05
3.681069667163124038e-05
2.714821630219673993e-05
3.201328096327477437e-05
2.871066519709026925e-05
4.097602942335291633e-05
3.930238421935104140e-05
3.515555602453845533e-05
3.739029700825213234e-05
3.664495667306352545e-05
4.165619742224713158e-05
6.418391419881004276e-05
2.763271593307015109e-05
2.182402153885087568e-05
2.685686404213882033e-05
3.370782360605614525e-05
2.810198302995798981e-05
3.269554108428650481e-05
3.391611861165360562e-05
3.606110523324245474e-05
4.111976056783932362e-05
2.879170624458889222e-05
2.228684392748462017e-05
4.371393676472976460e-05
3.000085534136569533e-05
1.647106132959659194e-05
2.686463865641768029e-05
4.629139431144210093e-05
2.499729005485500698e-05
2.425714636474075685e-05
3.607184801011219146e-05
2.422774559039567760e-05
2.518078991851825671e-05
3.058216928795434790e-05
3.508941921096670331e-05
3.620580508105591516e-05
2.476932760158232226e-05
2.936328743683194506e-05
4.243921198156992984e-05
2.786200141674232555e-05
3.228319701606225322e-05
3.237377021934274894e-05
3.198289917477067863e-05
2.049600014729994934e-05
3.667951821480368210e-05
2.302694661098494348e-05
2.853631424357973132e-05
3.446180299219502930e-05
2.785535427364841535e-05
2.802313429461567642e-05
2.293202069168270494e-05
2.690067451940364614e-05
2.918257002008552153e-05
2.731316564755980415e-05
2.704630982609484863e-05
1.909245791408670077e-05
2.390597604895507437e-05
2.704586218873845704e-05
2.242558173158083418e-05
3.008274622628038459e-05
2.568387998747472575e-05
2.352913991670990606e-05
2.774129769283510878e-05
2.526511871201984159e-05
2.790019357376737416e-05
3.114922604558736165e-05
2.366428796897757103e-05
2.416631575538592076e-05
2.640029254814316886e-05
2.414824974027125203e-05
3.466307081869925621e-05
2.522223315447647921e-05
2.202050353867850244e-05
2.161384888078509358e-05
2.845567231744706356e-05
2.583800765971794146e-05
2.734789894048616758e-05
2.799475825629482275e-05
3.905942778225110983e-05
2.120419653858281132e-05
2.186229486752263627e-05
3.690626177510341352e-05
2.398873801729208970e-05
2.561281442971484197e-05
2.403911552499458432e-05
2.536636671283705859e-05
3.132576297529977009e-05
2.787789256986031864e-05
2.187206172090070544e-05
3.518620400761886106e-05
1.942036928879223076e-05
2.500681838741396947e-05
2.453038812841726107e-05
2.948258913178805835e-05
3.188178427004629390e-05
2.721263988496313785e-05
2.445190815076452660e-05
2.140751186189553422e-05
2.315698413477248113e-05
2.401706495618599946e-05
2.395671832042700717e-05
2.960049541660833574e-05
2.276973247352211474e-05
2.598094421651715345e-05
2.458633166655724674e-05
2.420581666716629542e-05
3.176654129982232823e-05
3.310794880438699310e-05
2.625722359165206255e-05
1.936354116161416146e-05
4.034414419096435644e-05
2.456946000148889730e-05
1.689158297981999181e-05
2.177017448888855805e-05
2.484400182910499421e-05
2.126047217238115662e-05
2.536282473220881142e-05
2.381967417603286436e-05
3.157074738729416101e-05
2.318131051603538047e-05
2.344074823383285260e-05
2.689721305808177371e-05
3.013732528192036649e-05
2.578105884272973323e-05
2.392749586524002263e-05
2.360192529294704295e-05
2.273881759339898688e-05
3.410010866108328009e-05
2.991521849978012558e-05
1.859468264538502864e-05
3.210020113707028419e-05
2.444882765373068351e-05
2.425919552364157127e-05
2.664654490248993932e-05
2.330232823143210718e-05
2.226912784017680218e-05
3.278957672681636265e-05
3.198818912604621702e-05
2.822119118532022991e-05
2.934259798875816223e-05
2.664489666491199552e-05
3.233789006143809842e-05
2.527861455204437601e-05
2.349138079222927051e-05
2.648591670039112422e-05
2.831742485724232680e-05
2.618045812009367254e-05
2.317745232236944535e-05
2.296926152195639348e-05
3.566556167190872227e-05
2.325314277644966558e-05
1.415063329887150116e-05
2.612511024040484601e-05
3.740389548222853097e-05
2.695680998265708833e-05
2.212612720112714865e-05
2.139829686650357890e-05
2.956089112159099229e-05
2.859669410110863942e-05
2.178909059980614136e-05
2.183955261881979316e-05
2.810588937849933347e-05
2.334477883074631666e-05
2.319416820621709102e-05
2.364944917593122154e-05
2.682143779830715497e-05
2.959846595436295741e-05
2.104893156939215490e-05
2.688415317219810914e-05
2.193354152573716336e-05
2.823132056372811753e-05
2.554050399808305749e-05
2.869458697013851323e-05
3.239355123668794819e-05
3.039739185206245957e-05
2.865208622019664808e-05
2.481111688147878968e-05
3.196194455738007330e-05
3.106269554285691364e-05
3.229584727783395422e-05
3.705810995198055449e-05
1.906098877038178807e-05
2.620382753517660741e-05
3.196524050114710381e-05
2.795322417714385691e-05
3.488342464984659543e-05
3.640992023070561832e-05
3.017906443488336640e-05
2.599258671907013238e-05
2.716969549580029489e-05
3.300817133914888264e-05
2.791902156048692803e-05
2.073320968544017364e-05
2.831137213684718312e-05
1.885092302163735733e-05
2.460290690361180481e-05
4.085009269410169941e-05
2.121221617213188786e-05
2.590852693540418144e-05
2.890085988260031902e-05
4.210139345885898160e-05
3.340221413574811756e-05
2.572576930120346129e-05
2.477763126931357285e-05
3.016502415001321008e-05
2.128694097377254628e-05
2.694074589384192340e-05
2.598699428183832489e-05
3.107766358038469972e-05
3.921387594630102672e-05
3.739365279036288163e-05
2.285171458453558874e-05
2.815029416758128503e-05
2.769916745411140575e-05
3.468964641766576621e-05
2.496867758537631537e-05
2.524047059836101250e-05
2.905269572818160076e-05
3.688022944885130941e-05
5.035544724408797088e-05
5.393077585254867708e-05
2.362828361081489826e-05
3.482249551979646620e-05
3.518161263228000333e-05
3.709907253792110265e-05
3.032172252746999637e-05
3.488713943552187150e-05
4.368363023284932845e-05
4.315578308885572591e-05
2.892268002423858508e-05
2.834242454674564289e-05
1.817736655386947416e-05
3.071732400435172710e-05
6.856253067021995083e-05
3.751237784118427346e-05
3.114957410981696739e-05
3.228039196599310600e-05
4.437144131477477576e-05
4.298577079426965452e-05
3.817367369227669683e-05
3.435547583838179141e-05
3.587764736180355595e-05
2.573873812427452461e-05
3.698889277332614492e-05
5.902121409992287923e-05
4.057264267750552349e-05
3.249877766700738190e-05
4.780923445599655772e-05
4.787487559614748332e-05
3.311791886353549982e-05
5.205077562875084037e-05
2.546936657912204097e-05
4.434597520552953283e-05
3.021204700554328852e-05
4.699956029940289783e-05
2.441006234926340859e-05
1.917649589977760225e-05
2.819176610820559977e-05
3.021565104951066686e-05
2.417914360257576034e-05
2.331459196128268994e-05
2.259832636125717141e-05
2.332379583177109222e-05
2.384200559104391381e-05
3.022497619496908883e-05
2.608098309136748228e-05
2.532708570807867197e-05
2.497553514020362840e-05
2.733892792440598222e-05
2.814441360786731279e-05
2.783266935799311230e-05
2.147755785114948828e-05
3.529022520821259559e-05
2.341433346784041759e-05
1.750870222459736510e-05
2.396560935670270551e-05
2.757487676042071154e-05
2.359686010419925718e-05
2.584398276441928551e-05
2.166430891571503439e-05
2.017133165299465252e-05
2.597295281892548591e-05
2.677903180473711976e-05
2.842148575143138561e-05
2.757116453470013866e-05
2.731326138252081914e-05
1.899872716649614570e-05
2.517283648285012778e-05
2.404215518441620491e-05
3.130619824303491119e-05
2.545951162366791201e-05
2.419833298441642877e-05
2.997902786531759267e-05
2.090678479313292116e-05
2.475839697289715317e-05
2.296300215338643408e-05
2.743962323884123125e-05
2.505630928284462708e-05
3.097599408645434203e-05
3.251712837233317695e-05
3.323532296847910510e-05
2.391486986312405473e-05
2.165085255623108831e-05
2.155733227571098476e-05
3.017701798475190108e-05
3.595032514607599737e-05
2.471203082466035610e-05
2.872477008469295187e-05
2.444738908434277276e-05
2.459184022202837917e-05
3.589822858972719206e-05
2.730657417533424727e-05
2.699443924623491073e-05
2.314667840733232654e-05
4.331516286437627649e-05
3.450636162968434599e-05
1.641793191640349443e-05
2.636508439365449540e-05
3.711216237080607706e-05
2.417172613254698729e-05
2.576663761903426599e-05
2.434723491038208663e-05
2.379172195465232740e-05
2.086767260609255197e-05
3.025361167759780390e-05
2.700215565241246445e-05
3.002573924132169198e-05
3.498832683728462416e-05
2.534941542454378157e-05
2.554710698237607064e-05
2.596297634321533749e-05
3.469901388740213421e-05
3.054186369731745322e-05
2.109573913356173940e-05
2.008823745734288660e-05
3.894489030515633804e-05
2.857774371783657725e-05
3.924712347996339495e-05
4.465875860842792513e-05
4.556731256965066963e-05
4.132903846336667090e-05
3.251552749700579531e-05
3.273578994441285825e-05
3.405426473434896781e-05
4.314055842462493148e-05
3.067890141156837396e-05
3.026235936051210098e-05
3.312917860800180235e-05
3.661243754952642427e-05
3.661867306894359798e-05
2.759077109749404535e-05
5.912818708916009605e-05
4.719764440092540417e-05
2.194417772680427704e-05
3.304816920630789320e-05
3.790656090040189573e-05
2.558928475881568418e-05
3.014521922466369106e-05
3.934775763373926194e-05
3.201200941879616475e-05
2.787591097667169819e-05
3.345720224020560889e-05
3.390945721006903649e-05
3.107712885544969435e-05
3.171586633893376864e-05
3.234683096272497838e-05
4.699275910866512794e-05
3.390781125284671166e-05
4.277795918564764380e-05
3.739445153326062554e-05
4.629792174514259521e-05
5.511132758347490781e-05
4.240461672466091928e-05
4.029383242926071011e-05
3.864621314740117320e-05
2.764341700008252827e-05
3.158401453036263883e-05
2.972667855296482351e-05
2.939396057279672749e-05
2.442373713757419259e-05
2.792363430466934630e-05
3.343808798262854154e-05
2.952756632489346837e-05
2.672223449948540454e-05
2.430406333781745990e-05
2.856066066479396424e-05
3.907007678216784674e-05
3.225272101210108656e-05
2.404594305124260721e-05
4.007165222551304214e-05
3.701279601437413707e-05
1.563335708911760776e-05
3.481491910598937125e-05
3.132591239416067375e-05
3.307132735742974013e-05
2.536255743944832220e-05
2.974944034262892975e-05
2.093026739374034655e-05
3.466648884611137342e-05
2.356458210697450693e-05
2.618976313733996510e-05
2.657927544001545883e-05
2.359766418171897322e-05
3.040395362393323442e-05
2.362458229170273259e-05
2.414886660934797939e-05
3.325488903512070559e-05
2.723710674105541402e-05
2.400269462007580197e-05
2.937871656092119361e-05
2.266855244624744350e-05
3.652412466061880748e-05
2.017320119302225560e-05
3.261542614144600876e-05
3.289464117318897842e-05
2.947474501686105205e-05
2.663081408719719098e-05
2.164286827135738069e-05
2.536023011503955640e-05
3.146237040773640240e-05
3.729796040091187299e-05
2.534352881842487918e-05
2.963356667018723063e-05
2.501159184440666222e-05
3.456381893802743882e-05
3.034245597599696931e-05
2.771802276372411754e-05
3.472807011366434903e-05
3.752401015290120640e-05
2.718782332629384938e-05
3.947388265159275177e-05
2.879582787631465620e-05
1.866315544854575651e-05
2.746395043357318386e-05
2.834529834843304628e-05
2.479253950281303193e-05
1.986631511703088743e-05
2.941150051554747532e-05
2.737706703866877071e-05
2.476903298205404148e-05
2.557745952165678546e-05
2.736418015274121279e-05
2.590167895074364389e-05
2.882113221343468961e-05
2.743833647580098465e-05
2.500005552409807684e-05
3.101026041852530230e-05
2.883986513310833323e-05
2.586694038167732936e-05
2.762397264716002793e-05
2.363713827724223031e-05
3.329087474343179071e-05
3.198940258721114164e-05
3.466876896843259760e-05
2.639482907901233389e-05
2.806165005973172591e-05
3.277152610377011548e-05
2.308145387781335606e-05
3.026879580361535325e-05
2.866976892240922709e-05
2.834635301708949445e-05
2.664142598690037446e-05
2.050942460761260270e-05
2.452766047395852185e-05
2.236893473093468966e-05
2.400051822460173395e-05
2.496007121862296699e-05
2.644796522369106668e-05
3.179031756462268201e-05
2.463874618184966363e-05
2.128090088909514804e-05
4.221880004084127552e-05
2.793162600630934834e-05
1.575046881410838715e-05
2.332752987082139918e-05
3.430075898271414106e-05
2.595199302033122246e-05
1.911102014576431614e-05
2.293603639550425424e-05
2.058102545768930301e-05
2.783865115968459016e-05
2.870295099547512502e-05
2.426125897537825533e-05
2.210330518772577008e-05
2.502092861109575468e-05
3.200235817565591268e-05
2.433791699923661600e-05
2.544797065758821683e-05
1.966353608248130115e-05
3.093153605958821087e-05
3.223153800002208580e-05
1.840306007461178547e-05
2.724199191683291050e-05
1.988700406478806490e-05
2.338013563047789753e-05
2.633747617254136099e-05
2.527202481278698534e-05
2.480455028669426880e-05
2.724528346090647813e-05
3.836129786733739758e-05
3.357116550194445934e-05
3.558831215911945452e-05
4.992609429937782517e-05
2.655258790198294081e-05
3.210884149763326473e-05
3.012165560474922208e-05
4.502321937946926771e-05
3.400763387274199613e-05
2.881059216160419936e-05
2.448931189750686087e-05
4.458127375749787067e-05
3.336915138835708287e-05
2.363717312954073384e-05
5.783112515301126153e-05
3.577526514587559448e-05
1.728734111810486854e-05
2.876092754714874351e-05
3.504061258736681567e-05
2.559693270031500575e-05
2.856272996599004037e-05
2.303237193228397473e-05
3.370730683434267056e-05
2.727222486771276050e-05
2.792776171062788339e-05
3.774608711695870113e-05
2.615051338764678857e-05
2.749749372318310644e-05
3.290431883773995087e-05
3.820966317680343668e-05
3.020885506079739742e-05
3.666049509015456711e-05
3.367120297954572503e-05
2.616273402680477681e-05
4.399609648701879747e-05
2.673874668032110281e-05
3.852612999158955818e-05
3.375099499591840122e-05
2.661068204510525656e-05
2.183026512133732158e-05
3.481338881654880233e-05
2.497731617938422013e-05
2.462301778990204988e-05
2.206023577723332773e-05
2.196277712213806451e-05
2.673136166564420895e-05
2.151727274077306877e-05
2.911573055587388109e-05
2.488152932643329589e-05
2.726240846824327620e-05
2.255612180827421361e-05
1.740748675324704426e-05
2.744386109259431118e-05
3.104487749947164793e-05
2.474588613131597663e-05
2.680117430875785024e-05
3.507633151334842381e-05
1.633239409325265570e-05
3.138162607488110981e-05
2.416623115206418000e-05
2.056958959231444987e-05
2.501388647100571415e-05
2.103079011959267121e-05
2.217901204310202207e-05
2.473854000401887299e-05
2.151303142392042736e-05
2.393357753478923808e-05
2.350534225655539193e-05
3.207355418337302249e-05
1.986963790092713785e-05
2.550904150487474516e-05
3.103555720932951604e-05
2.555027889952284526e-05
2.547329168922356454e-05
2.344929695606384645e-05
2.654991807793577653e-05
2.797694500744286447e-05
2.806289654328094995e-05
3.034699615346622055e-05
1.869971940851452590e-05
2.984853934495851197e-05
2.518656089447843829e-05
2.261809179451064822e-05
2.753228262218384138e-05
2.841487559682804716e-05
4.557809417082581702e-05
3.615052285252019516e-05
4.565237914540448726e-05
3.520132891545291567e-05
3.615944099839600107e-05
3.115800139654793213e-05
3.294103678166471812e-05
3.622907054482610615e-05
3.254970393065358407e-05
3.491058360188609903e-05
5.697854063587100076e-05
3.969191046322144721e-05
4.580976256905320616e-05
3.104065935224582410e-05
3.045771369372619799e-05
3.563909293100562571e-05
2.708287698803726383e-05
4.795731828265413385e-05
3.715267280420190394e-05
3.986622693821356971e-05
2.831638566916292769e-05
2.790726624756870267e-05
5.861590507400599637e-05
3.278224286512170264e-05
5.069088007238076589e-05
3.021176946561066992e-05
4.326821692936076583e-05
3.313532850660462996e-05
3.663699002273547667e-05
4.847274125112420798e-05
3.911225609645731466e-05
5.891587498190270852e-05
3.571404551684198136e-05
3.596970305018610284e-05
3.211366170720448117e-05
3.581944236554023919e-05
3.029959135229136954e-05
3.456983846218633259e-05
3.666827754361259248e-05
2.655887802523206856e-05
3.320278532610138847e-05
2.942678188897569682e-05
2.977708861675655807e-05
3.300878701038889221e-05
3.481014244880349933e-05
3.353816657811627377e-05
4.649641276069932117e-05
3.781063787358326413e-05
4.471341465633922330e-05
3.015500683296498178e-05
2.059280322191797550e-05
3.487811736856455440e-05
3.483935962763109025e-05
2.659257417811057705e-05
2.308529148072661650e-05
3.444865566509093893e-05
2.645278551911977544e-05
3.559103473208134527e-05
3.034866463878982721e-05
2.597898510096998184e-05
2.800140307689124282e-05
4.579174659047774318e-05
2.609786919551034391e-05
3.024838633628389276e-05
4.076919901296218568e-05
2.812109445273233514e-05
3.635072322396838652e-05
2.773181187087106099e-05
3.924912383086671318e-05
2.375181937436003510e-05
4.090725397050743898e-05
3.539358667713257261e-05
3.017342543608832284e-05
2.945033995530895707e-05
1.943745496449115749e-05
2.081446849323905673e-05
2.808676831351454022e-05
2.614057998340323680e-05
2.280711508411074597e-05
2.241409087122285169e-05
2.207315659787029486e-05
3.029635307626387340e-05
2.372426142301595084e-05
2.652868002197287584e-05
2.484347958803903667e-05
2.077601515710388312e-05
2.794304775451185202e-05
2.746036868436506868e-05
2.420823580976839222e-05
2.879770021728863055e-05
2.371847515634330678e-05
1.424001759085942895e-05
2.394339872524571969e-05
3.241681513619773313e-05
2.465019036970559117e-05
2.256573334322607493e-05
2.427171358883428828e-05
1.728337548549402974e-05
2.709787541717136183e-05
2.264244152439677025e-05
2.107813927518944496e-05
1.997173102282747223e-05
2.961867132923949299e-05
2.036731499933956333e-05
2.277108794954080067e-05
3.154289421936145807e-05
2.398746361835643595e-05
2.063496890864041544e-05
2.534700976347867071e-05
2.255958058883482324e-05
2.906043109379968854e-05
2.887446591443748836e-05
3.166163076589952773e-05
2.516428323126046479e-05
2.044791522362368665e-05
3.388632972566598772e-05
3.981027880271941621e-05
4.845619808395130551e-05
3.392428381148345211e-05
6.129608400839619078e-05
3.129330229189101581e-05
3.491296714599538385e-05
3.827673527492330113e-05
5.414560012932124187e-05
3.743527171391410768e-05
3.424000125723317269e-05
5.721712349735945174e-05
5.390696627023978119e-05
3.385778897103117120e-05
3.844442419860367256e-05
2.034750378901214866e-05
4.888192374605140037e-05
3.239448148940652722e-05
4.527994361829330334e-05
4.629530315556542594e-05
4.260060355505575203e-05
3.852869423995706767e-05
5.478035079150615446e-05
3.154733446474515350e-05
2.930555969948789931e-05
4.857370176530853345e-05
3.686682868423947002e-05
4.466029504066337141e-05
4.592897814315735015e-05
6.917685716215965410e-05
3.600668957067868219e-05
5.984676207369303232e-05
4.562427709250232684e-05
3.155540287395339406e-05
3.531238546081649429e-05
3.860035302150114739e-05
4.589119039666110224e-05
3.988657452482984809e-05
2.072196873433004158e-05
2.169432556197902338e-05
2.866071095699875796e-05
2.685602122414144428e-05
1.973262771304868133e-05
2.469595534529039134e-05
2.249173353099597652e-05
2.642533805479859986e-05
2.738917684587748212e-05
2.064783428869296081e-05
2.494523379909977280e-05
2.235044065810725409e-05
2.242066841194887954e-05
2.925558878137586130e-05
2.831975143112177114e-05
2.400011987482351494e-05
2.989724561119243084e-05
2.801782297259839021e-05
2.858034308568644492e-05
1.935416280077010951e-05
2.590282307335612118e-05
1.905896276805708707e-05
3.363412631630042029e-05
2.175134064485839935e-05
2.711516907109297897e-05
2.776349807655985620e-05
2.027639775830656079e-05
2.049596600072186716e-05
2.194939487537595093e-05
2.459662325520298073e-05
2.087290992740377954e-05
2.856128413683101691e-05
3.353547010250808547e-05
2.491128765785615914e-05
2.467248252054097263e-05
3.086878260879817734e-05
2.609373687114897040e-05
3.092262815576046612e-05
2.230533659369331404e-05
2.511340407665181297e-05
3.312839115642776265e-05
4.030215316238379175e-05
3.501018835813639194e-05
3.574159266622387292e-05
2.640942061684407952e-05
3.272879096708680637e-05
3.094516712879366306e-05
3.740955855885976883e-05
3.470555328882319170e-05
2.829583761142560224e-05
2.496288975416086786e-05
2.982184692149663906e-05
3.345535928380996901e-05
3.295732646979484528e-05
2.731890183477836225e-05
4.559431705440627943e-05
3.084995295891028520e-05
1.890889912460014754e-05
3.232551206279800653e-05
2.906813215171571472e-05
2.976877918575266977e-05
3.236622263995713101e-05
2.575441676022526935e-05
2.688751756411937176e-05
2.982084750042486912e-05
2.305969960932065810e-05
3.029235437539006974e-05
5.857939638832797313e-05
3.426099327007975219e-05
3.170081353455077213e-05
2.653495359261400513e-05
3.362102480575560986e-05
2.782478336439341988e-05
3.149583583345200042e-05
2.513409584666298710e-05
4.319927091333642598e-05
3.590428387163997396e-05
3.713423648219718094e-05
2.435843531564894825e-05
3.411226231001447006e-05
3.889648124802069719e-05
2.274890782657084791e-05
3.314576809685691934e-05
3.874396020700128382e-05
3.101215218118272895e-05
3.069612479710519129e-05
2.426128176052020954e-05
2.935316795478262459e-05
4.450744296590653534e-05
2.993330639388450313e-05
3.830911594486936914e-05
2.419641482553672073e-05
5.787623217280405975e-05
3.029285001021037485e-05
5.912035947776828185e-05
3.757330149318072307e-05
2.935205328081674610e-05
3.144164025370371161e-05
5.741138142512396456e-05
2.832354853971588764e-05
2.934462814499820020e-05
3.562204345938307047e-05
3.530755208034951412e-05
2.409025229749569855e-05
3.912123520081197227e-05
2.704359391046995916e-05
3.327491382270763594e-05
3.095478090291358352e-05
4.351620390607623611e-05
2.880550989881340476e-05
2.920168584285026900e-05
2.928338052839086543e-05
3.183616385613736966e-05
3.201814674539210062e-05
3.757220411810762817e-05
3.386440676736755069e-05
2.830371941731232326e-05
2.884141358130606745e-05
3.436406572048723065e-05
4.650230663085487223e-05
3.269145066600185403e-05
2.286577246103555468e-05
3.122571498304315519e-05
3.652740775643186150e-05
2.988647116927549237e-05
4.339638863421805100e-05
2.699181829854427092e-05
3.048395607525010328e-05
2.907767383449330948e-05
3.724740734213768598e-05
3.071604997454116314e-05
2.694516525394838723e-05
4.665679637961058109e-05
3.216761182529481250e-05
1.878362788229752557e-05
2.769665923492026447e-05
3.979908755657751723e-05
3.011438375690499031e-05
3.132615856081294881e-05
3.810888088147840495e-05
2.905287027466879908e-05
3.280960229935809001e-05
2.692303407573184962e-05
2.903075522837034541e-05
3.378707780119801331e-05
3.692454358533719141e-05
3.205268699065470247e-05
3.097606779086715424e-05
2.462279698030650694e-05
3.752749924029661320e-05
2.920470110197259008e-05
3.788712658957816008e-05
2.109206334535153430e-05
4.104986070829490550e-05
3.395764156700281855e-05
3.076003148361743388e-05
2.293210472175339078e-05
3.019982950839969620e-05
3.451281544376939088e-05
2.828692901374264997e-05
2.143205332846368559e-05
2.569773314238025489e-05
2.693741377564638895e-05
2.166784687425113328e-05
2.411524455183947771e-05
2.791943775493802317e-05
2.805376625040330795e-05
3.043532815600586726e-05
3.005471028113965702e-05
2.788424551775593925e-05
2.062101937790552809e-05
2.607733450443152007e-05
3.889709573149054188e-05
1.731569029147372066e-05
2.941316949104317354e-05
3.395560001317362285e-05
2.911878321844931593e-05
1.932916382517144361e-05
2.808062820017264897e-05
2.831025217127646992e-05
2.844936266159674558e-05
2.450797569180974638e-05
4.251379664029280653e-05
2.503222672172558840e-05
2.570739380313748890e-05
3.174525832213458609e-05
2.997023704822903044e-05
2.653388931393441187e-05
3.297307841932993293e-05
2.741885289887286258e-05
3.275724155719203956e-05
3.207815416702026193e-05
2.266519947901450097e-05
2.944526028310046233e-05
2.389512944686115936e-05
3.499898922503853917e-05
