7.290995713048127325e-01
8.096328341727693223e-01
7.907091335686206035e-01
7.694201731348121465e-01
7.947214324863554058e-01
7.883804033156988078e-01
8.132500724560135508e-01
7.749313836705278291e-01
8.057331695222242907e-01
7.999536111142750983e-01
5.874206667550199157e-01
8.296814535847124583e-01
8.652010387756714493e-01
7.836262561436044827e-01
8.428165402725626976e-01
8.917431843794674240e-01
8.644010963464587860e-01
9.090982527236558530e-01
8.614117741749993673e-01
8.501155696596389699e-01
8.720788880537849730e-01
8.486161080875663787e-01
8.792119044567227037e-01
9.124872429402109963e-01
9.048933671879643148e-01
8.325673317562897191e-01
8.438573353116356479e-01
8.385299464789968127e-01
8.600025083352997868e-01
8.276798928564865765e-01
8.596374840370970549e-01
8.775303806320378097e-01
8.299498088050444311e-01
8.398145430718203519e-01
8.193713963726704241e-01
8.191956218065984396e-01
8.589310262708942378e-01
8.588187932073719777e-01
8.493312953977985025e-01
6.301368722323058558e-01
8.087352170389543460e-01
8.453618567225396063e-01
8.891521459399028826e-01
8.450586074298326311e-01
8.337040421202674967e-01
8.338457716410659915e-01
7.969334823183024108e-01
8.198203593104614884e-01
7.084305527975788275e-01
7.679603700764034979e-01
8.162798212015047739e-01
7.216851465979169378e-01
7.375667889394715848e-01
7.056850124426731208e-01
6.204781778325452191e-01
7.971457715152103773e-01
8.265286805993306007e-01
7.380266516938245314e-01
8.683644881827631279e-01
7.840333772224958864e-01
8.352024445970414046e-01
7.633655957339462450e-01
7.826679687713226086e-01
7.999701278597066700e-01
7.196666448137521988e-01
8.441619197338099401e-01
8.518576041572705204e-01
8.028180808013455350e-01
8.081522755170195138e-01
7.887132255192725871e-01
8.499766428940900287e-01
7.843240785939308291e-01
7.431637801240296159e-01
8.200859254393364495e-01
8.528850003616839093e-01
6.468322764510820999e-01
8.009400215282991287e-01
7.916301498619987553e-01
7.464786330570702955e-01
8.842381221021465842e-01
8.481559788320384152e-01
9.192326527007161907e-01
8.814182965392055591e-01
8.577523737243868407e-01
9.037001823064247930e-01
8.611523573710847534e-01
8.852179512235419656e-01
8.528572844696401534e-01
8.490401765632412667e-01
7.907646894484731126e-01
8.216597001408749712e-01
7.927779648570247861e-01
8.023692417710297509e-01
7.834257255692874677e-01
8.194432870789906120e-01
8.107010527720243109e-01
7.926508110756095293e-01
8.278684628913890453e-01
8.323431535207732601e-01
7.609888025663943401e-01
7.595981141975789441e-01
7.059195155026366519e-01
7.830716659543277558e-01
7.254663180873364148e-01
7.965688524294869399e-01
8.103439876481801640e-01
8.153773806910442623e-01
8.011682895029993423e-01
8.148454910741984580e-01
7.650019998425090506e-01
7.652610707164072545e-01
8.110037538404857305e-01
7.702314259866337443e-01
7.841677553702636194e-01
8.124787975782102878e-01
7.623981723594667193e-01
8.088667562126099497e-01
7.229027927914571938e-01
6.512400575365101529e-01
8.269606356050807072e-01
8.291029984314224333e-01
6.889556268332885924e-01
8.572510209929684599e-01
8.789273893684577121e-01
8.211743233106824080e-01
8.163768284175417778e-01
8.856979503735092907e-01
7.934052006290458481e-01
8.134209026255089237e-01
8.685360150366232546e-01
8.646081762552664252e-01
8.219477425363858059e-01
8.704506304807277939e-01
8.558664294773076220e-01
8.429610670564312569e-01
8.508232841172369554e-01
8.161640691457389130e-01
8.306678962848025316e-01
8.556255315829039976e-01
8.199914921405455637e-01
8.618225241766400702e-01
8.506918741735758349e-01
8.480624598143822190e-01
8.248955281137784201e-01
8.583888431518312823e-01
8.172585212155952794e-01
7.899921840778415527e-01
7.505520364449733695e-01
8.584556917805874487e-01
7.860011991712128054e-01
8.277253066647105584e-01
7.634323951846824219e-01
7.305007423806518796e-01
7.841238214568067022e-01
7.676400889548268269e-01
6.673227609279943628e-01
6.415747594162379830e-01
6.990060104288755571e-01
8.105093599014256966e-01
7.939790136855288116e-01
7.023439745340374074e-01
7.613124496851928491e-01
8.060094289165189441e-01
8.468122505659928523e-01
9.116806206016676573e-01
9.163042321380028277e-01
8.961606792241313402e-01
8.605407687484747381e-01
8.924365215154920206e-01
9.193872522144511672e-01
9.077473336792294401e-01
8.879310201598192842e-01
9.266871631007285171e-01
8.552881824695452995e-01
8.825844579374970689e-01
8.686852292437975409e-01
8.604083958350309258e-01
7.690862940720109009e-01
8.284830767911760541e-01
7.568561658523633717e-01
7.101155806426828754e-01
8.479200571081328963e-01
7.994275738332499159e-01
8.160020220125161483e-01
8.514956389047445562e-01
8.624897504128150594e-01
8.124732479886753733e-01
5.517598569561166233e-01
6.124338955063663992e-01
5.941974802162340863e-01
8.524611299278642695e-01
8.023602213560281360e-01
7.555405845153391198e-01
7.802186979025316216e-01
7.212378136720833943e-01
8.039487377496759013e-01
8.176582735443735928e-01
8.267445736191141314e-01
8.456267833196418060e-01
7.568995015242717672e-01
7.981727879159973282e-01
8.804910093244139313e-01
9.049639784865274317e-01
8.179531526073808845e-01
8.913637110587279144e-01
8.733855627983221348e-01
8.511378115818624135e-01
8.862624029912881118e-01
8.946646777674527318e-01
8.906197799764901113e-01
8.414534860863587262e-01
8.744276946079132529e-01
8.687465220174804825e-01
7.556718773842061587e-01
8.253182758539475694e-01
7.619449136443842141e-01
8.558673471662020527e-01
7.933735315491247109e-01
8.140468810915685305e-01
8.269046223693877762e-01
8.408313386891246299e-01
7.833938768010432208e-01
7.743824662672961212e-01
7.385533474584580205e-01
7.082408029152783557e-01
6.977143522243146601e-01
6.724641535702594597e-01
7.089674062066455562e-01
6.109053595367393008e-01
7.231972175818383031e-01
6.983812788594027099e-01
6.840625659254980784e-01
8.156317984084986428e-01
8.374685242970812959e-01
7.969806296038445259e-01
8.207782605593267888e-01
7.716247061143429731e-01
8.402120297101933755e-01
8.168697395596842270e-01
7.641967045925440738e-01
7.990281732417273686e-01
7.925345183126807358e-01
7.653633719951786762e-01
7.073372359743129723e-01
6.857378290006201915e-01
7.167724885737282170e-01
6.996794639267349680e-01
6.470470477416060406e-01
6.984653627935643039e-01
7.585487132433418322e-01
7.761344644037913021e-01
7.826104160997852111e-01
8.249621023687425669e-01
7.957787756260805700e-01
8.125812327958394921e-01
8.654470544557183453e-01
8.293413992727470818e-01
8.464589534050123154e-01
8.317057024620486683e-01
8.338975372117223284e-01
8.058638913329179143e-01
8.804982104136366283e-01
8.209481544276893139e-01
8.744634485823111758e-01
8.519415568262462823e-01
8.252224873104649916e-01
8.411070408083820560e-01
8.397458717460930533e-01
7.076131856878657977e-01
7.962410797617048841e-01
8.658196699561866438e-01
7.734093281405587383e-01
7.631879883762181516e-01
7.802649548621789499e-01
7.877119344593637162e-01
7.660121363890136648e-01
7.940867868959757825e-01
8.536244025810736380e-01
7.888082928391886295e-01
8.033668124570603197e-01
6.646913225361349431e-01
6.936909758980824847e-01
8.713863153159160380e-01
8.182033782613976625e-01
8.211204040443350616e-01
7.299440552668222670e-01
7.253387261543028375e-01
7.702429517070455978e-01
7.716501922873411079e-01
7.485438609014619660e-01
7.665487550413531137e-01
7.593883323063591595e-01
7.635127114644759683e-01
7.815335603329134351e-01
7.463651909125238459e-01
6.418295489398680997e-01
8.040632645123617639e-01
6.832659552620307108e-01
7.605183116242436592e-01
7.703335309715283463e-01
7.818891412192281454e-01
8.186499772499983285e-01
8.191311282360650425e-01
8.301370775583197803e-01
8.512102996932351395e-01
8.196215577446852585e-01
8.487837679650789280e-01
8.369804772468694143e-01
8.888738463702556825e-01
6.826472039097777333e-01
8.347054113386978003e-01
8.078467419134347516e-01
8.930431130880540636e-01
8.207481172618648069e-01
8.610848757961688804e-01
8.417899665311595614e-01
8.874521565024026115e-01
8.750265669126282564e-01
8.177716770007692482e-01
8.160178009689765810e-01
8.283459661497732940e-01
8.677335622681160432e-01
9.132661194602204047e-01
8.909382719692470198e-01
7.578427536285520238e-01
7.075311802427575181e-01
7.425211519191643461e-01
7.171148996218914551e-01
7.638487157540749806e-01
7.636715901232932202e-01
8.154659830678052668e-01
7.133043216848048429e-01
7.638942998970905673e-01
8.047257786999079121e-01
7.792285901399634840e-01
7.158899728388568029e-01
8.364343660656469170e-01
6.870017246564498192e-01
7.632273832333259511e-01
7.824297743439975195e-01
7.831687228414928592e-01
8.020335500555120234e-01
8.675466738111129450e-01
8.210273151570451899e-01
8.678710591209717329e-01
9.017584095523563104e-01
8.837589790080713215e-01
8.323514702481970007e-01
8.863570515447836140e-01
8.954253328597298056e-01
8.792062139054898084e-01
7.915853904142181596e-01
8.086477403881351389e-01
8.411488417591975741e-01
8.304530677720177723e-01
8.109651261926691390e-01
8.266700919907530309e-01
7.961949289447740608e-01
8.006059662724851478e-01
7.762361701129618652e-01
8.303617643536530535e-01
7.895033612264832357e-01
8.139772173888677465e-01
8.080879937023860426e-01
7.556635277623524605e-01
7.280243745874833694e-01
8.427785664364287888e-01
8.466576678993641414e-01
8.002789250151876033e-01
6.882436193931317225e-01
8.381614662953039696e-01
8.841256884934446392e-01
8.012886316627001460e-01
7.476194251309438155e-01
7.521314565925195650e-01
7.508287061432641352e-01
7.784291249197445861e-01
6.274901291630994304e-01
7.514170970865868826e-01
7.969636958577430708e-01
8.153831209445461248e-01
8.091735826952154431e-01
8.266953055558070584e-01
8.433707966202335093e-01
8.652898920286022921e-01
8.635801885060390148e-01
8.099102201119033895e-01
8.804534472729963479e-01
8.987375693404374699e-01
8.057691042891589328e-01
8.680652251688483201e-01
8.509507844382226960e-01
8.399937862983418713e-01
6.316058514142114388e-01
8.690861633310029699e-01
8.027736788066708318e-01
7.877801155751444906e-01
8.792745482831720860e-01
7.983269168076472244e-01
9.011227697276668058e-01
8.554332111171040198e-01
8.667165179956733967e-01
8.719538612012923684e-01
9.005988924309004107e-01
7.523459910327382483e-01
8.762382603209466492e-01
8.940160115461999180e-01
8.164498130547893640e-01
8.799897100050591003e-01
8.978999559099551941e-01
8.576811803390523847e-01
8.509197020901198005e-01
8.589405216681648136e-01
8.309055924023358575e-01
7.369358021854945928e-01
8.608807377404131822e-01
8.472752292979582878e-01
8.688190359198861845e-01
8.262390431020032455e-01
7.861405582638869571e-01
8.370069521997054451e-01
8.228983112650735121e-01
7.930442663417623939e-01
7.365450953719591132e-01
6.923674887334025918e-01
7.773158493365998067e-01
8.108068565071607781e-01
7.893785096045842220e-01
7.001948351432923934e-01
7.553342719307581943e-01
9.018138700683377973e-01
8.850211677598368576e-01
8.619070422448232849e-01
8.655880201377966765e-01
9.101947879626669513e-01
8.824558860908794378e-01
9.031690330845787429e-01
8.970243589558370978e-01
8.832930368937719212e-01
8.275928603677862316e-01
9.244234958508021904e-01
9.261287952386393352e-01
8.434421370857797529e-01
6.988962102694833423e-01
7.297425367083700820e-01
7.489331268212509052e-01
6.365761189381411445e-01
6.610271411530689312e-01
7.661249825686233805e-01
8.564166461290144694e-01
6.732381641911356907e-01
7.072717054537390746e-01
7.173478245581651480e-01
7.935020893586508528e-01
8.144116555138630753e-01
8.906780110070553480e-01
8.315265228754562532e-01
8.199574227737830290e-01
8.660406265465424580e-01
8.706527169803472965e-01
8.851923242939254699e-01
7.905298083190752667e-01
8.144469022658060720e-01
8.086227801396801418e-01
8.217742166155753702e-01
8.893514892697470531e-01
8.530040256435689194e-01
8.827593364177576118e-01
7.245871702111715829e-01
8.241706528828273148e-01
8.501120864961594359e-01
8.057378210510918182e-01
9.131319599140068632e-01
8.399403430806117177e-01
8.401238289477952481e-01
8.139386423797415615e-01
7.913406140206834527e-01
8.340869464825967361e-01
8.187323809040372158e-01
8.177284889965141801e-01
8.292308205009452093e-01
8.376964954932285545e-01
8.100283524983121763e-01
8.041908905303584154e-01
8.622122083881804677e-01
7.796269883533493150e-01
8.363627749141558931e-01
8.083497394563048388e-01
7.867169447824927664e-01
7.568123378568647475e-01
7.505008547219036430e-01
7.947960308630958037e-01
7.826829174475293804e-01
8.214443105887370145e-01
8.009920841069746444e-01
8.629863591801237854e-01
