3.287909814272491223e-05
4.683225117841997018e-05
4.475244877674114559e-05
3.993762254398557408e-05
5.505732367390710571e-05
4.763816577702516421e-05
7.141508061977506323e-05
6.095751744604084853e-05
4.575397651184173921e-05
5.684681193634857628e-05
2.291792045131331765e-05
5.957327076662075424e-05
6.625709571498944114e-05
5.976330109728756186e-05
6.329265230274571644e-05
8.862623595741822439e-05
6.956894055314769021e-05
8.693225307793629351e-05
7.805547875655785973e-05
6.497466102316287468e-05
7.649627947972544853e-05
7.081748194989161279e-05
7.215390425045002903e-05
1.138509850852520607e-04
1.057081996501453184e-04
6.371685628019242004e-05
6.948647063593935093e-05
7.768140304634161251e-05
6.550004154207494868e-05
5.654021573459985269e-05
6.376006358849009082e-05
1.039250858830191668e-04
7.367868386329724361e-05
8.388073923352950916e-05
8.614007671541765415e-05
5.196996016046956791e-05
7.885765212665940235e-05
7.785349252489820015e-05
5.800431259985492570e-05
3.730359906162471353e-05
6.304709308594394967e-05
6.588926395943030094e-05
8.851315713214912755e-05
8.834833389858747822e-05
7.472211684512471532e-05
5.838522112488302976e-05
7.498577590513900884e-05
5.500232575363796483e-05
3.568078480265052336e-05
3.949139621998991486e-05
4.130284519583081573e-05
4.385899713355472039e-05
5.331322361649921482e-05
3.328523497296260683e-05
3.134188195278707096e-05
4.790067396116825144e-05
6.583044262896158483e-05
3.698774791145644381e-05
6.864105380022903781e-05
4.290380880735892281e-05
6.301524156314107787e-05
3.702912874498871039e-05
5.151996438982228520e-05
6.361405826078904706e-05
4.410259678803087773e-05
8.337485397106941462e-05
7.797765398274407336e-05
5.214929001662108857e-05
6.421530622839808863e-05
4.891164033214541397e-05
5.494180367550086542e-05
5.265679994963132850e-05
3.371980987726852004e-05
6.217155657808044289e-05
8.783070044312897182e-05
2.364677159737996681e-05
3.751688785195028962e-05
4.563424974007776323e-05
6.792418821574346902e-05
8.849769926654250029e-05
5.930508729122163685e-05
1.078371821818124870e-04
7.385034709608472253e-05
6.659588617342311688e-05
1.103479146659858205e-04
6.556557786822893536e-05
9.723259740343378988e-05
6.501054584565113851e-05
9.265929732788443537e-05
7.225948978932331677e-05
4.326848294792062072e-05
4.533566437736093191e-05
7.439233843276437243e-05
5.954532661760249121e-05
4.714880795760230809e-05
4.825026281659093266e-05
6.680654678552470514e-05
7.307496870205947037e-05
5.695614525324813808e-05
6.056463973704075154e-05
4.630844595144623289e-05
4.695670019322852089e-05
4.797582021760796531e-05
5.545660478788250663e-05
5.090317644655493475e-05
5.112422002067115018e-05
6.155026121016778594e-05
5.950582067497669993e-05
6.190899896663351241e-05
4.523733272855998263e-05
4.152260625011278068e-05
6.498647585476897731e-05
4.376819097032557716e-05
4.759037803212836363e-05
4.269812656265802172e-05
4.289812454023417900e-05
5.994432346519591319e-05
3.145521348019428623e-05
3.314895009799982868e-05
4.874840503535169528e-05
5.371949886160701048e-05
3.426458825296873197e-05
1.011337468627444152e-04
7.085991140796984024e-05
7.128466491181179791e-05
7.515737951351970328e-05
8.398062600947012451e-05
6.792899225073759301e-05
6.414621570254576920e-05
9.346174823850527194e-05
6.342553505127376411e-05
5.347674595358353804e-05
8.456612709209828250e-05
7.001801685813711202e-05
6.022602499021343969e-05
9.079029592391975767e-05
6.848542412024175355e-05
6.927347239413673280e-05
7.128550264874706686e-05
6.114015881581263382e-05
7.994422973835596253e-05
7.122192294563086550e-05
6.457556974793345419e-05
7.627361266939922894e-05
7.688379713439764962e-05
5.666845751680039202e-05
4.685017273576700850e-05
4.674029016704412954e-05
7.364615636467991783e-05
3.985116857560471013e-05
5.290336085522667265e-05
5.760133590228690132e-05
4.433120167109584500e-05
6.639996077532030389e-05
4.055264564503496783e-05
3.444909033754580877e-05
3.327119291230835446e-05
3.534658318696973445e-05
4.533106477208307961e-05
4.555676009654278366e-05
3.159573385804306437e-05
4.574371503725673216e-05
5.121950151543404540e-05
1.388962718365981867e-04
1.082716078156341214e-04
1.487383942694854252e-04
1.498165574486617652e-04
8.329462513014748183e-05
8.851397061049700232e-05
1.319418550204946481e-04
7.430666052078914962e-05
9.853610252482389656e-05
1.407968965943246344e-04
7.030627579177911753e-05
1.211310428621245920e-04
6.757869790973427225e-05
5.076139464063802325e-05
4.801015465353178466e-05
7.885099738416727301e-05
4.413224897613655918e-05
4.576807640381519958e-05
7.080470544381808841e-05
4.484651750819434194e-05
7.094166870417591901e-05
7.617867920444155148e-05
7.336103345929497735e-05
5.488043375121113302e-05
2.124916537887843094e-05
2.072533151530932339e-05
2.587206395855737556e-05
5.672175819048978302e-05
4.947905417773036137e-05
4.566274211074734265e-05
5.267730401073545369e-05
2.538066574635168044e-05
4.663924902386323525e-05
5.398622109908214557e-05
6.246353063706877834e-05
5.795099902760101436e-05
4.424412682734561448e-05
5.861605343402701495e-05
1.071879932740029258e-04
9.691707102904892866e-05
8.399912438885776835e-05
1.219415857690232834e-04
1.101775350175920095e-04
6.665637171922776606e-05
7.013992320221980423e-05
1.124574895561752995e-04
7.514306722288019815e-05
1.008240880455092063e-04
9.298783279239394709e-05
5.694550625608303922e-05
4.547628713816959464e-05
6.215274669620531186e-05
6.257480240752287353e-05
8.148674252011550094e-05
4.408310306522944451e-05
4.872280505275428342e-05
5.783665176108530084e-05
5.754349592269768405e-05
4.851411768697669021e-05
6.548193066997823580e-05
3.744835443570995298e-05
3.488333460733198619e-05
2.965045837053023467e-05
2.903131504772778451e-05
3.016711605356116110e-05
2.878822592009594081e-05
3.780735189420734868e-05
4.093792308477093141e-05
2.797856847054421979e-05
4.196177510939470519e-05
5.468641278763492945e-05
3.859186318414062361e-05
5.301386050931691454e-05
6.834102795726228012e-05
7.230996390500517236e-05
6.131549313105040349e-05
6.139682079143902679e-05
5.594024279646525485e-05
4.947610299816288079e-05
4.614225717433596483e-05
2.971069664963760999e-05
2.953042188204855253e-05
4.894710708271427516e-05
3.587744720902639800e-05
3.132070085382454534e-05
3.975822593738531814e-05
3.538106288109220491e-05
5.276686029934656827e-05
5.683799501592490375e-05
6.504192857545719767e-05
8.318548754181244735e-05
8.159153388225657178e-05
9.155353523357905162e-05
6.357906970584547494e-05
8.052015652073964201e-05
5.784002009800706174e-05
9.194554901055679850e-05
6.591277802085379871e-05
9.614795895338950097e-05
6.698432714442474406e-05
5.840642328467375344e-05
5.526952121672844395e-05
7.965626305743752484e-05
5.864978178137924408e-05
5.870767543860551038e-05
4.102792534853552035e-05
5.880693429265180844e-05
6.706736331373092032e-05
5.302882475576878795e-05
4.356584304855746456e-05
5.071155468849626211e-05
5.518896713920705210e-05
4.232560732013779573e-05
4.841224590840915130e-05
6.749604495455786347e-05
4.547025029860508790e-05
7.530091037119935151e-05
2.336539901664921409e-05
3.902197781746838423e-05
4.794105976845944224e-05
5.807341882758864992e-05
5.178899959170779333e-05
4.142729908848172526e-05
4.540640541428638254e-05
5.453450072824896110e-05
5.042856557144296945e-05
3.588528726015144957e-05
4.542952411868335800e-05
4.243545651864785202e-05
4.514101404274107102e-05
3.296579823039331731e-05
3.805396647058317957e-05
3.512513669828357235e-05
4.850854142809202056e-05
3.696571492764778584e-05
5.074354328256487580e-05
4.024445226705535911e-05
5.540984460047591322e-05
4.979919024811369914e-05
5.482556427046853041e-05
6.845142239405634934e-05
9.235427687812196892e-05
5.575744502940384643e-05
5.831372740510173773e-05
6.178250649331404494e-05
5.500208258877954448e-05
3.853613965640690709e-05
5.842616487489047983e-05
6.948503647236655247e-05
8.129062862148253446e-05
7.154865634893883559e-05
9.407255099357279241e-05
7.861373374371253186e-05
1.335331840217502005e-04
8.551571471973724804e-05
5.176001727049741599e-05
6.437415535737077085e-05
6.839496143712554691e-05
6.997420869891922131e-05
9.622099123137730324e-05
8.939686277617925846e-05
4.076345165093402155e-05
3.923065774059276035e-05
3.497392197111768170e-05
2.833218976257832731e-05
5.114621247384697601e-05
3.994698474592096258e-05
4.241716183767728305e-05
3.521167147790277291e-05
4.613709151189421541e-05
7.068065092138392622e-05
5.731439846488486738e-05
3.963584447779954693e-05
7.227785670399607327e-05
4.575943548571128071e-05
4.677448893095924646e-05
5.765150717086852869e-05
5.732021428939543240e-05
4.520956995217168786e-05
6.076388864313343800e-05
5.707706221788378135e-05
7.659672967581775680e-05
9.488999876804279053e-05
1.065222316837302190e-04
5.001780724379904688e-05
9.526730603573683998e-05
6.576312988829375163e-05
1.235687818275573997e-04
5.587061217155928593e-05
6.116072759862600642e-05
4.638512567132925654e-05
7.612705422809529243e-05
4.513277416592962574e-05
5.282611943876518520e-05
4.120901146951942397e-05
5.719557628003886312e-05
4.870324648996282428e-05
4.877819282671132386e-05
6.043708565760954970e-05
6.158308951964429790e-05
5.487770487839170179e-05
5.635998000084647838e-05
4.550509003135330238e-05
5.533954573541496116e-05
8.720241977314623864e-05
5.589612317276997224e-05
4.306236982816681109e-05
6.124061363432167641e-05
5.536074270266089930e-05
4.526794121592294827e-05
4.379852484430748984e-05
5.143072998751286831e-05
5.556977996417349102e-05
5.340579338982654828e-05
3.005431507747709631e-05
4.581647106579515936e-05
4.799270617069032737e-05
5.843400464035419849e-05
6.296847939317809246e-05
5.417708194793248916e-05
6.883425141754181346e-05
9.816520759692686491e-05
7.938331836369615948e-05
5.757045806882400083e-05
9.739422661116827590e-05
1.037984010319431929e-04
5.837389860720133632e-05
8.989306130460133007e-05
6.911292601777659040e-05
6.074359158591031570e-05
4.104421291161293667e-05
6.160377301744203546e-05
4.157603694885925850e-05
5.454705066929598677e-05
9.645647914655000479e-05
6.699360943991426547e-05
9.178604638229270578e-05
6.667164442915147972e-05
7.302482837706698502e-05
1.193932305438563039e-04
8.621396479055669999e-05
3.591669422795681845e-05
7.316224033909689262e-05
8.266397409915046712e-05
7.755709887133656311e-05
8.394850486960994836e-05
7.747721340470595187e-05
9.715919669976821795e-05
6.807113926808096033e-05
7.297971176475137936e-05
6.198968980623389470e-05
4.262154983731330431e-05
6.933198647246816915e-05
6.196796814662730471e-05
7.726504432403706189e-05
7.488558612481472471e-05
4.961461909272020027e-05
6.914566119564621090e-05
5.124777445141066081e-05
3.970928769193750177e-05
4.005424543807060360e-05
3.556456608552144245e-05
4.496712103326514810e-05
4.422063845107233112e-05
5.306850485414556370e-05
3.764524706943689998e-05
4.616375089203314801e-05
9.037626825969831260e-05
7.952936253944880988e-05
7.167645262987647388e-05
7.444053127309647805e-05
1.487958236295003095e-04
7.978561833376802688e-05
1.239440677529623299e-04
5.953168233261253386e-05
6.498299192035205795e-05
6.642230190615060084e-05
9.034640175445861809e-05
9.270869258825941523e-05
4.974677885024473623e-05
3.606319114126388517e-05
2.162577177224647663e-05
3.741300739613389226e-05
3.817154487416065365e-05
4.500175319014051073e-05
3.216558552835383107e-05
4.992884518905548906e-05
4.972104845071902325e-05
3.583509086702072708e-05
4.529886621626687249e-05
4.747934679389239433e-05
7.235102267016183507e-05
8.975800005317612215e-05
5.291741999619467801e-05
4.502025685618106526e-05
7.348994735276192548e-05
5.369006098528165342e-05
8.510511400938512272e-05
6.563178612821417009e-05
8.179394336044867105e-05
4.559890602678693365e-05
7.984180389494924875e-05
7.597572003518091011e-05
6.862539574607112779e-05
1.041847190780184200e-04
2.922322021338083316e-05
5.973337876727889944e-05
5.230179692494841501e-05
7.040351024061581426e-05
9.457563914123693293e-05
9.815915623311599635e-05
9.344248888830488417e-05
8.541255200620615428e-05
5.589401349766401605e-05
6.651847517452208751e-05
5.272286003444736654e-05
5.883694790321903565e-05
5.822559267142079635e-05
5.749074574175236070e-05
7.858178661860771978e-05
7.115926204361456425e-05
7.604927480142902475e-05
4.554199011974106805e-05
5.485556893975166348e-05
6.294230328231479753e-05
4.526079525529734819e-05
3.575052244376185145e-05
4.398810752787449605e-05
4.094676396096498186e-05
5.090458668704731117e-05
4.916864145819743227e-05
5.971539353673989122e-05
5.983629585349908972e-05
