3.972302924893280355e-05
3.698355638761890806e-05
3.155679887325423146e-05
3.168657083006588165e-05
3.081999844814742014e-05
3.013723568966990166e-05
3.230041479113413775e-05
3.789013718407970683e-05
3.778434122465079882e-05
2.777169026404323240e-05
3.140301065319912503e-05
2.445440955092185914e-05
4.175278120362411755e-05
2.968785141841653579e-05
4.463606096383824351e-05
4.516523862899641731e-05
4.462685649685528745e-05
4.255144586141752875e-05
2.419345423633446294e-05
4.843532815020978389e-05
4.326571296745243750e-05
3.298995035808510712e-05
2.799172387431645914e-05
2.951457990128274395e-05
3.251447216877020196e-05
3.609359519086578543e-05
2.909464699957811269e-05
5.078608344321859381e-05
3.748456567138570481e-05
2.469943512602464013e-05
4.435600657408801488e-05
3.180880067526970829e-05
2.953829804700510673e-05
2.853947293933977231e-05
4.259091412773727530e-05
3.784075698231917080e-05
3.447073082414367474e-05
3.579866869129755676e-05
5.600269047749220245e-05
3.173781881985034760e-05
3.173429724085290090e-05
2.529885471860477856e-05
4.321909580065371983e-05
3.101582085221818831e-05
5.369137476121233594e-05
5.251124317638457284e-05
3.556318667245791216e-05
4.701305829281244989e-05
3.819855128782681985e-05
3.174634390426546822e-05
3.781338494175736926e-05
3.662718593629004651e-05
2.575405277102937884e-05
2.398825502926242242e-05
2.470337064697953274e-05
3.110176916612337062e-05
2.752687655360170997e-05
3.278510690828320272e-05
2.485824573019161489e-05
1.759803281571257667e-05
1.951468057408557887e-05
2.713108194542982707e-05
3.586047960072262633e-05
3.105292417086137982e-05
2.095569318890542763e-05
2.358553869486290267e-05
2.764965512953833170e-05
4.164735631125449105e-05
3.690352780687957112e-05
2.656271396848275168e-05
3.139365795224104583e-05
2.842498656694535689e-05
3.134423692830404652e-05
2.979265075464407886e-05
2.997915177255526992e-05
3.548255934380818564e-05
2.623427896650615539e-05
3.260652055134216317e-05
3.012900906703215828e-05
2.880084165903259812e-05
3.113444100557252481e-05
4.165997489131020523e-05
4.736967170199689380e-05
3.162018214937183775e-05
2.658560420250084025e-05
4.079878252326137657e-05
3.006577015521915075e-05
2.961005146210214705e-05
3.014702093471987411e-05
4.837600158902637446e-05
2.917534057326995163e-05
3.945735726487272703e-05
3.403734870269025737e-05
2.870308460243334834e-05
2.543745783820636997e-05
4.182131688319963727e-05
3.446912391513244595e-05
4.793840063156697785e-05
2.672415872683009765e-05
3.242210655579424007e-05
4.801583062317141330e-05
3.410097362320486746e-05
3.249973630325762419e-05
3.730491321048409406e-05
6.035525096996739036e-05
4.345358308960214059e-05
4.286706081971581504e-05
4.366555905293609518e-05
5.231143004881637631e-05
3.994230880024956994e-05
4.325420535963994065e-05
3.135278114963592272e-05
5.977690975036078374e-05
4.424668324744705989e-05
4.997159284834451259e-05
3.045687269585821324e-05
3.717187544227076624e-05
4.589063721301545588e-05
3.944383724471756738e-05
4.784548635957720526e-05
2.745409833263164068e-05
3.366241661613399714e-05
3.693075138402783980e-05
4.426188318901356990e-05
3.229975380453729421e-05
4.628549951395527224e-05
3.765247027256271752e-05
2.483151647785167355e-05
2.783640697953175289e-05
3.415375333682094686e-05
2.560601895492904190e-05
2.420192628956650439e-05
2.173634393442467529e-05
2.741769262804062034e-05
2.650820735135166588e-05
3.372025868799987693e-05
3.693564065371281044e-05
2.939518935514437320e-05
1.658699425288574794e-05
3.539897723155947660e-05
2.734055975757572579e-05
2.132549478907609812e-05
4.242491848189010518e-05
2.589197917313325456e-05
2.693303642248212742e-05
3.334555598418262974e-05
2.779614370973508038e-05
2.334130364934685283e-05
2.670422142303994814e-05
2.200406030708061981e-05
4.146449865838262004e-05
3.326950973520055111e-05
3.732203144286090119e-05
3.862553473366206409e-05
2.344022722008311734e-05
3.420822949304043806e-05
4.065262039110275797e-05
4.293602000239067081e-05
2.343825073708227574e-05
3.341898915080920482e-05
3.296032404623211790e-05
2.658434946095845675e-05
4.227059332074504692e-05
2.512964557699113620e-05
2.805253026715712051e-05
2.660987746778250478e-05
4.221002690643150049e-05
3.227959994873384763e-05
4.487561555905564547e-05
1.784355227588884453e-05
2.903316180317589036e-05
2.705444874047749438e-05
2.607947648156115557e-05
2.894456449803999308e-05
3.022073223728784819e-05
2.824117978687761514e-05
2.836486816074191257e-05
3.559760592033908147e-05
3.183589014958376594e-05
2.678230231756005992e-05
3.853291304910599706e-05
3.150318133402844721e-05
4.010711596128902699e-05
3.307160069519173771e-05
2.978292714133695733e-05
5.303558710517154300e-05
2.953508223980097890e-05
3.517734195843604011e-05
3.758769783405067427e-05
3.190456259056212017e-05
4.511611060617538204e-05
3.015439388815386728e-05
5.763728125457698483e-05
2.058805006846599857e-05
3.302028833578025220e-05
3.361448710027805465e-05
3.192298613423390631e-05
2.701944405384357499e-05
3.607036142601691429e-05
3.727190918721159062e-05
4.284183187188581396e-05
3.013102262889145002e-05
3.544959416601741121e-05
4.588804083818404946e-05
3.423723582463316826e-05
4.369666018170704114e-05
4.788053047020603977e-05
4.223385441949138302e-05
3.686923177417242075e-05
4.570070695158207904e-05
4.345043576017905857e-05
3.429462011459048293e-05
5.720836637573449768e-05
5.258118556984720519e-05
2.907742382670033476e-05
3.086275265703016966e-05
5.910034690518686817e-05
5.305098429000680880e-05
4.035074935231257385e-05
3.063859192855099533e-05
4.603757756334254979e-05
3.628369150948127311e-05
3.375116401261046850e-05
4.988081666690908267e-05
3.445682737151024210e-05
4.099005079077337364e-05
3.708186435341360407e-05
3.788428337698069963e-05
5.635998088253683577e-05
5.176659309482211383e-05
4.830947358036205406e-05
4.605146469020627361e-05
4.587932016581159971e-05
2.533619671994042621e-05
6.852383694604397143e-05
4.765756039493782573e-05
5.978617522066381778e-05
5.505364622363114174e-05
3.443500073454280934e-05
5.183587301534680957e-05
3.543479114363520918e-05
4.400404271691351016e-05
5.184914812403343593e-05
3.950976962292878606e-05
4.421507755798560350e-05
3.631866232128418218e-05
2.420585939366492781e-05
3.510207502676354640e-05
3.353722129029896584e-05
2.279113734285153104e-05
2.095284879736622341e-05
2.424512872462068687e-05
2.792744339862175579e-05
2.970562603344891107e-05
2.560067048635148674e-05
2.949002112372284119e-05
2.544286975260686472e-05
2.535937827290572787e-05
2.949765409017650450e-05
3.468480997191836858e-05
2.851244464498675835e-05
1.888048712802894630e-05
2.238292526524636894e-05
2.480161656964142769e-05
2.578333379709539264e-05
2.304486287277159810e-05
2.895417349302861616e-05
2.362223245308134868e-05
3.291555890290094214e-05
2.517087283797418392e-05
1.904079272846023765e-05
2.520239961012912970e-05
2.703237709116441731e-05
2.813601042189930510e-05
4.457262290035764993e-05
3.411776234429515233e-05
2.886919750960677782e-05
4.160382513039636990e-05
3.330364910956233425e-05
3.126782431026500883e-05
3.986392796032892007e-05
1.937575716938941579e-05
2.687032029212932453e-05
3.665596456468369366e-05
4.681492129517347438e-05
3.685429006346053831e-05
3.470982641291972765e-05
2.876260265944025228e-05
4.600229334409333752e-05
4.222702136826101608e-05
2.719536181500300674e-05
2.315617945985022587e-05
1.917105980492717795e-05
2.434558532026593404e-05
2.183567160660055030e-05
2.243736369264087921e-05
3.318342580008472976e-05
2.619620871499458531e-05
3.732517849394509428e-05
2.490788675240091277e-05
1.548091639675828598e-05
2.316339614477913182e-05
2.952414977391387314e-05
2.939710195141930854e-05
2.515768699724909362e-05
2.328247474299280682e-05
2.705809643801648174e-05
2.784499799636657398e-05
2.320692307613552184e-05
2.789390482295634233e-05
2.304924207906028098e-05
2.365665124840569595e-05
2.176959262965466770e-05
2.773713546200581493e-05
2.255818921268344771e-05
3.034671017866165025e-05
2.603880615447863177e-05
2.056170231493706718e-05
3.454526128810921347e-05
2.929123376813855565e-05
2.666385003174035116e-05
