7.173811628232534506e-05
5.965525524976418651e-05
7.311834116603261300e-05
4.058320593815251825e-05
7.645091077255175202e-05
7.485980866352405169e-05
5.401175408728031214e-05
5.851255457984597922e-05
5.692387136190429274e-05
8.407731471213253577e-05
4.571209769774004021e-05
7.584910841105180831e-05
9.298894219090030283e-05
6.890056811059535864e-05
6.395223799885167877e-05
9.058643601029186610e-05
8.456167248266763432e-05
7.047484679882275659e-05
6.473417821199784633e-05
6.051270079084037582e-05
4.406910532580051153e-05
7.841661980244588775e-05
6.215788058077250614e-05
5.231198346965343338e-05
5.848486910842437271e-05
8.313451512866409736e-05
5.819457561627073861e-05
4.411187554984591358e-05
4.056517018512371991e-05
6.890605687698548286e-05
4.365881258155645248e-05
5.617087714613847065e-05
5.657521855189461256e-05
7.194472119178267231e-05
7.527288322613152102e-05
5.642418585498934448e-05
6.294010944018739863e-05
8.566166853534393775e-05
4.371520222412117392e-05
9.387626140017531629e-05
5.700746599892409834e-05
6.491502126627534590e-05
8.604381946497096712e-05
6.478642087042153438e-05
5.363313848475056956e-05
5.078617122250881868e-05
7.446801088264919859e-05
5.686376457906560825e-05
7.395471428460711929e-05
3.841382224841610998e-05
7.215905987817309664e-05
1.105945868357355555e-04
8.353262272515950965e-05
5.750753664379446229e-05
5.577780198825414530e-05
5.223775607343154556e-05
7.849846396072967776e-05
6.107309219861206987e-05
9.040974309727492421e-05
5.421743290814011435e-05
5.311220518715544978e-05
7.710339297778496712e-05
4.845582040117974641e-05
5.826233237170095464e-05
5.694958251144833789e-05
4.465270129329386851e-05
4.692457373312739285e-05
7.268540907693916541e-05
6.603465804600037895e-05
7.167411075443443753e-05
6.333271672396885313e-05
4.417757500026964137e-05
5.811278485822116141e-05
6.820471235420994807e-05
8.501154149419574502e-05
5.261888187306821928e-05
4.024697028778445894e-05
9.136205012417944872e-05
9.063622852880391710e-05
5.904813415014366536e-05
7.706181793528510795e-05
7.100418003237050815e-05
5.088250335746870111e-05
6.364614033632667281e-05
1.067489238977787724e-04
8.944250314130970474e-05
6.945894770524418070e-05
5.283462397456687652e-05
5.364534643328608930e-05
7.574745570797964420e-05
5.903947887063867395e-05
8.037620724395993968e-05
5.271173787942236234e-05
6.151856172482576867e-05
4.654257411928785945e-05
5.549316007486182538e-05
5.547299186113180153e-05
4.317082399810777827e-05
4.700768491283007709e-05
3.744642784955370544e-05
1.518833177431281776e-04
1.601705175119037252e-04
1.094181909163368592e-04
6.275339061515845102e-05
5.103848569994184903e-05
6.851854798828832885e-05
6.978870244568234019e-05
5.785296133382728195e-05
5.713351417011600602e-05
5.596074521912691946e-05
2.349033393135629145e-05
3.415478515904909020e-05
2.231124050789827211e-05
2.894865115467252126e-05
3.497902563663126427e-05
2.785744000442861153e-05
3.987113958383338159e-05
2.314065425733127351e-05
2.025964903784759947e-05
8.168182625146334561e-05
5.362569356526517890e-05
6.220884583740150114e-05
6.654566724740626070e-05
6.901987372549924285e-05
4.240587513154802323e-05
1.207350159953770219e-04
1.038409366770693580e-04
1.250887933153055158e-04
8.882005076634312177e-05
7.130524602301161049e-05
4.469043479722440256e-05
6.559353472441740757e-05
6.124244557912198741e-05
5.319245416318161239e-05
8.406326565562072261e-05
5.157522631044584042e-05
4.376147436500448109e-05
3.827772555627043924e-05
3.972042974708965215e-05
5.859574836375320010e-05
4.041537289329436597e-05
4.125069425875244283e-05
6.234078881076163953e-05
3.901822515770469405e-05
4.012002118782894572e-05
4.402568971447898348e-05
5.088930836966624153e-05
5.429783562732452986e-05
7.079271809666222079e-05
6.400275798012372303e-05
7.486340847245187167e-05
4.939023473351818584e-05
5.991895204134184394e-05
3.222565682002487324e-05
4.652425273553874557e-05
5.655653068822585883e-05
3.796221186502495427e-05
4.131098921213089873e-05
4.894495647294827231e-05
3.225844598047915860e-05
3.776527562153219112e-05
5.462964330551060187e-05
6.890861590917016677e-05
5.306243559797704215e-05
7.166180724429696482e-05
9.488967046861695141e-05
7.381937919517424912e-05
5.695358397075680335e-05
5.498154760086395351e-05
4.615010305224694922e-05
4.777876839337069620e-05
6.994191557548974571e-05
8.401597869639236234e-05
5.721815170910760421e-05
8.071343679891866088e-05
5.457895048490289300e-05
4.121905365738426721e-05
4.116685180950265866e-05
6.646328832577997605e-05
6.897309229899810737e-05
5.889894146985355836e-05
4.979079754376672861e-05
3.525417976142792962e-05
3.735638510170254052e-05
5.293837381131590638e-05
6.102366267588858425e-05
7.096157383377342694e-05
5.072279206768761549e-05
4.551963618328268540e-05
4.057083112250751972e-05
3.096728988583587286e-05
6.638402808657052460e-05
5.301151368317231734e-05
5.962283859268061351e-05
7.839771566089447986e-05
4.604599039651861159e-05
4.364770536073058252e-05
7.487766578889959272e-05
4.018166492273278663e-05
7.339499625138495907e-05
8.338990792569551990e-05
5.936356182885588645e-05
8.740885391479586157e-05
5.339564560089006247e-05
5.916370695695639774e-05
9.174614476544346020e-05
8.131333114688736239e-05
6.887083870888260060e-05
6.877244087945437521e-05
5.687434901770073816e-05
5.102563498561148918e-05
6.728300799497258971e-05
7.894541693023351253e-05
5.157864216487470841e-05
5.476984041667383121e-05
5.235873990154392605e-05
6.612503511576220774e-05
8.042469634853725098e-05
5.409654348149252172e-05
5.181872469162263339e-05
4.633271821678620439e-05
5.154955778239694820e-05
7.192598554099699688e-05
9.948079515197603138e-05
8.174181522556586146e-05
1.097627412835748442e-04
6.114914745164958432e-05
5.574465684185105860e-05
7.591651720182704367e-05
5.526331971188711451e-05
6.737796304631241725e-05
7.444093015816908752e-05
7.840953958694638710e-05
5.168505898806580591e-05
7.865044276128670077e-05
6.422117821741320579e-05
1.056113252120251993e-04
5.288271271941909950e-05
4.490213747317793347e-05
5.932402418153045885e-05
6.847097610854093288e-05
5.415664963264640435e-05
5.166937582784957743e-05
8.130517755736098025e-05
4.417996566406539905e-05
7.860331118634170220e-05
7.857154953144319476e-05
7.284925469091185421e-05
5.778520701485742828e-05
5.644590183031787401e-05
1.007449210800195980e-04
5.111666290427491281e-05
5.375950352937382065e-05
6.863475230859316864e-05
4.864457283185044597e-05
5.610993908326168152e-05
4.361447313291485838e-05
7.365556973665693960e-05
9.574471038959871875e-05
8.831741817541215980e-05
7.751747127312270935e-05
6.863633083218153999e-05
8.602190628912173380e-05
8.146811174658338144e-05
8.918945731548771384e-05
7.972117595590318627e-05
6.027323824849781128e-05
3.654563388304038713e-05
6.349778320641540433e-05
4.354405418146690499e-05
5.152975026834661650e-05
5.120138791399637544e-05
6.494221160064508956e-05
4.141056137144949343e-05
3.908737250276848581e-05
1.148223689461275209e-04
9.244141936017354489e-05
8.914383364764403639e-05
6.252723721208376293e-05
3.723112391364542031e-05
5.306709927694096892e-05
3.465261314857351235e-05
5.905497211070539657e-05
3.893826056555107492e-05
4.280274996476372021e-05
5.999733958732562781e-05
3.746179300421981841e-05
3.670202567448153827e-05
5.216942124674147654e-05
5.633407148045724088e-05
7.932725381614337686e-05
6.472733320706972960e-05
6.635929509080382225e-05
9.263086433125812199e-05
5.312558849491644394e-05
8.034616790832390201e-05
9.247486167643376035e-05
7.729418084958060008e-05
9.992940400904361156e-05
4.797242457324443516e-05
4.937287367836539306e-05
8.807812795066383702e-05
6.276541557524790613e-05
7.804386355226048625e-05
7.081570929435472843e-05
6.604391714583684688e-05
5.978370347644093168e-05
5.815131953658006319e-05
5.466387548349638280e-05
8.825871124056230293e-05
4.829493664137036866e-05
3.841849010946157058e-05
