8.920880461982187981e-01
9.156782446673468190e-01
9.271415393833458696e-01
7.942721170733030300e-01
8.751703767584373406e-01
8.600297257496775094e-01
8.860383843625514455e-01
8.720387873975071757e-01
8.418606433830839730e-01
8.664015714619972552e-01
8.691434260592645344e-01
8.618387349451385182e-01
9.135346331473254144e-01
8.712147794716846860e-01
8.730116529621924082e-01
8.843087957485952222e-01
8.921390670834531411e-01
8.492830911801603211e-01
8.380283171124458530e-01
7.979243508548650166e-01
8.439946213196470870e-01
9.057094058738476283e-01
8.595595868876334533e-01
7.951852826122428608e-01
8.695978911933649469e-01
8.386796047552196320e-01
8.289034586875067001e-01
8.289222035551879753e-01
8.197939780185843350e-01
8.908624781551051086e-01
7.942646995339629479e-01
8.527869874663869254e-01
8.597582731302340076e-01
8.838167403719265902e-01
8.850326616420224335e-01
8.557484451986123730e-01
8.202786037455392920e-01
8.379180837492299361e-01
8.078797371881314415e-01
9.222639350488078813e-01
8.062657489388828091e-01
8.497051795388669282e-01
9.020434979017687427e-01
8.589231051316803534e-01
8.518238163276073971e-01
8.660672193236530481e-01
8.457162005055421927e-01
8.794335475251164880e-01
8.633520761094510831e-01
7.882111010058965306e-01
8.649585465120575023e-01
9.231939220983949035e-01
8.741576668049688692e-01
8.717075057901870760e-01
8.120482962295043627e-01
8.456529726251124091e-01
8.982308978530425536e-01
8.924981410777067525e-01
8.977441324723430816e-01
8.224166744260700268e-01
8.200449414542888560e-01
8.490636480901814220e-01
8.167337818132626159e-01
7.545630614634311062e-01
8.531533949958662877e-01
8.129363282102516353e-01
8.580138909988294094e-01
8.946128209140179477e-01
9.280077280780193449e-01
8.682809002739344528e-01
8.658382255769094815e-01
8.161721376188624255e-01
8.523496227874992615e-01
8.833749705729317947e-01
9.213915295221336565e-01
8.330645024204106353e-01
8.402805557857281338e-01
8.769021444308062740e-01
8.962109774093447445e-01
8.552774374996906515e-01
8.326010771302819746e-01
8.224315969836633045e-01
8.172363216237374939e-01
8.471528113647328606e-01
9.153464517175297077e-01
9.017635234842030778e-01
8.367248878467812290e-01
7.914999978870024266e-01
8.853429413874636111e-01
8.735415681858064163e-01
7.999593992480613647e-01
8.633544682367906287e-01
8.377902971170838597e-01
8.739809075657952731e-01
8.062927769233904085e-01
8.687322166843396420e-01
8.358629278219468217e-01
7.816192767657114127e-01
7.940869848068615733e-01
8.147246069781867162e-01
8.895729564494115893e-01
9.538551762348018714e-01
9.129181654596477680e-01
8.472737870733944021e-01
8.161274564607886584e-01
8.580933474719030229e-01
8.810596750889169160e-01
8.788109199772650149e-01
8.443844891173455380e-01
8.339517271501988294e-01
6.298685216375526918e-01
8.340685244252812325e-01
6.850882367931938610e-01
7.672799432614570980e-01
8.149590775346385874e-01
6.830701041666862317e-01
8.418128176575779831e-01
7.211773214840966340e-01
6.762986089835602010e-01
8.930585089415947753e-01
7.986893228649749599e-01
8.561431834232950955e-01
8.587287992948299253e-01
8.377488014543427175e-01
8.025343264262606580e-01
9.211884347077273771e-01
8.992972991933206872e-01
8.756671111613606451e-01
8.834824287293225886e-01
8.577381078306333118e-01
8.083059306171169744e-01
8.313654253175056796e-01
8.716386140751386513e-01
8.494130135120201430e-01
8.536757565584579543e-01
7.610299997821751150e-01
6.799153532610777706e-01
7.971492437201449510e-01
8.381215159616686172e-01
8.683686278830122784e-01
8.269739882684161714e-01
8.046773115025240841e-01
8.671653286648974834e-01
8.790459286455054588e-01
8.004009850377651336e-01
8.032749827510436980e-01
7.936578299310507179e-01
8.533716335958481114e-01
8.734719021688382989e-01
8.252713397894414493e-01
8.338538466461841159e-01
7.633537917296597808e-01
8.827612350148693610e-01
7.623090152001102959e-01
8.476575206743158786e-01
8.483002409633978447e-01
7.942500496075969307e-01
8.283467000149777881e-01
8.136197425382570847e-01
7.252690374251771210e-01
7.617721725422770263e-01
8.489579051599419612e-01
8.062215145288238460e-01
7.634915387882683646e-01
8.428019035960778726e-01
8.583310918897678610e-01
7.885516562253781503e-01
8.943106973438688101e-01
8.231089508546005629e-01
7.833917379366017730e-01
8.085740283003013396e-01
8.766845322841566590e-01
9.083659593552976252e-01
8.613833068841889595e-01
8.628778309336978536e-01
8.295362416361685698e-01
7.239762622725752772e-01
8.301344659368784518e-01
8.723678790616211653e-01
8.802323936756034639e-01
8.490251953283560749e-01
8.401699563304051432e-01
8.037888813548311751e-01
7.564594774013495559e-01
7.634791997109814377e-01
8.717497759324103201e-01
9.036727006474828405e-01
8.567275864367118743e-01
7.998084374105814964e-01
7.891575902354681649e-01
7.308302106195040393e-01
8.410126642478601422e-01
8.542499380214377824e-01
8.389165324008951430e-01
8.557138208835119997e-01
8.312084718339088907e-01
7.855947809181765829e-01
8.816513442889487573e-01
8.251810906150623959e-01
8.514825554883967973e-01
9.001379502100903540e-01
8.742385013245649317e-01
8.425905392618910916e-01
8.139214313318421379e-01
8.039184288102728670e-01
8.684618269634961640e-01
8.894213920023021913e-01
8.624090109827747819e-01
8.233445420116861646e-01
8.501605047841880314e-01
8.390700623145234127e-01
8.750494536574763282e-01
9.057465847832467665e-01
7.932726420263633837e-01
8.537428899926432502e-01
8.518983976926741697e-01
8.695780717265725324e-01
8.955243856596525331e-01
7.846644588710901536e-01
7.445430670743619084e-01
8.205460463849048036e-01
6.987848400020461037e-01
8.773003817028027784e-01
8.887597958825246280e-01
8.935675791423790537e-01
9.160499848293097713e-01
8.104789410316298737e-01
7.958025971726410130e-01
8.962721030031597369e-01
8.685054330748028795e-01
8.807753483016531604e-01
8.810781720493746638e-01
9.137549007906894394e-01
8.201067011089419045e-01
9.080441975755909612e-01
8.764910963735083049e-01
8.869051987083731436e-01
8.533048738885498086e-01
8.303630759734594857e-01
9.142415672454102804e-01
8.821724780582783643e-01
7.966377158164474892e-01
7.590091326548740192e-01
8.621151171917609268e-01
8.343624171519127275e-01
8.626003685921619368e-01
9.044360916466799294e-01
8.784148024278028988e-01
8.504093942276842455e-01
7.830512362328462261e-01
8.419095511822406452e-01
8.055131626587596072e-01
8.656396416964657892e-01
8.504115727626919696e-01
8.412765449837015241e-01
9.068988470222330012e-01
8.784290659056016581e-01
8.461986116796450519e-01
8.860671150821730624e-01
8.829406743668727353e-01
8.162117043804456573e-01
9.282721717335400413e-01
8.958012450289827289e-01
8.990088616186956427e-01
8.927505118257333949e-01
8.987795136067824320e-01
8.574797528089778131e-01
6.972744163835878917e-01
8.736028425544055676e-01
8.359162091298742991e-01
8.604001304918974524e-01
8.154834453196578847e-01
8.638184702484216215e-01
7.918424282715791351e-01
8.102572541806093431e-01
9.121196273931267973e-01
8.846920777501241506e-01
8.940550444780467343e-01
8.690425179975560521e-01
6.932258154637486181e-01
8.256626778426687796e-01
7.144632930203835830e-01
8.430552801859773071e-01
7.903671359862041168e-01
7.459476077683910855e-01
8.700489539719519216e-01
7.169122492590367379e-01
7.744102600060897013e-01
8.129117327821483441e-01
8.470296185659931254e-01
8.931192120755638841e-01
8.617415795701294234e-01
8.391726910080202773e-01
8.926276930778327401e-01
8.044005058877093939e-01
8.589205286027568054e-01
8.915724103441526882e-01
8.578648044398503592e-01
8.814470734671590035e-01
7.814661855507134547e-01
8.181098189169816459e-01
8.854128585807115037e-01
8.518895462660401874e-01
8.766486792408890727e-01
8.512674230310439683e-01
8.984291286816814548e-01
8.845948561862309045e-01
8.283157236462411754e-01
8.211457718805030837e-01
8.934329646852474660e-01
8.139705966574913854e-01
8.441898019960668575e-01
