6.199320381658621759e-01
7.244640530212098639e-01
7.011463808893787508e-01
6.708678140211076224e-01
6.032333000023176739e-01
7.026987526654708827e-01
6.305608498801026363e-01
7.480258898190035310e-01
6.812530675754624454e-01
6.934234865429553807e-01
7.881363432628537558e-01
5.908949471011424315e-01
7.657940822206940057e-01
7.646375471118704858e-01
7.898315890780203130e-01
5.967985468270757821e-01
6.512602670189161502e-01
6.620555090069893955e-01
7.191167439066009637e-01
7.194806857210771511e-01
7.753569862067537510e-01
4.732636727365321372e-01
6.959139289779094906e-01
7.426070149273802379e-01
7.559659488379879555e-01
5.227248042851054821e-01
6.676824967640475617e-01
7.700502121361789687e-01
6.655760721467443020e-01
7.932425971006997756e-01
6.315285804057162444e-01
7.337234719817471440e-01
8.089408558728236054e-01
6.963260592804428883e-01
6.792433479850922273e-01
7.263503060943122813e-01
7.943554254186581121e-01
7.379092392870892914e-01
7.530438451943214373e-01
8.112752229198839649e-01
5.957572699710930175e-01
7.131523506029262549e-01
6.559497760014294521e-01
6.513393100931463842e-01
8.280648602247304702e-01
6.752535898729402630e-01
7.614626497530719851e-01
7.518831167970321250e-01
8.444421637501023925e-01
7.512521341187033963e-01
6.635231437637486573e-01
8.147048531066545252e-01
5.925761718687080348e-01
5.293057483777312555e-01
5.867457302802590036e-01
6.203794652447993663e-01
7.150216009809891027e-01
6.672331270811735493e-01
6.286697512680472499e-01
5.524779203881958756e-01
5.047176783971589753e-01
5.822737548607813673e-01
6.295970729838348268e-01
5.959967255746659864e-01
5.457994518125510730e-01
5.814965224898860363e-01
5.513937878728292219e-01
6.337074324271392278e-01
6.447495238655965855e-01
6.812787897993023423e-01
7.131209495439064794e-01
5.285790834018594397e-01
6.063757344566813590e-01
6.370386702321738648e-01
5.680969169714528144e-01
5.762869859558515939e-01
5.942864157467258046e-01
5.591158760829382235e-01
6.541542708801723061e-01
6.785407395606881664e-01
7.969537113261245809e-01
7.759100349561645071e-01
6.859700402743152958e-01
7.341643411473278702e-01
6.168372237566218663e-01
5.308019263576846392e-01
6.507530914312206205e-01
6.177727101855013947e-01
6.145892350254684722e-01
6.199918869021537882e-01
7.495993939546637952e-01
6.010167895384608272e-01
6.773302687870265126e-01
5.895287937597691874e-01
6.380872124622025687e-01
6.162993409262984557e-01
4.834519465246047698e-01
6.061723547130029033e-01
7.471237727523866168e-01
6.325811060163715194e-01
7.504983842318837528e-01
7.766701724138073137e-01
8.187467491223183735e-01
7.878924374240944273e-01
7.428681177446773143e-01
8.330066669340531194e-01
7.014416297721469684e-01
6.992726849299338854e-01
8.098111784357241438e-01
8.167384817617893145e-01
7.341107766683709901e-01
5.511872921050480212e-01
7.281914663492559114e-01
6.781672878666730186e-01
7.932146571331267770e-01
7.688381382853102242e-01
8.133798295495004993e-01
6.888025631715265495e-01
7.220004673889619529e-01
7.700571276943121157e-01
7.539643522960841615e-01
8.322959311961201090e-01
8.341758403701228231e-01
7.487181631635473344e-01
7.766354459555229184e-01
7.810998488628748682e-01
7.790575590215832458e-01
7.670427331693097095e-01
6.819652389879307108e-01
7.527452005840298277e-01
6.365073071512374892e-01
6.142574565804042042e-01
5.272148601580844973e-01
3.686202840278315351e-01
5.545781205845210504e-01
6.621787009671646906e-01
6.970271858638419360e-01
5.744187881008808727e-01
6.072443209440361311e-01
5.598746509583120146e-01
6.166476272008791781e-01
6.449930361338099827e-01
6.545149948501959303e-01
5.741135879930248098e-01
6.977771900215177237e-01
5.630256705437202136e-01
4.754145893296026770e-01
5.499586631783981439e-01
6.706217102765488214e-01
6.274058997754005107e-01
6.663970452951815115e-01
6.250268060805272974e-01
6.717780497319473243e-01
7.446714011326055482e-01
6.711194700694883553e-01
6.868823864536603985e-01
7.285178494124426862e-01
6.535373432471121014e-01
6.743568693067433228e-01
6.053568296143222449e-01
7.469964763399443708e-01
5.773032049419646317e-01
6.552793357811468322e-01
5.486379521620442512e-01
6.885530272302046173e-01
6.689706840832526646e-01
7.103661653114696772e-01
6.730574698019039515e-01
6.382620690398289609e-01
7.321363982789982350e-01
4.865705527880853642e-01
7.232977513903731115e-01
5.997076038535311682e-01
7.765671571495667003e-01
6.917101735184959521e-01
8.161147126470629232e-01
6.598176137429343502e-01
8.455940881843274637e-01
6.929961196912971522e-01
6.582931318323530512e-01
6.408149937878737656e-01
7.268609923197281164e-01
7.817319005058390724e-01
7.150498847385760026e-01
8.507534216933057003e-01
7.247818616197817532e-01
8.039437248763369182e-01
7.656292387848099290e-01
6.411593219530677956e-01
7.800312068683985522e-01
8.105467838388247248e-01
4.949735073659121132e-01
8.134016973131763528e-01
7.689297924464899570e-01
8.464518945084609225e-01
6.853461165585340575e-01
7.048987228157198581e-01
6.695730456128778929e-01
6.864610672974424954e-01
7.795925972227846223e-01
7.763035436109236853e-01
6.337460299453361312e-01
7.541513881686533471e-01
7.462283042308359704e-01
7.304528070123028627e-01
6.352382366778993594e-01
7.306014473426682976e-01
6.547355360506493804e-01
7.359171559763353354e-01
6.460844175149578206e-01
6.535156576254177452e-01
7.007513820514428282e-01
5.256741555407338229e-01
7.349196967761858490e-01
7.234867572355999643e-01
6.814921048203463894e-01
6.498599553752758551e-01
7.825171498401021219e-01
5.397962362205382947e-01
7.435853170283502900e-01
7.273524700586049274e-01
8.053454749844979332e-01
7.147978763068819630e-01
7.657239077839023134e-01
6.163329471792537984e-01
7.466837696023200799e-01
7.617282897811417097e-01
7.352118978506823055e-01
7.759565128880895335e-01
6.134815358611823699e-01
7.565188830084158544e-01
7.324386592846903188e-01
6.270257872973873381e-01
6.799479503942441605e-01
7.379597273107652011e-01
7.027475096652119335e-01
7.472938170525965651e-01
8.326621962403517596e-01
6.976608602180938146e-01
7.945593476664269961e-01
8.397833395272022994e-01
7.499143748745555893e-01
8.257029964028728131e-01
7.723269282783338241e-01
8.792825755337311255e-01
7.429053437637154200e-01
6.346858053890557239e-01
7.488204485028768786e-01
7.523007871547980896e-01
7.407788157673306229e-01
7.016274805797604319e-01
6.915309060782591777e-01
8.109318497736598408e-01
6.985213668057823622e-01
7.206274252041222628e-01
6.589451337830198874e-01
7.774330031992090495e-01
6.401895977268291515e-01
7.927053798273117069e-01
7.763286878130905011e-01
8.312489944897628602e-01
7.920481508033831997e-01
7.177403809476836649e-01
8.081271429570981990e-01
5.188436727690044492e-01
4.858335049610861822e-01
5.934859326483223896e-01
5.510469529898046614e-01
5.202459461713401234e-01
6.521503870176823536e-01
5.234811087051857159e-01
5.761358595641251634e-01
3.043832056367974936e-01
4.658774631994699877e-01
5.791629991569838820e-01
5.832908099943446834e-01
5.285246098283218341e-01
6.080700966078681491e-01
6.746846316067264260e-01
5.927249163400500898e-01
5.695613855928332026e-01
5.107459124672049100e-01
5.227641893424068709e-01
5.738682764894066368e-01
6.868527759913652941e-01
6.675394079757088761e-01
5.692769195509024271e-01
6.611548326392435726e-01
7.010449270603774652e-01
7.109996452935415379e-01
7.053786461818239983e-01
7.074039501910712735e-01
6.861734487099331314e-01
6.307678199649736639e-01
6.965512983329356089e-01
7.336445242127412891e-01
7.085148328505964654e-01
5.915721114525436253e-01
7.286333830631116504e-01
6.514835565982840526e-01
6.627661347680052772e-01
7.241408418335426589e-01
6.805359501531451638e-01
6.791322836930954177e-01
7.386561529732118547e-01
7.427643166512546413e-01
7.567286635856070864e-01
8.040083566788331915e-01
7.064084276170959908e-01
7.136847272072461834e-01
6.372284686608641335e-01
8.099732733526888717e-01
6.873883685624775364e-01
8.079023856071235743e-01
7.586944571369810264e-01
6.378062494893744772e-01
6.611653568135473780e-01
7.409652847990843005e-01
7.678009640614468223e-01
6.948096674605601653e-01
7.676385907303463485e-01
7.814723776401192312e-01
5.788902314243224989e-01
5.014216774063153803e-01
5.235168218389989470e-01
6.868236642653809954e-01
5.242842877048207173e-01
5.653808633765321501e-01
5.326037458992459728e-01
4.336548781505018546e-01
5.844894497286021728e-01
4.090811617058607297e-01
5.103936631388804601e-01
4.706755075879617833e-01
6.241690557948272877e-01
5.356764503655248033e-01
5.142981732466291867e-01
5.309560977719349761e-01
5.591647959695309478e-01
6.005592776941207633e-01
6.229160156403086290e-01
5.912575563268850365e-01
