3.188406722784862878e-05
3.091003666240699753e-05
3.024904605639336695e-05
3.353596423894295318e-05
3.001637489124258680e-05
2.428916674693206210e-05
3.338831696859390210e-05
2.581282170882335242e-05
3.064385242033354251e-05
3.617557545719974639e-05
2.979813067864043642e-05
3.044237704498898493e-05
5.389768054357851765e-05
4.340753730181797334e-05
2.830220166713886434e-05
4.188805430279423834e-05
4.163402535230384204e-05
5.245371694658206583e-05
4.095013528195111369e-05
3.951846671452347704e-05
4.011622952985303037e-05
4.563086550704601927e-05
5.032223392034907767e-05
4.020670991830618265e-05
4.406374095920362213e-05
4.217135702704695785e-05
3.636838752670506309e-05
3.352681471755279794e-05
3.668778812022282701e-05
5.563329885100809589e-05
3.649644573134819752e-05
3.062901469134921917e-05
3.509568353059788103e-05
3.292248283353067903e-05
3.865373291677621012e-05
5.916879787689980350e-05
5.318263129366617998e-05
2.450799871813274492e-05
3.412000568101720581e-05
2.431546638726857774e-05
2.532572593024655380e-05
2.532193709428389819e-05
2.860943004142176742e-05
2.038521333072111551e-05
3.068268544254750397e-05
3.391818472305328314e-05
2.451715005507109005e-05
3.220453925830858558e-05
2.486427315571810122e-05
4.359967548723880996e-05
2.126143088107593137e-05
3.502852614003895725e-05
4.025107267597517378e-05
3.308706771507996611e-05
2.695324002888362103e-05
3.742050864448664147e-05
2.619203145277144062e-05
4.807207368259443258e-05
2.263899933469134228e-05
2.597526447188455197e-05
3.032009802725129538e-05
2.694476877749272040e-05
2.459406843886777149e-05
3.669506604063371621e-05
3.809043874299332117e-05
2.164731033507887078e-05
3.025473582128313814e-05
3.453168436498439936e-05
4.207064907255314654e-05
4.710054674338004819e-05
3.956601530124432815e-05
5.586903256319282745e-05
4.474549638154143354e-05
5.049767378642464532e-05
3.032505697553785563e-05
4.945741439040219841e-05
3.879994257529874947e-05
3.237692709692114749e-05
2.533336401112073479e-05
3.169772951346815299e-05
4.042279713747949898e-05
2.543637610895390928e-05
3.612385486817023671e-05
2.376999109294475232e-05
3.982788010916617943e-05
3.951269854668816253e-05
3.027769480037204695e-05
4.018060003708922087e-05
4.107305795730069976e-05
3.790831158527403809e-05
2.787444834838512887e-05
3.255092356671498608e-05
2.973761533134739905e-05
3.030806081817459841e-05
3.079896061814787870e-05
4.229532182580976988e-05
2.471018835732328810e-05
2.938030810364224919e-05
3.018909889803451189e-05
2.489057883843890523e-05
2.809624275307798463e-05
2.783069189290266100e-05
2.786347148473450845e-05
3.814502879735479502e-05
4.180569928578034696e-05
3.515702892923052092e-05
4.100572315832721115e-05
2.996894082403958712e-05
4.636188842674424641e-05
4.170105583855769464e-05
3.154044725561140492e-05
5.049750318379846913e-05
3.933194886276894910e-05
3.407836938011734202e-05
4.602976241599683398e-05
3.573586521445406021e-05
4.228398686829151461e-05
4.970387906206669105e-05
5.051922467184441745e-05
4.730522164956559261e-05
3.254255759047055521e-05
2.935537096542876109e-05
3.070208122265403501e-05
2.876393749956016299e-05
3.269745285471803512e-05
4.148482453999046169e-05
2.446390925889469804e-05
2.367925837693560487e-05
3.284922301071676259e-05
4.105540395489125794e-05
2.990703574586660754e-05
2.681050432720371261e-05
2.803091970319139938e-05
3.168291930040736997e-05
4.370065684599407102e-05
4.557145874682150326e-05
4.802152651057693775e-05
4.106073909611130193e-05
6.492720299681359645e-05
7.242040119618238319e-05
6.552370885167512762e-05
4.179346215758613113e-05
6.561267235290933135e-05
4.106991067722602829e-05
4.231111082125091387e-05
3.594655310596583811e-05
4.897555262830083188e-05
5.000628292473171323e-05
4.557080152438928533e-05
2.318652793324254730e-05
1.461850550703543949e-05
1.857721096547402468e-05
2.055313905576454771e-05
2.095098211426895662e-05
4.034251521210661446e-05
3.845359609723761677e-05
2.864605219055486296e-05
2.735061727875253765e-05
4.306487160198902168e-05
2.935432444046916735e-05
4.993806468896223058e-05
4.729301333694296226e-05
4.208674060520307654e-05
3.082343381894459336e-05
4.418967869539334271e-05
4.315437408378666642e-05
7.217308637167638716e-05
5.837907585177641622e-05
5.808022672399019472e-05
3.201399353472602759e-05
4.611629818978696665e-05
2.857752958542602670e-05
3.665651649951613304e-05
4.336952384461067187e-05
3.098146820567789606e-05
2.240714168487720358e-05
2.584111142374682837e-05
2.438549380164831858e-05
3.433357029438626422e-05
2.128759772222396833e-05
2.814980400142924309e-05
3.241717376911711529e-05
5.153994883672377933e-05
3.107740527994142985e-05
3.079044894793285411e-05
2.650537919694053509e-05
4.031054788042986558e-05
3.015547823459786971e-05
3.132239783089720876e-05
2.575115044895424685e-05
5.679957722798352005e-05
7.213729713692127311e-05
5.211157836815555631e-05
3.373294777998566004e-05
3.638121427161632203e-05
3.109061061404100134e-05
2.942362769184171653e-05
4.585018643369864847e-05
4.701611001178366422e-05
3.275696708141643556e-05
2.646512036710565801e-05
2.938237164629860278e-05
2.799710501380683051e-05
3.134469679254638130e-05
2.867018460018390567e-05
3.268161769993762115e-05
4.229962848128454139e-05
3.373499845231022289e-05
2.832302602832020863e-05
3.456977107061455804e-05
2.892261757452999643e-05
3.667936284472510358e-05
2.928219477769831576e-05
3.059918327785041202e-05
2.445848322695034517e-05
3.337645885095461473e-05
2.819685132331358081e-05
3.865596182096644058e-05
2.134243100765633315e-05
4.304750187569116200e-05
2.732370759950325525e-05
4.194197080967350594e-05
4.566186985445937896e-05
4.895367215144815805e-05
2.758070471055818496e-05
6.559203964656552224e-05
3.309406239528755046e-05
5.019789947713193789e-05
4.154067122763366126e-05
6.500402665672331344e-05
5.129329717897431189e-05
6.791990342342143811e-05
2.455422033533743767e-05
3.241240633612068272e-05
2.939510322490927107e-05
2.865120152065677391e-05
3.095505826300653845e-05
4.211322293589001237e-05
2.366777923653294409e-05
2.039273269735317879e-05
3.670390696212472376e-05
2.894975893869376415e-05
2.789875324301198332e-05
5.504917904936405419e-05
4.071646519851539149e-05
2.336500709124588214e-05
4.850787204470898099e-05
3.472359466228530124e-05
4.285804328294991905e-05
3.351414641799258963e-05
4.687401847224761540e-05
4.931176418795782320e-05
3.155382102535917046e-05
4.936175560511756180e-05
3.841223586173482394e-05
3.460408967927857299e-05
3.824519407882202778e-05
3.499862425931976660e-05
3.677843854244815025e-05
2.592454169894765198e-05
3.638484981391423520e-05
2.531692201130278562e-05
4.101110867128306999e-05
3.321603656881166742e-05
2.777421575424204322e-05
3.544151313668207967e-05
4.456844059120835784e-05
4.519713692692238412e-05
2.711372079073824209e-05
3.539234771319728806e-05
2.702704581721101140e-05
2.278415510868927698e-05
3.755161764761043877e-05
4.633416819568494650e-05
2.451380838329652109e-05
5.012502781322542884e-05
3.597088060418863863e-05
2.999895265139702099e-05
5.566875826945532577e-05
2.667456980171318013e-05
6.079379776017927885e-05
2.648355258738042205e-05
3.348973949261385604e-05
3.058028070723778385e-05
2.845184947559071577e-05
2.817045820047049535e-05
4.690464888990784019e-05
3.241397416336872232e-05
3.069974735301149286e-05
4.266313733588353866e-05
4.509115165757654465e-05
5.465341681495931761e-05
4.379833580138810982e-05
3.318182220326318908e-05
5.686431148283877890e-05
5.336630119299773134e-05
4.912063481834383116e-05
4.568588254564480091e-05
3.732345038226474860e-05
3.678575217202137144e-05
4.247304663608889605e-05
3.123023808133293898e-05
3.885874058753365390e-05
3.232285001064189668e-05
4.874590849669608721e-05
4.327415521281025517e-05
2.816531562708496966e-05
2.707429069274681945e-05
3.472271298936458758e-05
2.712627227493215448e-05
6.166388029709380053e-05
3.760208101441115265e-05
3.985716168599078967e-05
4.458422201556707574e-05
5.130859270886064025e-05
5.073182824591795508e-05
6.288157496906084370e-05
4.363153599318922736e-05
5.912800906935977230e-05
3.085777374588741560e-05
2.041633321184837800e-05
3.185077180562703324e-05
2.138310967454972060e-05
3.641328541285724648e-05
4.225469513748840949e-05
2.932468702052904802e-05
4.499382482079921378e-05
2.723817286220943945e-05
4.375088952069001584e-05
3.145797756796694467e-05
3.513052282030442824e-05
3.811252279727093213e-05
3.160203836029383680e-05
5.091439087599939468e-05
5.444061189272533856e-05
2.961624172931336021e-05
3.319081142980354944e-05
3.271517772584244644e-05
3.124356394562238386e-05
3.322655642978118788e-05
3.640646283616797487e-05
3.338564734120984462e-05
4.297832588512657002e-05
2.772218301708324895e-05
2.928928007558111196e-05
4.389839496288024410e-05
3.499960703089597595e-05
2.644260908564552182e-05
3.407248530328945237e-05
2.728397249100223643e-05
4.529960354058989541e-05
