4.134686838914669008e-05
5.186757025828367206e-05
4.978997575837628645e-05
3.934108068955094906e-05
4.495889989459635248e-05
4.486851629961968664e-05
4.198702852640870273e-05
5.939776504346540081e-05
3.962321303749216439e-05
3.402144582760731285e-05
7.254890236735303728e-05
2.401229579526565467e-05
4.933468917335004659e-05
5.328634257202857625e-05
4.977764426667120960e-05
3.171064890113550869e-05
3.999063411181440967e-05
5.213058243191244989e-05
4.929979780121912080e-05
3.931893476721555567e-05
5.279545181319082216e-05
3.174164201350147075e-05
4.523373473317129543e-05
4.516839687095273260e-05
4.842042360644481687e-05
2.838056165167890678e-05
3.953822569392875580e-05
4.989489361086300048e-05
4.437268552490803369e-05
4.654043907123830927e-05
4.028348432053556759e-05
6.846342667275735858e-05
7.650170678595088352e-05
4.762711566358184456e-05
4.895739121862934293e-05
6.697338876060527507e-05
5.511125295408973019e-05
4.518838240798384769e-05
6.510663175540097299e-05
9.303813548022295970e-05
2.591620864864851656e-05
6.553947651500074067e-05
5.379361189131482297e-05
4.289088501830467869e-05
9.070028991704736884e-05
3.792342670057301018e-05
5.520614714114730886e-05
5.544683741794130988e-05
8.819514654187739276e-05
6.390553626830347816e-05
4.483542665535315093e-05
6.751303009303032414e-05
3.395801353307708660e-05
3.212793149594929599e-05
3.374731552329405691e-05
3.131114755740501429e-05
3.893194248250241214e-05
4.423752171032247534e-05
5.533832302101010471e-05
3.245624890340169632e-05
3.255332254360501597e-05
5.867569702489943112e-05
4.058494606704197760e-05
4.153372700374109955e-05
3.760603164312867461e-05
3.690988529336606936e-05
3.567166252852321118e-05
3.768887176113959659e-05
4.113822645442152413e-05
3.609072183662523727e-05
4.623104413864566510e-05
2.948333811065620809e-05
4.434155654445549438e-05
4.248072548339192799e-05
3.895976242846251785e-05
3.803593374774046185e-05
2.978447820577787827e-05
2.987799441269730602e-05
5.120396651702346290e-05
3.839292662999243080e-05
6.942531346267148955e-05
5.126691980413451032e-05
6.541863285739692895e-05
4.616938817943177934e-05
5.023848209436304916e-05
3.827357350889730502e-05
5.711156681877532928e-05
4.648473679139491469e-05
4.104750841564506233e-05
4.384654972538192810e-05
6.006602055874653583e-05
2.523428262406091652e-05
4.705047685435928816e-05
3.190049926113244582e-05
4.499430247319987145e-05
4.293025043385434252e-05
3.272627369551239177e-05
3.809991067016083125e-05
5.538887377786494187e-05
4.524253000448307568e-05
6.988228936829272064e-05
5.600216051626543735e-05
8.356444250626772735e-05
5.285247453901249049e-05
5.678177997356885628e-05
8.386597233562462477e-05
5.283305850757449103e-05
4.497739786810161703e-05
7.837005311572343199e-05
6.506455680867316972e-05
6.001109023236933152e-05
2.949412657913294371e-05
5.996819620405801135e-05
5.401015470055930815e-05
7.842608804381489846e-05
5.281491291390741913e-05
6.034260475134857325e-05
6.650836502183999168e-05
5.286413987898253632e-05
5.821265634224056439e-05
5.328820828782844743e-05
8.425112026990100268e-05
7.265154282274930765e-05
4.478482769050011925e-05
7.262916451786210071e-05
4.626021187020111925e-05
7.319139027219651560e-05
6.147024396508700287e-05
5.328939371758487884e-05
4.286218837507056468e-05
4.995000741930051314e-05
4.023904490350865132e-05
3.227093819589226643e-05
2.779046560180284343e-05
3.814723223371694304e-05
3.429469577131526447e-05
5.721206933033429356e-05
3.393223565225483694e-05
3.442480381835394073e-05
3.200708707455652272e-05
3.984411924443722756e-05
3.862047436360910909e-05
3.633407571917958505e-05
3.525419536255320680e-05
4.159297571294810400e-05
3.986325287067506357e-05
3.595102557584027564e-05
3.528300322108518327e-05
5.521868438221486585e-05
4.040096440302971104e-05
3.188593047316928190e-05
3.586238640272287095e-05
4.829100691853418186e-05
4.753061072000691536e-05
5.116917230514072038e-05
3.652385513781257356e-05
4.314588244135626868e-05
4.275653068827273362e-05
5.790180398648720150e-05
4.564777156047670125e-05
4.664172039639733050e-05
3.092777024936842092e-05
3.525829032009429305e-05
3.427516716515263055e-05
5.708523374289528504e-05
4.218175312049966737e-05
4.442883003955758989e-05
5.484682319930816134e-05
5.321107314398751251e-05
5.085178552964982952e-05
2.824363887264981791e-05
6.019063350692667051e-05
3.034641805915080836e-05
5.876388436353954564e-05
6.048336889902887459e-05
7.040063523971692473e-05
6.085520028474735696e-05
8.485044615844339029e-05
6.415283759773415058e-05
4.267163777665718881e-05
5.035130518441051150e-05
5.656481921213674829e-05
6.154645046703247373e-05
5.453074850520208896e-05
1.044988559276537331e-04
4.608079569901331020e-05
7.294036882917007570e-05
6.007548172422751430e-05
4.433317511755556511e-05
5.138561061556651580e-05
8.496218033089998341e-05
3.598285550453149645e-05
7.727214994276412549e-05
6.582733748170080694e-05
7.001692975727830353e-05
3.934643450574736007e-05
6.294757615306963584e-05
5.918758220189387377e-05
4.874174674042889102e-05
7.039395779328615850e-05
6.352092651950684294e-05
3.694901760280667850e-05
4.727505613961967675e-05
6.998804282869712642e-05
5.129465867942214943e-05
4.137858232599974013e-05
4.522434059537708295e-05
3.660088336022426499e-05
6.116781829223551811e-05
3.986128890011299654e-05
4.429160791523760590e-05
4.282141007847917841e-05
3.748320870214583633e-05
3.795436186814266544e-05
5.411490488404051822e-05
2.742951079661811500e-05
4.571010595422902062e-05
5.159568663990805491e-05
3.977710976353649185e-05
5.503321882562262703e-05
4.902233333336145478e-05
4.490642474693537744e-05
5.349814065716607169e-05
5.263328985300944193e-05
4.696014722032351506e-05
6.746614653123736037e-05
4.988911025876621789e-05
4.549609601488784619e-05
6.298014502697585814e-05
4.006498235527523123e-05
6.264346230138005559e-05
6.000598262225491131e-05
4.759381475530527933e-05
7.252616162049091951e-05
5.072819360490399932e-05
5.874491743975428541e-05
6.651225619458003911e-05
6.749460874822042593e-05
4.850423956257983118e-05
5.196633245281484693e-05
7.795061434804948061e-05
7.776539105409244006e-05
6.158231455099098827e-05
5.533959380347343299e-05
1.066951117995702331e-04
6.700809090880297978e-05
5.130210767782492651e-05
6.120246795086628998e-05
5.349445333314990878e-05
4.422972480401303838e-05
4.726168113776806220e-05
6.151363120563888270e-05
6.378384672225346423e-05
5.630419049883081612e-05
7.592661621760109334e-05
4.819648678383125877e-05
6.322530262731150780e-05
5.054236485425690566e-05
8.785166900145573762e-05
7.060798034792966325e-05
8.952748788526017170e-05
6.024972377503263587e-05
6.282273874391319931e-05
7.429628542586764171e-05
3.092998377450250242e-05
3.356107751738055504e-05
3.270225154527673430e-05
3.370344844084860193e-05
3.146612239977274455e-05
4.324868912447744256e-05
4.417284802411187327e-05
3.992381339089904517e-05
1.800858420155661459e-05
3.528053020600007718e-05
2.779087780608814937e-05
4.108496551695970647e-05
2.768362535335805471e-05
3.398879512061895051e-05
4.873688395991384096e-05
3.360227065155719063e-05
3.304629341242471598e-05
2.657357493973194301e-05
3.314515756884002387e-05
3.444054198516870879e-05
5.476889770811270176e-05
4.542804760908912190e-05
3.433198854103404474e-05
3.496991850501431239e-05
5.387406261374394858e-05
6.611981059815906579e-05
5.627124397072858565e-05
3.716392401806611234e-05
4.579257865611791354e-05
5.187056245220809562e-05
4.664561582392008843e-05
6.243681419496598811e-05
5.390315127259286322e-05
3.328764036192100918e-05
8.866693786397160479e-05
5.107544862541238759e-05
3.815869036653356239e-05
7.005291681460429614e-05
4.550102307594285290e-05
4.171865580754468574e-05
5.241833814069534028e-05
3.751764442643142072e-05
5.980938248928947078e-05
6.259448644416437234e-05
4.221727222492471673e-05
5.330803482975163694e-05
4.004693844236849461e-05
6.612893948663769723e-05
4.280690912992347305e-05
4.622348791773048439e-05
6.274552349491611350e-05
5.763213341451589843e-05
3.470778159778217396e-05
4.291057389221265627e-05
5.482165373439096403e-05
5.390971467203369894e-05
4.957111087797110125e-05
5.352598181151002886e-05
3.139979157910239833e-05
3.922895824420850110e-05
3.727355271814966462e-05
3.644389691292936707e-05
3.151325347754264065e-05
2.869027395997209701e-05
2.856175030170775351e-05
2.689428915808463638e-05
3.304994834306397116e-05
2.437235697863541299e-05
2.811471960593656116e-05
3.897940840155781202e-05
3.280288059523675314e-05
2.524196440015871485e-05
2.758786959768702281e-05
2.352853526078828075e-05
3.055089048996494642e-05
2.645627296485544318e-05
3.994712548265797841e-05
3.048117579864501490e-05
