8.999805209129649874e-01
8.889064651979577958e-01
8.736743475909232171e-01
8.615567689854041200e-01
8.418589960689331075e-01
7.971856794470433272e-01
8.605401528593361604e-01
8.647335519800167791e-01
9.074226229795726573e-01
8.467132233924289375e-01
8.107327539469859623e-01
7.221576466310138942e-01
8.329787720049021127e-01
8.223557835731010179e-01
8.646927964041046799e-01
8.650241847511991322e-01
7.682789972332707551e-01
6.738030910321637368e-01
7.632300737990644901e-01
7.903721463839945560e-01
8.290327256977566561e-01
8.705442536673611009e-01
8.333942918411971768e-01
8.324031915535993198e-01
8.527751320305443361e-01
8.750023725836095778e-01
8.234780899149769517e-01
8.572326481524181752e-01
8.824274194318795228e-01
8.356600448845168394e-01
8.852060577132359054e-01
8.933959751075776223e-01
8.531447800384369673e-01
8.515382518968984682e-01
8.211107723333643804e-01
7.849246912904597195e-01
8.611176417566657193e-01
8.422289667323747953e-01
7.755832787239979043e-01
8.984326163893240347e-01
8.263287316379036573e-01
7.765769197408460833e-01
8.776625459478158975e-01
8.543058471190297931e-01
8.006570426025720888e-01
8.563856493145453053e-01
8.539271793492414497e-01
7.503553633485232632e-01
8.731535618474294269e-01
8.375537879689696208e-01
8.996497004550864096e-01
8.248649015371130044e-01
7.540253764703858108e-01
8.505932360814569826e-01
9.213495266599449618e-01
8.871498501403000114e-01
8.550765025718712886e-01
8.225726944126967588e-01
7.492468904555315001e-01
8.720395892776887647e-01
6.858890425860993956e-01
8.541063707837346364e-01
8.878430432047120791e-01
8.055570387621375783e-01
7.348113198578627436e-01
8.335618104944630957e-01
6.936995992570557101e-01
8.934798045607031947e-01
8.388501749771140048e-01
8.371935751119954361e-01
7.148164722504239954e-01
7.829206196241862425e-01
7.577843906480586922e-01
8.262062423601584937e-01
8.339518238089872471e-01
8.921405944140705646e-01
8.859193969988332640e-01
8.389646893007891570e-01
8.573842461240996915e-01
8.622544440359507512e-01
7.790541008798692602e-01
