3.272418366045577449e-05
3.893999562026352092e-05
3.004564182186799610e-05
6.249906077840628696e-05
3.228406281745975498e-05
4.314456595886684059e-05
4.617375456819044214e-05
4.391545181375550546e-05
3.005026742891895038e-05
4.308955827325671161e-05
6.462492689205949384e-05
4.971485509631837045e-05
3.551639809193000248e-05
4.192890967518912785e-05
3.202448807732167222e-05
4.485830543080381397e-05
3.944512599155037603e-05
4.458225959799737612e-05
4.678128725622458317e-05
3.549087059090738275e-05
4.529080160817040780e-05
4.607242294485390554e-05
3.727601858114114254e-05
4.300755285949469254e-05
4.215801358547840321e-05
3.972816898997780325e-05
4.474207615532995298e-05
6.725561443707835736e-05
3.843540715442520628e-05
6.295383242210327143e-05
3.282472357027164082e-05
2.742111430349834827e-05
3.461982950338050933e-05
2.817771061862874471e-05
3.928260225641750796e-05
4.657955249719481367e-05
3.159782758523303878e-05
4.504824547040413475e-05
3.438662262243222110e-05
3.580419062630385682e-05
4.804318002875018848e-05
4.537504555301431449e-05
2.496074958257066411e-05
4.576195768344525967e-05
3.111133795799200276e-05
3.953625705162014473e-05
4.668072294357142880e-05
7.440554825728956016e-05
3.189355557359191379e-05
3.538675491080298032e-05
3.474184957328846059e-05
5.786974170473210811e-05
6.935415872779021639e-05
3.204075418441150106e-05
3.372716197911720292e-05
4.943622840952829645e-05
4.896509926716637571e-05
4.441921299254490940e-05
4.126082605058704466e-05
7.012810263889841474e-05
3.818281770089515542e-05
3.452435169551599549e-05
3.698705251520265276e-05
3.105257081531814252e-05
2.963290952066764946e-05
4.153875554321427018e-05
4.062987911253318355e-05
3.931561460452121935e-05
3.599017457063087908e-05
3.103240841116672625e-05
3.955788240650106598e-05
2.356241490199165501e-05
2.677718417387665466e-05
4.187714310443953192e-05
2.488838240962661512e-05
