8.360723993477455060e-05
7.599368767596223788e-05
5.702098993302005760e-05
6.857894650815376158e-05
6.359954037541855061e-05
5.688459063824261237e-05
9.245797257078635658e-05
8.478387347757852018e-05
1.017435235214456276e-04
7.550646650527709442e-05
5.710380281534482041e-05
4.117499062156026849e-05
6.279798100345531048e-05
5.818819792825297632e-05
5.973352578721856539e-05
6.314460984922988962e-05
4.758849622885651424e-05
4.008847301873450560e-05
3.902164259634192603e-05
3.817172611988979916e-05
6.704516594747094013e-05
7.361210456427161504e-05
8.316068263631144720e-05
6.505604269609444425e-05
6.004781271292946871e-05
8.091435889531043454e-05
7.815881368490334329e-05
8.904530963496088542e-05
9.095625893426134917e-05
5.388357126350899637e-05
7.370752008446055542e-05
8.392131928325273472e-05
6.131891378169272635e-05
6.216424894915272492e-05
4.769652263623460204e-05
5.083707232145159025e-05
8.088897928670792017e-05
6.550194149961180207e-05
5.788777922994531576e-05
6.731148154367939550e-05
5.660928818827409327e-05
5.115340410773568737e-05
9.377736482735741803e-05
7.508903208874774125e-05
7.010723756434841315e-05
1.103506398018073715e-04
7.442542927548337144e-05
5.308974233388724439e-05
8.847263215752684882e-05
8.317615600390940731e-05
1.054799961858503472e-04
7.414468960740023683e-05
6.243689707893654902e-05
7.361150313643369041e-05
1.199524879253320884e-04
9.530672343711046781e-05
8.577054083295051383e-05
7.297736795360244496e-05
4.217645540035515935e-05
6.194616322961510628e-05
4.164735173127635711e-05
4.917511627777063142e-05
5.758811941534071213e-05
5.045787794871269374e-05
4.503487109367390769e-05
4.144681385627941629e-05
4.582093521887459030e-05
7.875151569631828191e-05
8.360303116178588532e-05
6.674051807394430086e-05
5.821870135802009977e-05
5.757000000822795545e-05
9.179005004836435189e-05
5.043026220701607882e-05
6.467840526704540642e-05
5.575158815540616871e-05
6.604998894025958895e-05
4.826516740925598586e-05
5.512267228378187186e-05
7.053239202252262023e-05
3.994401990352052526e-05
