0.000000000000000000e+00
3.635950958356350821e-02
6.579888954529067302e-02
8.930594598869116829e-02
1.077431487782215674e-01
1.218625406894378038e-01
1.323189440072795875e-01
1.396816535949234606e-01
1.444447848980844051e-01
1.470364269929350653e-01
1.478267343972446968e-01
1.471350767355595057e-01
1.452363522937379359e-01
1.423665598489624318e-01
1.387277127690429712e-01
1.344921701056875918e-01
1.298064511407823196e-01
1.247945924755511776e-01
1.195611001839820969e-01
1.141935436984582164e-01
1.087648328805152220e-01
1.033352150845539275e-01
9.795402488593156487e-02
9.266121546238081930e-02
8.748869734023066724e-02
8.246150730069151669e-02
7.759882764744359396e-02
7.291487373001991068e-02
6.841966556681847167e-02
6.411969758916256923e-02
6.001851890878387441e-02
5.611723507322529531e-02
5.241494099713463195e-02
4.890909362455302806e-02
4.559583187231713158e-02
4.247025051350648839e-02
3.952663386992393002e-02
3.675865448269563518e-02
3.415954131023606066e-02
3.172222145414266281e-02
2.943943892813474100e-02
2.730385355586476340e-02
2.530812270401626082e-02
2.344496822195454855e-02
2.170723066332773399e-02
2.008791260398276601e-02
1.858021264041576082e-02
1.717755145020231564e-02
1.587359111732518022e-02
1.466224876825821324e-02
1.353770542660376851e-02
1.249441087282633644e-02
1.152708518922603009e-02
1.063071757702482335e-02
9.800562950760195041e-03
9.032136743732608122e-03
8.321208295829397514e-03
7.663793140575853383e-03
7.056144460797550595e-03
6.494743940976051289e-03
5.976292208499115778e-03
5.497699024889539203e-03
5.056073361161174222e-03
4.648713468183042312e-03
4.273097032878462112e-03
3.926871493844475910e-03
3.607844575194618739e-03
3.313975084792539563e-03
3.043364012280959027e-03
2.794245953177859881e-03
2.564980877596549375e-03
2.354046255661728596e-03
2.160029546275109291e-03
1.981621051387578904e-03
1.817607134233970240e-03
1.666863796970276430e-03
1.528350610725109308e-03
1.401104989152482383e-03
1.284236795077903269e-03
1.176923268700002644e-03
1.078404264989319154e-03
9.879777873660513902e-04
9.049958043971422297e-04
8.288603360936488453e-04
7.590197963803034910e-04
6.949655784234448543e-04
6.362288697175317925e-04
5.823776841243936617e-04
5.330140984159686826e-04
4.877716812759640445e-04
4.463131031563170870e-04
4.083279158499743050e-04
3.735304911236475111e-04
3.416581082454386007e-04
3.124691807364536416e-04
2.857416131677821742e-04
2.612712793103147174e-04
2.388706134216191047e-04
2.183673069187856794e-04
1.996031031368381470e-04
