0.000000000000000000e+00
2.982521953482499683e-02
5.397394927249343083e-02
7.325647335139022498e-02
8.838026426892267584e-02
9.996221265803470479e-02
1.085394604831891735e-01
1.145789927083957632e-01
1.184861256267724094e-01
1.206120149833647404e-01
1.212602935796246867e-01
1.206929360481570623e-01
1.191354377770839496e-01
1.167813854077003888e-01
1.137964878044248063e-01
1.103221287926960531e-01
1.064784961802812541e-01
1.023673355326248230e-01
9.807437178482929230e-02
9.367143697135500713e-02
8.921833807671473993e-02
8.476449520013358552e-02
8.035037683410609088e-02
7.600875603609751063e-02
7.176580858416796438e-02
6.764207181516818101e-02
6.365328071631332074e-02
5.981109594874658292e-02
5.612373679957841088e-02
5.259653056398387594e-02
4.923238853085994127e-02
4.603221756607337595e-02
4.299527524021200947e-02
4.011947551847693666e-02
3.740165120597724324e-02
3.483777861065969622e-02
3.242316923812563201e-02
3.015263275846767274e-02
2.802061497681131164e-02
2.602131408917130601e-02
2.414877810702410754e-02
2.239698598186006667e-02
2.075991464975077486e-02
1.923159394104946920e-02
1.780615105764531830e-02
1.647784610607074679e-02
1.524109998597562680e-02
1.409051576714978951e-02
1.302089454183093069e-02
1.202724661020192383e-02
1.110479874373148865e-02
1.024899817154870107e-02
9.455513847764095495e-03
8.720235481141315817e-03
8.039270741523765404e-03
7.408940998812629970e-03
6.825775899087224013e-03
6.286507037776133122e-03
5.788060950851265166e-03
5.327551611137556174e-03
4.902272587398329683e-03
4.509688998331464783e-03
4.147429371516653598e-03
3.813277498267848755e-03
3.505164358895039838e-03
3.221160178736355833e-03
2.959466663195869322e-03
2.718409449657673265e-03
2.496430805318067443e-03
2.292082592486335141e-03
2.104019516575874466e-03
1.930992666688292328e-03
1.771843354248277573e-03
1.625497251458604209e-03
1.490958828308796029e-03
1.367306084396808542e-03
1.253685569831404761e-03
1.149307687904073567e-03
1.053442270992935043e-03
9.654144202343540931e-04
8.846005988248467318e-04
8.104249683566599593e-04
7.423559573103272451e-04
6.799030506967323334e-04
6.226137898337965075e-04
5.700709713366389382e-04
5.218900345756313178e-04
4.777166270978800713e-04
4.372243378001862608e-04
4.001125879734847269e-04
3.661046707000588764e-04
3.349459294667815482e-04
3.064020672531282490e-04
2.802575777556597851e-04
2.563142908160825862e-04
2.343900245237821585e-04
2.143173368624680700e-04
1.959423701616346632e-04
1.791237819947235591e-04
1.637317565355636279e-04
