0.000000000000000000e+00
2.942716420970087083e-03
5.325359856725187316e-03
7.227877294307349931e-03
8.720071771815733966e-03
9.862809033872502185e-03
1.070908639294911903e-02
1.130497909487345951e-02
1.169047782303519849e-02
1.190022949012704313e-02
1.196419213986881988e-02
1.190821359719752663e-02
1.175454244877336372e-02
1.152227899283735785e-02
1.122777295636654023e-02
1.088497402728500797e-02
1.050574058051951566e-02
1.010011138027243523e-02
9.676544509271991362e-03
9.242127302017471083e-03
8.802760636965408989e-03
8.363320566657376012e-03
7.927799930014692992e-03
7.499432292988343976e-03
7.080800298493637734e-03
6.673930270538787346e-03
6.280374707512203364e-03
5.901284112899213112e-03
5.537469445731328307e-03
5.189456325575998730e-03
4.857531995839205370e-03
4.541785932780281407e-03
4.242144884324079886e-03
3.958403031068324224e-03
3.690247880546596373e-03
3.437282433680174509e-03
3.199044098418715298e-03
2.975020768924041287e-03
2.764664438485140568e-03
2.567402669945644412e-03
2.382648208135636995e-03
2.209806984055890950e-03
2.048284729855133837e-03
1.897492396516140857e-03
1.756850542220634616e-03
1.625792838236585864e-03
1.503768820544931642e-03
1.390245999011484020e-03
1.284711421460807239e-03
1.186672777297486086e-03
1.095659114146345717e-03
1.011221231169580738e-03
9.329318041074637904e-04
8.603852895405387580e-04
7.931976492606616609e-04
7.310059298556767894e-04
6.734677275603059149e-04
6.202605640172161516e-04
5.710811947505651512e-04
5.256448688115958248e-04
4.836845551518662760e-04
4.449501487612775481e-04
4.092076674280652627e-04
3.762384480947752454e-04
3.458383501612017426e-04
3.178169716898291385e-04
2.919968832729376881e-04
2.682128832978875098e-04
2.463112774760053687e-04
2.261491847613588335e-04
2.075938711612806216e-04
1.905221124156864496e-04
1.748195860836844538e-04
1.603802932120494272e-04
1.471060094606059206e-04
1.349057653154474594e-04
1.236953548244104412e-04
1.133968721334451571e-04
1.039382749815229373e-04
9.525297422028245094e-05
8.727944835820378362e-05
7.996088208379050443e-05
7.324482769460651660e-05
6.708288834611160262e-05
6.143042203350815658e-05
5.624626522905955706e-05
5.149247511466366355e-05
4.713408937325442942e-05
4.313890253146563899e-05
3.947725787874307372e-05
3.612185402373873332e-05
3.304756518650618169e-05
3.023127436403803887e-05
2.765171854644389273e-05
2.528934520106674474e-05
2.312617928167623753e-05
2.114570005921879723e-05
1.933272710918956976e-05
1.767331482830045513e-05
1.615465488959414770e-05
