0.000000000000000000e+00
6.858906821986539282e-03
1.241239107871105855e-02
1.684679384297024102e-02
2.032481259074305976e-02
2.298831368334088715e-02
2.496082367788186873e-02
2.634973512353638164e-02
2.724825862298525109e-02
2.773714947569780667e-02
2.788623412807541418e-02
2.775575889591341480e-02
2.739758096182572100e-02
2.685621945275700959e-02
2.616978244228897188e-02
2.537078397390379880e-02
2.448686364212822666e-02
2.354141987835078539e-02
2.255416684901718691e-02
2.154162376970677334e-02
2.051754445482477374e-02
1.949329404638874830e-02
1.847817908509061940e-02
1.747973639214853159e-02
1.650398561219569571e-02
1.555564971733519077e-02
1.463834728314959352e-02
1.375475991230642493e-02
1.290677779456163993e-02
1.209562604818054631e-02
1.132197418237674245e-02
1.058603074912661639e-02
9.887625011911231263e-03
9.226277245231952542e-03
8.601259089164441443e-03
8.011645215100764855e-03
7.456357409813409165e-03
6.934202052944661229e-03
6.443901846097073623e-03
5.984122548196986642e-03
5.553495380227004702e-03
5.150635681442210581e-03
4.774158327611765541e-03
4.422690358604704046e-03
4.094881206825722215e-03
3.789410868765165710e-03
3.504996318512448427e-03
3.240396423830704462e-03
2.994415591712609303e-03
2.765906340709605761e-03
2.553770971282621517e-03
2.356962482548762006e-03
2.174484863727186093e-03
2.005392870992665950e-03
1.848791385037417334e-03
1.703834431163722988e-03
1.569723931954131353e-03
1.445708252290392112e-03
1.331080587538098796e-03
1.225177237922757704e-03
1.127375805354362747e-03
1.037093343087602381e-03
9.537844835236627874e-04
8.769395650703491014e-04
8.060827751942423050e-04
7.407703235461132654e-04
6.805886562522830757e-04
6.251527200810288966e-04
5.741042831627864900e-04
5.271103172201130381e-04
4.838614448079623081e-04
4.440704538415737737e-04
4.074708806671096585e-04
3.738156620819390761e-04
3.428758560133180898e-04
3.144394299952300853e-04
2.883101161251237408e-04
2.643063308192034793e-04
2.422601574028893621e-04
2.220163893599465569e-04
2.034316319089826978e-04
1.863734594704077516e-04
1.707196265225421558e-04
1.563573293154852891e-04
1.431825159096512074e-04
1.310992420274336844e-04
1.200190702468400736e-04
1.098605101213809092e-04
1.005484968777729761e-04
9.201390641935224262e-05
8.419310444618000185e-05
7.702752759066355988e-05
7.046329455846504146e-05
6.445084535713869545e-05
5.894460678816881388e-05
5.390268247094043774e-05
4.928656575887278331e-05
4.506087399787964246e-05
4.119310266498086318e-05
3.765339800990691994e-05
