0.000000000000000000e+00
1.311654663275294008e-02
2.373668437745685839e-02
3.221676030724884843e-02
3.886790695185924488e-02
4.396142071347779873e-02
4.773352609389096973e-02
5.038959392197313314e-02
5.210787435455845745e-02
5.304279880161098804e-02
5.332789901450063486e-02
5.307838629891946380e-02
5.239342910425040523e-02
5.135816303880170325e-02
5.004546361133757615e-02
4.851750865553064451e-02
4.682715441216817737e-02
4.501914658554478227e-02
4.313118532092007074e-02
4.119486093831244838e-02
3.923647537660320678e-02
3.727776262622700676e-02
3.533651993653323664e-02
3.342716025546479952e-02
3.156119517686505754e-02
2.974765661871205114e-02
2.799346451979556338e-02
2.630374701020279232e-02
2.468211877121198258e-02
2.313092264276463833e-02
2.165143895262276741e-02
2.024406652260952663e-02
1.890847884682964053e-02
1.764375852808891185e-02
1.644851269618791134e-02
1.532097181027244383e-02
1.425907396245460097e-02
1.326053654743151143e-02
1.232291693922371416e-02
1.144366361822084753e-02
1.062015901659794752e-02
9.849755195302543204e-03
9.129803328940514287e-03
8.457677853985471131e-03
7.830796029002919101e-03
7.246633561414004415e-03
6.702736872299520747e-03
6.196732497595183742e-03
5.726334059625749241e-03
5.289347186267371985e-03
4.883672705222385189e-03
4.507308397148632358e-03
4.158349553002432461e-03
3.834988547307199673e-03
3.535513609594676063e-03
3.258306950491025172e-03
3.001842376400936253e-03
2.764682507092366005e-03
2.545475693361142107e-03
2.342952717055124621e-03
2.155923342793724523e-03
1.983272779493209462e-03
1.823958100091369310e-03
1.677004659471358549e-03
1.541502543350184874e-03
1.416603074677422018e-03
1.301515398757118521e-03
1.195503163747637298e-03
1.097881309311460113e-03
1.008012972892428048e-03
9.253065203146603693e-04
8.492127050581172636e-04
7.792219586110511872e-04
7.148618126774709033e-04
6.556944526826516319e-04
6.013144009316274529e-04
5.513463268997040052e-04
5.054429814396903036e-04
4.632832511511994901e-04
4.245703287498148420e-04
3.890299949778846882e-04
3.564090073967607439e-04
3.264735912771208823e-04
2.990080277465089961e-04
2.738133343499611042e-04
2.507060332208100087e-04
2.295170021359736268e-04
2.100904038360687412e-04
1.922826891193348106e-04
1.759616693643381320e-04
1.610056542953173966e-04
1.473026509720071816e-04
1.347496201597075840e-04
1.232517864125778288e-04
1.127219983814235614e-04
1.030801360348254354e-04
9.425256165781572030e-05
8.617161166429279564e-05
7.877512642699978666e-05
7.200601549147565741e-05
