0.000000000000000000e+00
8.495554525561549788e-03
1.537419124338565077e-02
2.086671526358420056e-02
2.517464634932409587e-02
2.847370250336351064e-02
3.091688574608097637e-02
3.263721425089611411e-02
3.375014019961972839e-02
3.435568843114750887e-02
3.454034712765266524e-02
3.437873836435611369e-02
3.393509329847756856e-02
3.326455405108749014e-02
3.241432190737313090e-02
3.142466929505779993e-02
3.032983106941225873e-02
2.915878891145842755e-02
2.793596111121136177e-02
2.668180864012265410e-02
2.541336719837699112e-02
2.414471383734814042e-02
2.288737579103192199e-02
2.165068828984768531e-02
2.044210736440400106e-02
1.926748296543874181e-02
1.813129712003940311e-02
1.703687130526771593e-02
1.598654674116823174e-02
1.498184087932519747e-02
1.402358298483538483e-02
1.311203137359851119e-02
1.224697456856090397e-02
1.142781837384897713e-02
1.065366063091005393e-02
9.923355212548244653e-03
9.235566626169429416e-03
8.588816434014509213e-03
7.981522553331437536e-03
7.412032371235149214e-03
6.878650495576783645e-03
6.379661862839204611e-03
5.913350835424003790e-03
5.478016842386457079e-03
5.071987048543911969e-03
4.693626475891672645e-03
4.341345947485950735e-03
4.013608176574589258e-03
3.708932282042313403e-03
3.425896974539916536e-03
3.163142625408065477e-03
2.919372402174793407e-03
2.693352629545146034e-03
2.483912513008337212e-03
2.289943343103292752e-03
2.110397281689295555e-03
1.944285816982828201e-03
1.790677961394155108e-03
1.648698255106375351e-03
1.517524628689307774e-03
1.396386169656825592e-03
1.284560830605628243e-03
1.181373110279838315e-03
1.086191733469214641e-03
9.984273509630859321e-04
9.175302767535142628e-04
8.429882762272762143e-04
7.743244161338923813e-04
7.110949846021180501e-04
6.528874873434319928e-04
5.993187243783645261e-04
5.500329501063685751e-04
5.047001182738632130e-04
4.630142123444401904e-04
4.246916609104872437e-04
3.894698370807250288e-04
3.571056402108356022e-04
3.273741578946411145e-04
3.000674057839547220e-04
2.749931425412548017e-04
2.519737570375935910e-04
2.308452247773504088e-04
2.114561304516591621e-04
1.936667534850928672e-04
1.773482134380733103e-04
1.623816721541751083e-04
1.486575895915025290e-04
1.360750303459990298e-04
1.245410179578689827e-04
1.139699341868474460e-04
1.042829605449660513e-04
9.540755948426022065e-05
8.727699274951881742e-05
7.982987452095494433e-05
7.300975708715589816e-05
6.676474690368726817e-05
6.104714900630565314e-05
5.581313785912755845e-05
5.102245282667969777e-05
4.663811656406006338e-05
