0.000000000000000000e+00
3.053895018437223843e-02
5.526556966871233600e-02
7.500953304798618770e-02
9.049524294829705551e-02
1.023543524673424659e-01
1.111368576135512570e-01
1.173209185069550853e-01
1.213215508382176622e-01
1.234983136641427115e-01
1.241621058529532723e-01
1.235811712056831269e-01
1.219864013144838361e-01
1.195760154343039339e-01
1.165196879157269633e-01
1.129621859614523549e-01
1.090265735264623614e-01
1.048170309924288945e-01
1.004213347299365566e-01
9.591303574569177981e-02
9.135337223170783560e-02
8.679294693196726307e-02
8.227319676782728075e-02
7.782767907046370115e-02
7.348319601584313299e-02
6.926077640833940008e-02
6.517653178034722716e-02
6.124240183777066721e-02
5.746680255888352712e-02
5.385518872338252577e-02
5.041054128859115413e-02
4.713378882207607673e-02
4.402417112776205871e-02
4.107955225111799974e-02
3.829668920488322331e-02
3.567146200828016228e-02
3.319906996917261488e-02
3.087419855077079556e-02
2.869116064386871209e-02
2.664401560475450001e-02
2.472666901119577668e-02
2.293295572833815160e-02
2.125670855767862813e-02
1.969181446077931941e-02
1.823226010088203897e-02
1.687216822633856583e-02
1.560582622646828309e-02
1.442770802014228630e-02
1.333249028744399461e-02
1.231506392284034516e-02
1.137054147233740493e-02
1.049426121525058077e-02
9.681788461853274574e-03
8.928914559828150452e-03
8.231654033842340096e-03
7.586240222557329507e-03
6.989119724953483763e-03
6.436945922097377093e-03
5.926571800612033536e-03
5.455042269420014300e-03
5.019586131192231918e-03
4.617607843799706457e-03
4.246679184441835668e-03
3.904530909581877506e-03
3.589044486976674699e-03
3.298243961606110025e-03
3.030288004891940924e-03
2.783462185982851517e-03
2.556171494842546157e-03
2.346933139207073651e-03
2.154369630997407265e-03
1.977202172326872776e-03
1.814244346691836060e-03
1.664396117157351373e-03
1.526638130240991252e-03
1.400026321664700046e-03
1.283686818105167840e-03
1.176811127456617355e-03
1.078651608864141312e-03
9.885172128368221230e-04
9.057694810606314959e-04
8.298187950609063959e-04
7.601208625774185431e-04
6.961734303811572709e-04
6.375132122543513899e-04
5.837130209512290599e-04
5.343790931367917640e-04
4.891485965477602050e-04
4.476873089193633411e-04
4.096874585615418161e-04
3.748657168380739764e-04
3.429613331932283501e-04
3.137344037755080122e-04
2.869642651206437672e-04
2.624480047711063397e-04
2.399990811228599119e-04
2.194460451983606649e-04
2.006313574452318850e-04
1.834102930503479659e-04
1.676499296375985842e-04
