0.000000000000000000e+00
2.494511633732109795e-02
4.514254931853651370e-02
6.127000165341832394e-02
7.391918679885067789e-02
8.360605765798728717e-02
9.077986721210254406e-02
9.583119076748713994e-02
9.909902539584519721e-02
1.008770695526886307e-01
1.014192746145429896e-01
1.009447500394333175e-01
9.964209489814490617e-02
9.767322053160913675e-02
9.517672195993022444e-02
9.227084930930323781e-02
8.905612485228270314e-02
8.561764620110426383e-02
8.202711168733073377e-02
7.834459994522893767e-02
7.462013213842225157e-02
7.089504208251370954e-02
6.720317667851584409e-02
6.357194654549372381e-02
6.002324449225521219e-02
5.657424746720140368e-02
5.323811584577194111e-02
5.002460233233325948e-02
4.694058134646644093e-02
4.399050851330946199e-02
4.117681876683293440e-02
3.850027058844628092e-02
3.596024302754634999e-02
3.355499137339661153e-02
3.128186665823590173e-02
2.913750356010051321e-02
2.711798073188735267e-02
2.521895710300623913e-02
2.343578727471523973e-02
2.176361875380105129e-02
2.019747343621367680e-02
1.873231545774529244e-02
1.736310726853894371e-02
1.608485555827823821e-02
1.489264845592298651e-02
1.378168524876945480e-02
1.274729970771817066e-02
1.178497796651578437e-02
1.089037178025478551e-02
1.005930788066194959e-02
9.287794050986673475e-03
8.572022460111414568e-03
7.908370722509419984e-03
7.293401086684799667e-03
6.723858098693075505e-03
6.196665038322020543e-03
5.708919382685522827e-03
5.257887514611838536e-03
4.840998860642162574e-03
4.455839615119486230e-03
4.100146182230909007e-03
3.771798446518140856e-03
3.468812963891314792e-03
3.189336149218000450e-03
2.931637522800930977e-03
2.694103066228977373e-03
2.475228727944302383e-03
2.273614110199761399e-03
2.087956361696459862e-03
1.917044293925787048e-03
1.759752733947051199e-03
1.615037121883032252e-03
1.481928357698234942e-03
1.359527898739689572e-03
1.247003106981056392e-03
1.143582842841445050e-03
1.048553300784566553e-03
9.612540805833455883e-04
8.810744871093768426e-04
8.074500507315266482e-04
7.398592598449817322e-04
6.778204966679811415e-04
6.208891672092144761e-04
5.686550161994987154e-04
5.207396177751411450e-04
4.767940327787947093e-04
4.364966236904529377e-04
3.995510184028954154e-04
3.656842143005476485e-04
3.346448143783549976e-04
3.062013874394499120e-04
2.801409447298486700e-04
2.562675256991973536e-04
2.344008859136053387e-04
2.143752804856814134e-04
1.960383367246050631e-04
1.792500100425654865e-04
1.638816174809789444e-04
1.498149435387061091e-04
1.369414132936920916e-04
