0.000000000000000000e+00
2.756124035628092564e-02
4.987688312369144977e-02
6.769570521798345952e-02
8.167147616208478289e-02
9.237425952210774616e-02
1.003004237747611715e-01
1.058815058889786970e-01
1.094920553215345538e-01
1.114565722116612617e-01
1.120556411368200528e-01
1.115313507028647400e-01
1.100920793455017060e-01
1.079167188896265756e-01
1.051583995355407919e-01
1.019477729148563494e-01
9.839590359338126757e-02
9.459681381229720354e-02
9.062972127989725457e-02
8.656100538912205045e-02
8.244593328304208879e-02
7.833017366936241566e-02
7.425112314954630810e-02
7.023906703676487118e-02
6.631819415248800531e-02
6.250748288098409433e-02
5.882147379467485976e-02
5.527094241472974012e-02
5.186348411684560400e-02
4.860402181072969591e-02
4.549524579453530920e-02
4.253799409555995836e-02
3.973158064088296720e-02
3.707407774288355023e-02
3.456255862278170832e-02
3.219330501980589843e-02
2.996198433479855747e-02
2.786380022653113173e-02
2.589362010914811330e-02
2.404608258324887962e-02
2.231568746513474741e-02
2.069687075334119067e-02
1.918406658397178027e-02
1.777175797230122478e-02
1.645451791384066470e-02
1.522704222019026325e-02
1.408417529054908565e-02
1.302092986604600280e-02
1.203250167872718830e-02
1.111427978798229695e-02
1.026185329253791537e-02
9.471015014233488682e-03
8.737762669142347047e-03
8.058297970899247140e-03
7.429024049182188054e-03
6.846541512137007540e-03
6.307643434214754360e-03
5.809309509601109055e-03
5.348699575436391407e-03
4.923146677717001214e-03
4.530149825570608212e-03
4.167366556010115158e-03
3.832605410853695462e-03
3.523818409860850730e-03
3.239093588933154595e-03
2.976647659158779442e-03
2.734818831274720037e-03
2.512059840542598711e-03
2.306931198875379185e-03
2.118094694129602374e-03
1.944307150629459146e-03
1.784414460073618534e-03
1.637345887868326506e-03
1.502108656521829785e-03
1.377782804929782038e-03
1.263516320094939171e-03
1.158520535983947669e-03
1.062065792765053531e-03
9.734773485372458755e-04
8.921315348049712506e-04
8.174521463305197289e-04
7.489070555718319033e-04
6.860050416546584033e-04
6.282928237071649978e-04
5.753522883782162750e-04
5.267979014471931140e-04
4.822742935954431342e-04
4.414540106322726015e-04
4.040354187387008487e-04
3.697407555989517007e-04
3.383143186235261501e-04
3.095207818206609771e-04
2.831436332384525828e-04
2.589837252722892308e-04
2.368579305068707055e-04
2.165978961352327920e-04
1.980488903656671114e-04
1.810687345888087492e-04
1.655268154294110199e-04
1.513031711489535550e-04
