0.000000000000000000e+00
3.182492921687796877e-02
5.759277356355406441e-02
7.816814479316390452e-02
9.430594974307661416e-02
1.066644400886929966e-01
1.158167718793251394e-01
1.222612403046396540e-01
1.264303371464275683e-01
1.286987623031130845e-01
1.293905064297472540e-01
1.287851089318835240e-01
1.271231841244420957e-01
1.246112981703092620e-01
1.214262703171880009e-01
1.177189638380795045e-01
1.136176248459907639e-01
1.092308207033386158e-01
1.046500239972258661e-01
9.995188292833166732e-02
9.520021439653067463e-02
9.044775200057791897e-02
8.573767754866257196e-02
8.110496145341927754e-02
7.657753451626218844e-02
7.217731105338986985e-02
6.792108104530071577e-02
6.382128697259646655e-02
5.988669920594273666e-02
5.612300222292285201e-02
5.253330250739580293e-02
4.911856772841714097e-02
4.587800567845717187e-02
4.280939045906970858e-02
3.990934252251659986e-02
3.717356839780980304e-02
3.459706523820757496e-02
3.217429471458809614e-02
2.989933023658607192e-02
2.776598100312642828e-02
2.576789595908145908e-02
2.389865035903035798e-02
2.215181730700454057e-02
2.052102634775223797e-02
1.900001092608634770e-02
1.758264630240170129e-02
1.626297931100476393e-02
1.503525117041443378e-02
1.389391439852928796e-02
1.283364474808576169e-02
1.184934895698844422e-02
1.093616900196147865e-02
1.008948345084050534e-02
9.304906427186119752e-03
8.578284629408112691e-03
7.905692784052145011e-03
7.283427858261934916e-03
6.708002308751639942e-03
6.176136603076230053e-03
5.684751212836688418e-03
5.230958247050786040e-03
4.812052866683929307e-03
4.425504597758282352e-03
4.068948640092545123e-03
3.740177251171828473e-03
3.437131269555699763e-03
3.157891829293829264e-03
2.900672305758947647e-03
2.663810523886134523e-03
2.445761251813826156e-03
2.245088996168889250e-03
2.060461109562320998e-03
1.890641216119314481e-03
1.734482956931679811e-03
1.590924054081238690e-03
1.458980689242739834e-03
1.337742190749640746e-03
1.226366021321406014e-03
1.124073057342343720e-03
1.030143149593144370e-03
9.439109546180176171e-04
8.647620254203303766e-04
7.921291498807896689e-04
7.254889251526798781e-04
6.643585562807482288e-04
6.082928673903507033e-04
5.568815139808128362e-04
5.097463851142420860e-04
4.665391846031524529e-04
4.269391806544743846e-04
3.906511138130388519e-04
3.574032534551893517e-04
3.269455935051880646e-04
2.990481784770500340e-04
2.734995513770311823e-04
2.501053154328584677e-04
2.286868020412664349e-04
2.090798377426901955e-04
1.911336034387049439e-04
1.747095794622785048e-04
