0.000000000000000000e+00
3.151711176634449524e-02
5.703572406921982724e-02
7.741208595390645930e-02
9.339380263908066138e-02
1.056327590506321440e-01
1.146965675512663652e-01
1.210787037141206751e-01
1.252074761689438986e-01
1.274539606374444078e-01
1.281390140684911250e-01
1.275394721033477063e-01
1.258936217843590055e-01
1.234060313227679784e-01
1.202518097330933511e-01
1.165803611068325085e-01
1.125186911334465217e-01
1.081743170888466998e-01
1.036378268179149742e-01
9.898512716371232756e-02
9.427941777555221003e-02
8.957292220166240826e-02
8.490840458664467016e-02
8.032049710190182490e-02
7.583686039622569708e-02
7.147919682591082069e-02
6.726413397521095738e-02
6.320399397842223210e-02
5.930746237732908988e-02
5.558016866804466050e-02
5.202518928785863223e-02
4.864348254632666624e-02
4.543426389831792256e-02
4.239532897474709155e-02
3.952333091557693606e-02
3.681401777717945023e-02
3.426243510140533632e-02
3.186309812702412675e-02
2.961013758690679565e-02
2.749742255871642435e-02
2.551866341607458843e-02
2.366749755505785993e-02
2.193756024199560589e-02
2.032254263802742850e-02
1.881623879941420746e-02
1.741258322632840971e-02
1.610568033335496585e-02
1.488982703916599988e-02
1.375952951808099255e-02
1.270951502008269007e-02
1.173473954618456210e-02
1.083039206093998341e-02
9.991895831654527133e-03
9.214907403013901377e-03
8.495313645039843584e-03
7.829227250353574044e-03
7.212981002616278108e-03
6.643121090798843366e-03
6.116399702788101814e-03
5.629767096035434744e-03
5.180363311851361903e-03
4.765509672976859373e-03
4.382700180713933191e-03
4.029592907729103064e-03
3.704001465260309614e-03
3.403886608512356020e-03
3.127348031212475159e-03
2.872616389344898047e-03
2.638045584753701076e-03
2.422105331386903947e-03
2.223374020267074661e-03
2.040531893652785828e-03
1.872354534158346797e-03
1.717706670701534292e-03
1.575536299941004753e-03
1.444869119250555929e-03
1.324803265172730610e-03
1.214504349625877659e-03
1.113200784842803331e-03
1.020179387039852822e-03
9.347812481039479565e-04
8.563978640998432803e-04
7.844675091039034123e-04
7.184718427325142379e-04
6.579327397254051317e-04
6.024093300432042854e-04
5.514952381240896106e-04
5.048160101991799875e-04
4.620267188754252088e-04
4.228097345455349761e-04
3.868726535662767464e-04
3.539463735500927703e-04
3.237833065329189615e-04
2.961557212068963814e-04
2.708542058350753897e-04
2.476862438919048273e-04
2.264748948946619005e-04
2.070575733042267846e-04
1.892849187764127105e-04
1.730197514357221091e-04
