0.000000000000000000e+00
1.522017654029514909e-02
2.754357048554429560e-02
3.738367980244704236e-02
4.510153641217231474e-02
5.101194719580600528e-02
5.538902230756778677e-02
5.847106992103509593e-02
6.046492792817079881e-02
6.154979542678851168e-02
6.188061997179647444e-02
6.159109044191923149e-02
6.079627990852959352e-02
5.959497801684419255e-02
5.807174803949190917e-02
5.629873988238071059e-02
5.433728686277489173e-02
5.223931099474202894e-02
5.004855876754577687e-02
4.780168695229416315e-02
4.552921578913376316e-02
4.325636496283392224e-02
4.100378604309616593e-02
3.878820352443104746e-02
3.662297522848643322e-02
3.451858161097768468e-02
3.248305242950622063e-02
3.052233826294269495e-02
2.864063351464128659e-02
2.684065676888441193e-02
2.512389369222080282e-02
2.349080706946163333e-02
2.194101802974196894e-02
2.047346204383440962e-02
1.908652285321247796e-02
1.777814711830821154e-02
1.654594224273610650e-02
1.538725953727527150e-02
1.429926462793457489e-02
1.327899678274675234e-02
1.232341862872655090e-02
1.142945755072800190e-02
1.059403990511214450e-02
9.814119040842827005e-03
9.086697996776877534e-03
8.408847634646030716e-03
7.777720870888472568e-03
7.190563585606495230e-03
6.644722712194284057e-03
6.137651945434834631e-03
5.666915448072082709e-03
5.230189885106865944e-03
4.825265070526476609e-03
4.450043472134167580e-03
4.102538785954293159e-03
3.780873761780360713e-03
3.483277435302505314e-03
3.208081899448860658e-03
2.953718727705645451e-03
2.718715144891665093e-03
2.501690025843085908e-03
2.301349789438672262e-03
2.116484244120391510e-03
1.945962431324388181e-03
1.788728504842705463e-03
1.643797676918715102e-03
1.510252255691355580e-03
1.387237793314004264e-03
1.273959359568386206e-03
1.169677951970994698e-03
1.073707050139879795e-03
9.854093194752260292e-04
9.041934669389093803e-04
8.295112498359572678e-04
7.608546369516146516e-04
6.977531201351216440e-04
6.397711734049257512e-04
5.865058558443592184e-04
5.375845539309621023e-04
4.926628584697113813e-04
4.514225709569105911e-04
4.135698339671533890e-04
3.788333800128484692e-04
3.469628932590597403e-04
3.177274784726309980e-04
2.909142316323972636e-04
2.663269067168814249e-04
2.437846733089182860e-04
2.231209598059216085e-04
2.041823771939099946e-04
1.868277185277795441e-04
1.709270294552275892e-04
1.563607453235586764e-04
1.430188906142335038e-04
1.308003366569090097e-04
1.196121137807747657e-04
1.093687742644744616e-04
9.999180264546673178e-05
9.140907014420173154e-05
8.355433014714687802e-05
