0.000000000000000000e+00
6.414500986948220261e-03
1.160816102203868563e-02
1.575524767099072479e-02
1.900791683084841754e-02
2.149884298433392404e-02
2.334354909204625766e-02
2.464246946961659926e-02
2.548277537019182429e-02
2.593998975414905581e-02
2.607941483669275196e-02
2.595739342319394391e-02
2.562242273889426061e-02
2.511613740446085388e-02
2.447417637548018540e-02
2.372694702872804248e-02
2.290029811984027955e-02
2.201611203694814334e-02
2.109282561603801828e-02
2.014588775113739655e-02
1.918816111240150349e-02
1.823027446569355087e-02
1.728093135751193957e-02
1.634718027945992330e-02
1.543465084824508296e-02
1.454776002272147734e-02
1.368989192185269578e-02
1.286355440052055349e-02
1.207051517832960844e-02
1.131191999504946484e-02
1.058839498070679799e-02
9.900135174670574023e-03
9.246980902870613472e-03
8.628483522430684810e-03
8.043961865699032071e-03
7.492550558437035928e-03
6.973241247565770649e-03
6.484917650394522726e-03
6.026385227903633887e-03
5.596396187856538494e-03
5.193670437873229052e-03
4.816913032863274526e-03
4.464828594280739749e-03
4.136133119536921331e-03
3.829563547710032947e-03
3.543885401639907621e-03
3.277898785893742020e-03
3.030442984315894796e-03
2.800399869378976218e-03
2.586696307845385342e-03
2.388305722891804865e-03
2.204248951457564009e-03
2.033594516807007459e-03
1.875458419841269809e-03
1.729003538285295901e-03
1.593438710271126392e-03
1.468017567825734412e-03
1.352037176161846772e-03
1.244836526296159030e-03
1.145794921232922738e-03
1.054330289620793518e-03
9.698974553012103088e-04
8.919863864146309728e-04
8.201204436261019196e-04
7.538546434937376615e-04
6.927739499619377152e-04
6.364916043533038262e-04
5.846475020040729558e-04
5.369066217890839515e-04
4.929575131711332221e-04
4.525108440484595864e-04
4.152980115301104511e-04
3.810698168129983627e-04
3.495952045411831609e-04
3.206600663750001239e-04
2.940661079655351663e-04
2.696297781015972767e-04
2.471812584567825233e-04
2.265635121004585476e-04
2.076313887371908796e-04
1.902507844943600063e-04
1.742978539789574158e-04
1.596582722643126527e-04
1.462265444393781079e-04
1.339053603516046479e-04
1.226049921945983529e-04
1.122427326295109048e-04
1.027423711809706438e-04
9.403370671127343078e-05
8.605209384794503555e-05
7.873802131749036597e-05
7.203672022029144562e-05
6.589780036667543782e-05
6.027491288083642690e-05
5.512543736648616575e-05
5.041019201495176329e-05
4.609316512219537043e-05
4.214126656533775754e-05
3.852409787124786870e-05
3.521373958927009255e-05
