0.000000000000000000e+00
1.035833192049877456e-02
1.874521262020714674e-02
2.544205468170498280e-02
3.069456409029817923e-02
3.471698764900585377e-02
3.769587535957531071e-02
3.979341161945737504e-02
4.115036322810509961e-02
4.188868696638058803e-02
4.211383484397373395e-02
4.191679094219542129e-02
4.137587006017003771e-02
4.055830505375525308e-02
3.952164679588968804e-02
3.831499804641641527e-02
3.698010016466374283e-02
3.555228949868709937e-02
3.406133841380364763e-02
3.253219425548375260e-02
3.098562805597494460e-02
2.943880347071050479e-02
2.790577525214886848e-02
2.639792551960280093e-02
2.492434514990917935e-02
2.349216678300095756e-02
2.210685519744074942e-02
2.077246015381431499e-02
1.949183621967783345e-02
1.826683357057141271e-02
1.709846330036733988e-02
1.598704036458989397e-02
1.493230691667838707e-02
1.393353847442676055e-02
1.298963506752637796e-02
1.209919926325139609e-02
1.126060274228191972e-02
1.047204289726765686e-02
9.731590750150488633e-03
9.037231327952709864e-03
8.386897498439403395e-03
7.778498144765657804e-03
7.209941450129390451e-03
6.679153967971368164e-03
6.184096068975095638e-03
5.722774281754522407e-03
5.293250978552137970e-03
4.893651799502683405e-03
4.522171158157310342e-03
4.177076126219241708e-03
3.856708956110069079e-03
3.559488465442049894e-03
3.283910477160137485e-03
3.028547482545867770e-03
2.792047671006224301e-03
2.573133450215967823e-03
2.370599562398201070e-03
2.183310887009663574e-03
2.010200006574635115e-03
1.850264600644946225e-03
1.702564722641602751e-03
1.566220005468705679e-03
1.440406834116776712e-03
1.324355516843954503e-03
1.217347480810425896e-03
1.118712513129540165e-03
1.027826064087800952e-03
9.441066256862273333e-04
8.670131955893523599e-04
7.960428339663552354e-04
7.307283185108719072e-04
6.706359010786658303e-04
6.153631678386652310e-04
5.645370035518659877e-04
5.178116595382529705e-04
4.748669240326098173e-04
4.354063929383757917e-04
3.991558384403778316e-04
3.658616725113357764e-04
3.352895020251861870e-04
3.072227719564883230e-04
2.814614929856963676e-04
2.578210497328065607e-04
2.361310857964748437e-04
2.162344617731233912e-04
1.979862824631073318e-04
1.812529895319910610e-04
1.659115159787210442e-04
1.518484988640732335e-04
1.389595468680408102e-04
1.271485593703061744e-04
1.163270938805933486e-04
1.064137787830540761e-04
9.733376849878572429e-05
8.901823831137854564e-05
8.140391624062623648e-05
7.443264948801716881e-05
6.805100311344132458e-05
6.220988873493284209e-05
5.686422117166199517e-05
