0.000000000000000000e+00
2.576409408478057793e-03
4.662463273941679608e-03
6.328156845721315607e-03
7.634604134945409577e-03
8.635094366488330411e-03
9.376027789284193878e-03
9.897744239004200098e-03
1.023525639040097530e-02
1.041889833587978514e-02
1.047489896557402163e-02
1.042588858761729631e-02
1.029134630220022995e-02
1.008799481754650909e-02
9.830148659551146695e-03
9.530021070019189730e-03
9.197994302746086148e-03
8.842857504506623084e-03
8.472015902581076993e-03
8.091674605676108314e-03
7.706999955565381130e-03
7.322261037626886029e-03
6.940953665351218271e-03
6.565908892957426392e-03
6.199387878013506298e-03
5.843164709317883593e-03
5.498598631487553595e-03
5.166696934243999138e-03
4.848169629079930772e-03
4.543476906854791199e-03
4.252870255142584752e-03
3.976428012268653708e-03
3.714086044518226468e-03
3.465664152725425433e-03
3.230888743238880933e-03
3.009412235111178727e-03
2.800829619384505829e-03
2.604692536750362938e-03
2.420521195939670869e-03
2.247814416320505736e-03
2.086058043782004507e-03
1.934731958564073900e-03
1.793315866807523081e-03
1.661294043850872594e-03
1.538159176335065353e-03
1.423415431680687864e-03
1.316580867194371354e-03
1.217189276692650160e-03
1.124791559881158347e-03
1.038956688597996716e-03
9.592723342471449902e-04
8.853452121557845323e-04
8.168011910500399663e-04
7.532852092345377042e-04
6.944610332735221252e-04
6.400108899084984470e-04
5.896349975240605451e-04
5.430510196137266739e-04
4.999934593341511272e-04
4.602130113094496941e-04
4.234758843048776764e-04
3.895631061841687138e-04
3.582698206562066542e-04
3.294045836679741334e-04
3.027886658797104900e-04
2.782553664364805900e-04
2.556493422028969240e-04
2.348259557323920197e-04
2.156506444797796126e-04
1.979983131187108749e-04
1.817527502789375606e-04
1.668060705588044336e-04
1.530581822844365658e-04
1.404162811684646556e-04
1.287943697588860806e-04
1.181128023549316372e-04
1.082978548947589165e-04
9.928131918340941248e-05
9.100012072352427911e-05
8.339595933126042358e-05
7.641497166170086450e-05
7.000741472838525599e-05
6.412736947739235713e-05
5.873246346511003257e-05
5.378361168818755213e-05
4.924477462226196223e-05
4.508273254121698245e-05
4.126687520956093291e-05
3.776900606577875602e-05
3.456316004318857549e-05
3.162543420604288215e-05
2.893383041160932094e-05
2.646810924313011069e-05
2.420965449336765597e-05
2.214134751346470088e-05
2.024745077672798486e-05
1.851350004138918232e-05
1.692620453017859092e-05
1.547335457747490409e-05
1.414373622672950682e-05
