0.000000000000000000e+00
2.811664882180066154e-03
5.088199184748383105e-03
6.905989519170602740e-03
8.331730300679634701e-03
9.423576666298659824e-03
1.023216573527711663e-02
1.080152082896151944e-02
1.116985167741620447e-02
1.137026222059265082e-02
1.143137634452541171e-02
1.137789076179549115e-02
1.123106323592533949e-02
1.100914344854271414e-02
1.072775300451818750e-02
1.040022035350258306e-02
1.003787576711286621e-02
9.650310941160139891e-03
9.245607284375486137e-03
8.830536502444816596e-03
8.410736682888907134e-03
7.990866727121804722e-03
7.574741656154465250e-03
7.165451031646244417e-03
6.765462480561277268e-03
6.376712086177318412e-03
6.000683207599996800e-03
5.638475111555617605e-03
5.290862641659263392e-03
4.958348009428379527e-03
4.641205666111982223e-03
4.339521103215252147e-03
4.053224330886036689e-03
3.782118695725683339e-03
3.525905621871593034e-03
3.284205790283731361e-03
3.056577210081339036e-03
2.842530581653043235e-03
2.641542303331496401e-03
2.453065430994475285e-03
2.276538862414676824e-03
2.111394984983961092e-03
1.957065996097863067e-03
1.812989079569335155e-03
1.678610598561300436e-03
1.553389445342049768e-03
1.436799670370446759e-03
1.328332497537541975e-03
1.227497818585660981e-03
1.133825247580777257e-03
1.046864805637727968e-03
9.661872967212770764e-04
8.913844271182365603e-04
8.220687139632648285e-04
7.578732218848258876e-04
6.984511613127277136e-04
6.434753771614517160e-04
5.926377523912063289e-04
5.456485472780528770e-04
5.022356920305965288e-04
4.621440476160695605e-04
4.251346472523718969e-04
3.909839289397182998e-04
3.594829676062626903e-04
3.304367138913069961e-04
3.036632452564113943e-04
2.789930339716197374e-04
2.562682355469128462e-04
2.353420003467041218e-04
2.160778104189698453e-04
1.983488429739927665e-04
1.820373614462504988e-04
1.670341346539646688e-04
1.532378842231108787e-04
1.405547601564964609e-04
1.288978441952714907e-04
1.181866804324781126e-04
1.083468324894062366e-04
9.930946644990826060e-05
9.101095866046201948e-05
8.339252744031385399e-05
7.639988770274385734e-05
6.998292746209146969e-05
6.409540518885278198e-05
5.869466697446045438e-05
5.374138247619478508e-05
4.919929862922475686e-05
4.503501013550881776e-05
4.121774576686049939e-05
3.771916955077762911e-05
3.451319594169393402e-05
3.157581811631875141e-05
2.888494856901479565e-05
2.642027122115067595e-05
2.416310429658323329e-05
2.209627325349072680e-05
2.020399310036771816e-05
1.847175946085883531e-05
1.688624778804322443e-05
1.543522016363263580e-05
