0.000000000000000000e+00
8.397347556247318490e-03
1.519646856229079843e-02
2.062550006575175621e-02
2.488363230026044426e-02
2.814455200240482610e-02
3.055949251876173903e-02
3.225993435835985967e-02
3.335999509808899866e-02
3.395854330902801227e-02
3.414106738667023466e-02
3.398132678946104435e-02
3.354281017484957855e-02
3.288002223163797449e-02
3.203961860727411876e-02
3.106140618799585820e-02
2.997922408075983508e-02
2.882171894395345671e-02
2.761302679687583153e-02
2.637337208610082695e-02
2.511959358240960574e-02
2.386560560918117233e-02
2.262280214781295720e-02
2.140041051526386448e-02
2.020580055186882093e-02
1.904475458406516136e-02
1.792170282757298699e-02
1.683992836382077612e-02
1.580174534880159770e-02
1.480865369265249067e-02
1.386147307432589008e-02
1.296045882363961073e-02
1.210540190817387118e-02
1.129571500084460868e-02
1.053050637187775626e-02
9.808643143086418284e-03
9.128805259912903952e-03
8.489531375053030113e-03
7.889257694325774173e-03
7.326350708731797778e-03
6.799134624528003178e-03
6.305914204000230040e-03
5.844993641989312989e-03
5.414692025822168651e-03
5.013355857967731304e-03
4.639369060451225581e-03
4.291160826907369427e-03
3.967211641321917448e-03
3.666057741279240591e-03
3.386294267260473497e-03
3.126577307650958270e-03
2.885625021111607857e-03
2.662217993395581649e-03
2.455198964150486461e-03
2.263472040382460710e-03
2.086001496757292940e-03
1.921810248496743073e-03
1.769978070047782638e-03
1.629639621739890475e-03
1.499982337106707314e-03
1.380244215261536549e-03
1.269711555529589317e-03
1.167716665319026067e-03
1.073635566839099180e-03
9.868857236421735898e-04
9.069238039843862450e-04
8.332434945856991146e-04
7.653733754518840656e-04
7.028748639352203802e-04
6.453402341014849398e-04
5.923907156889517177e-04
5.436746754475001902e-04
4.988658823944891029e-04
4.576618574855608498e-04
4.197823073438006376e-04
3.849676409940631689e-04
3.529775679885216455e-04
3.235897758649693796e-04
2.965986845341104616e-04
2.718142749311515719e-04
2.490609890774883725e-04
2.281766985689864216e-04
2.090117384285028284e-04
1.914280032234740839e-04
1.752981023473090144e-04
1.605045713897156328e-04
1.469391365705238349e-04
1.345020292794513075e-04
1.231013478466182621e-04
1.126524637620792812e-04
1.030774696643622679e-04
9.430466652554577193e-05
8.626808757175775553e-05
7.890705659143076899e-05
7.216577839779260406e-05
6.599295932575875224e-05
6.034145575565968322e-05
5.516794876634140599e-05
5.043264312749995274e-05
4.609898894519783924e-05
