0.000000000000000000e+00
3.901795969012885126e-03
7.060981980609467787e-03
9.583561056199662101e-03
1.156208618890889987e-02
1.307726026785194402e-02
1.419935329889687563e-02
1.498945720621326985e-02
1.550059629283488324e-02
1.577870946857979489e-02
1.586351859498810052e-02
1.578929572709990986e-02
1.558554063088940858e-02
1.527757870507755709e-02
1.488708832083149823e-02
1.443256559817263779e-02
1.392973375091748588e-02
1.339190334117782398e-02
1.283028907957251344e-02
1.225428817916065886e-02
1.167172471147401129e-02
1.108906391455448219e-02
1.051159995901840803e-02
9.943620282997164134e-03
9.388549255092679124e-03
8.849073611543223014e-03
8.327251835426069393e-03
7.824609398182981110e-03
7.342221563695191557e-03
6.880785259568398399e-03
6.440681346545959647e-03
6.022028462667712752e-03
5.624729481805742191e-03
5.248511504638717941e-03
4.892960192279911628e-03
4.557549157139268760e-03
4.241665040829798242e-03
3.944628833821100210e-03
3.665713925026636150e-03
3.404161310631658149e-03
3.159192339374213530e-03
2.930019325424303676e-03
2.715854319290742901e-03
2.515916291220008164e-03
2.329436949801237493e-03
2.155665390479706914e-03
1.993871743983827594e-03
1.843349972910774065e-03
1.703419945557691894e-03
1.573428899231239363e-03
1.452752390452609127e-03
1.340794816463160505e-03
1.236989581017947050e-03
1.140798967445386331e-03
1.051713773186303954e-03
9.692527523583587554e-04
8.929619061930604276e-04
8.224136553471297819e-04
7.572059229962300629e-04
6.969611531869178596e-04
6.413252850722194007e-04
5.899667003170210988e-04
5.425751580689672053e-04
4.988607293936666177e-04
4.585527409209914267e-04
4.213987355990163981e-04
3.871634568658477177e-04
3.556278611936486899e-04
3.265881628041729184e-04
2.998549133750830925e-04
2.752521187283980169e-04
2.526163937965470699e-04
2.317961565800345162e-04
2.126508613281837088e-04
1.950502707772799090e-04
1.788737669567521695e-04
1.640096998134803121e-04
1.503547726977676722e-04
1.378134635940788191e-04
1.262974808584059233e-04
1.157252521360669154e-04
1.060214450736637220e-04
9.711651840228883884e-05
8.894630195196111385e-05
8.145160415630104040e-05
7.457784561871822415e-05
6.827471733435278326e-05
6.249586219355474169e-05
5.719857843095352252e-05
5.234354372759577445e-05
4.789455872089563214e-05
4.381830872710894731e-05
4.008414253278305250e-05
3.666386716434826064e-05
3.353155759805392618e-05
3.066338042527641208e-05
2.803743054039052591e-05
2.563357996955587740e-05
2.343333800863692598e-05
2.141972188683873718e-05
