1.569460629061599377e+02 -7.105846598228241362e+01 3.095226957727084027e+02 -2.949331359525385778e+02 -8.424986819174559827e+00 -3.631865490536337404e+01 -6.343410720265701741e+01 -7.613441838616316204e+01 7.634350934339869355e+01 -1.343232780486286799e+02 -4.515435763914460665e+01 -6.100842295897011525e+01 -5.835993515920196728e+01
-7.105846598228241362e+01 4.475618647997188191e+02 -6.671836148482599356e+02 2.901733152446911390e+02 1.803280616578666695e+01 -7.855645285269275746e+01 1.626539057356408762e+02 4.835971665566646038e+01 -3.047489196368050557e+02 3.133270799346449280e+02 -8.479324499195826093e+00 2.044084538153019182e+01 1.782739154889955557e+01
3.095226957727081754e+02 -6.671836148482597082e+02 2.256311463471045499e+03 -1.889915184267147197e+03 2.133495462680076287e+02 -1.913762745228956987e+02 -3.574635677010198833e+02 -1.539605452334583617e+02 9.454513001653265292e+02 -9.101571020706581976e+02 -7.958471082101766569e+00 -4.313919257805201113e+01 -2.399388977895469282e+02
-2.949331359525381231e+02 2.901733152446906843e+02 -1.889915184267148561e+03 2.063140941321487844e+03 -3.733336083702972701e+02 3.173142556098910063e+02 3.188198137096546816e+02 1.287813376919382335e+02 -6.639647923492805148e+02 6.730366071380186668e+02 -5.479398221253680923e+00 -1.564566065533932004e+01 2.561108808960819943e+02
-8.424986819174360875e+00 1.803280616578651063e+01 2.133495462680076571e+02 -3.733336083702977817e+02 2.601517525268887425e+02 -4.125369876223380174e+02 2.676472225921201584e+02 -8.109180914754070102e+01 3.178609904988141466e+02 -2.927427952325437559e+02 4.872332328081395048e+01 1.331146068771485886e+02 -8.407253671688476970e+01
-3.631865490536372931e+01 -7.855645285269262956e+01 -1.913762745228957556e+02 3.173142556098911200e+02 -4.125369876223384722e+02 1.392633303923349558e+03 -1.294871738544992468e+03 3.579362036795744189e+02 -1.096428196138895146e+03 9.328011151907469412e+02 -6.153608470223666416e+01 -2.978999722510523043e+02 2.818156134755596440e+02
-6.343410720265694636e+01 1.626539057356412741e+02 -3.574635677010208497e+02 3.188198137096560458e+02 2.676472225921201016e+02 -1.294871738544990649e+03 1.597433887632584856e+03 -3.882704606962682874e+02 9.987241005718302631e+02 -8.039124569774470501e+02 1.081549127837426170e+02 3.031780072332144869e+02 -2.250868102446771672e+02
-7.613441838616330415e+01 4.835971665566652433e+01 -1.539605452334583049e+02 1.287813376919384325e+02 -8.109180914754068681e+01 3.579362036795744189e+02 -3.882704606962681169e+02 1.638954842205243381e+02 -3.434138388585456028e+02 3.292672455231699473e+02 -2.034166199193025193e+01 -6.025179010098982957e+01 9.160842531636198771e+01
7.634350934339933303e+01 -3.047489196368051694e+02 9.454513001653263018e+02 -6.639647923492811969e+02 3.178609904988143740e+02 -1.096428196138895601e+03 9.987241005718304905e+02 -3.434138388585456596e+02 1.343706694757057448e+03 -1.156045943128032832e+03 6.065016759053158069e+01 1.989427702903553268e+02 -2.925406697460837222e+02
-1.343232780486290494e+02 3.133270799346451554e+02 -9.101571020706575155e+02 6.730366071380190078e+02 -2.927427952325436422e+02 9.328011151907466001e+02 -8.039124569774475049e+02 3.292672455231699473e+02 -1.156045943128032604e+03 1.053260797140367913e+03 -3.291703606422753126e+01 -1.423397380474812621e+02 2.681145287753869866e+02
-4.515435763914459955e+01 -8.479324499195815434e+00 -7.958471082101867822e+00 -5.479398221253670265e+00 4.872332328081395048e+01 -6.153608470223673521e+01 1.081549127837427449e+02 -2.034166199193027325e+01 6.065016759053168016e+01 -3.291703606422758099e+01 5.462243273202254557e+01 6.922807087577486129e+01 7.139866592451125982e+00
-6.100842295897004419e+01 2.044084538153018826e+01 -4.313919257805224561e+01 -1.564566065533922057e+01 1.331146068771487307e+02 -2.978999722510520769e+02 3.031780072332147142e+02 -6.025179010098985088e+01 1.989427702903552131e+02 -1.423397380474811769e+02 6.922807087577480445e+01 1.432302477263782805e+02 -2.165999284243305567e+01
-5.835993515920206676e+01 1.782739154889964794e+01 -2.399388977895469850e+02 2.561108808960822785e+02 -8.407253671688479812e+01 2.818156134755593598e+02 -2.250868102446773378e+02 9.160842531636194508e+01 -2.925406697460834948e+02 2.681145287753871003e+02 7.139866592451128646e+00 -2.165999284243306988e+01 9.535804945299283020e+01
