2.574812014032069101e+02 -1.619302666993695539e+01 1.780134910431179378e+02 -3.786918546223976705e+02 -5.759165717714414257e+01 1.475202452657606500e+01 -1.402829890822603431e+02 -4.950464242197506337e+01 1.128702920103631584e+02 -2.155380261661596819e+02 2.380197015383743064e+00 -8.501759318797205367e+01 -5.514542567888437929e+01
-1.619302666993724316e+01 2.398479036985267783e+02 -8.527025174606607152e+02 7.217586891427158662e+02 7.575865391578970787e+01 6.751288353167888090e+01 -1.713414183887907996e+02 -4.584008863892562147e+01 2.627879129444849013e+02 -3.026948078976399188e+02 7.896584265710639272e+01 -2.618477966462162385e+02 2.722049137666587626e+02
1.780134910431180515e+02 -8.527025174606601468e+02 3.664575054612921576e+03 -3.328293411567640760e+03 8.001088678093577755e+01 -8.367719146110052861e+02 9.451180251078328638e+02 2.382341579820697461e+02 -9.498714064261926069e+02 8.893954599116245845e+02 -3.921419059325647822e+02 1.145173458475848292e+03 -1.280649228920190581e+03
-3.786918546223984094e+02 7.217586891427155251e+02 -3.328293411567639396e+03 3.392634546883112307e+03 -1.163853889876826884e+02 7.454893112684897005e+02 -7.235852691854290697e+02 -1.277424381538917828e+02 6.796075216696154939e+02 -5.377521540734297787e+02 2.109803940475717354e+02 -1.012107927873469066e+03 1.366737793366233745e+03
-5.759165717714418520e+01 7.575865391578946628e+01 8.001088678093606177e+01 -1.163853889876830294e+02 4.920592897786220306e+02 -8.760753611311450868e+02 5.687663236328919538e+02 7.486796465830447289e+01 -8.552583201458912754e+01 -5.256080195761130369e+01 -5.892963689523745785e+01 2.838788002868309377e+02 -1.767230652262862236e+02
1.475202452657572394e+01 6.751288353167964829e+01 -8.367719146110069914e+02 7.454893112684910648e+02 -8.760753611311447457e+02 2.168162584382092064e+03 -1.464794607171385451e+03 -1.047255567872186646e+02 6.304563351181914754e+01 1.576710075395055810e+02 4.388184929914415306e+02 -1.194069586965838880e+03 8.210328625773579461e+02
-1.402829890822598884e+02 -1.713414183887918227e+02 9.451180251078349102e+02 -7.235852691854310024e+02 5.687663236328913854e+02 -1.464794607171383859e+03 1.267499106505160853e+03 2.681966231925988708e+01 -5.337555358244645731e+01 9.405676342568085602e+01 -3.854477926849419873e+02 1.209214332684083274e+03 -9.621136093936992211e+02
-4.950464242197502074e+01 -4.584008863892563568e+01 2.382341579820702009e+02 -1.277424381538920386e+02 7.486796465830428815e+01 -1.047255567872181246e+02 2.681966231925922628e+01 1.756605880826888324e+02 -4.157146936974167488e+02 2.930698130838461566e+02 2.960731912832754276e+01 -2.851594339686460557e+02 3.137049086482009557e+02
1.128702920103631868e+02 2.627879129444851287e+02 -9.498714064261938574e+02 6.796075216696160624e+02 -8.552583201458892859e+01 6.304563351181860753e+01 -5.337555358244539150e+01 -4.157146936974165214e+02 1.616475554585891359e+03 -1.304598006423858578e+03 -2.856260271219466631e+02 1.090588467207240683e+03 -9.666032055810562724e+02
-2.155380261661594545e+02 -3.026948078976397483e+02 8.893954599116249256e+02 -5.377521540734295513e+02 -5.256080195761144580e+01 1.576710075395064905e+02 9.405676342568003179e+01 2.930698130838459292e+02 -1.304598006423858806e+03 1.242739373479342703e+03 2.201998908203323708e+02 -6.434814328499631984e+02 5.724292286377510663e+02
2.380197015383522796e+00 7.896584265710664852e+01 -3.921419059325654644e+02 2.109803940475722186e+02 -5.892963689523740811e+01 4.388184929914415875e+02 -3.854477926849418736e+02 2.960731912832734380e+01 -2.856260271219464357e+02 2.201998908203320013e+02 3.525291641386201604e+02 -6.283686719182524030e+02 4.582043325809831913e+02
-8.501759318797181209e+01 -2.618477966462164659e+02 1.145173458475849202e+03 -1.012107927873470089e+03 2.838788002868312788e+02 -1.194069586965840244e+03 1.209214332684083502e+03 -2.851594339686463968e+02 1.090588467207241138e+03 -6.434814328499628573e+02 -6.283686719182521756e+02 2.604711692206842599e+03 -2.198127324243806925e+03
-5.514542567888413771e+01 2.722049137666579099e+02 -1.280649228920188989e+03 1.366737793366231926e+03 -1.767230652262863657e+02 8.210328625773571503e+02 -9.621136093936992211e+02 3.137049086482010125e+02 -9.666032055810554766e+02 5.724292286377517485e+02 4.582043325809826797e+02 -2.198127324243807834e+03 2.158598666446267544e+03
