1.085768744164289229e-01
9.923964743170388125e-02
9.224972126194697086e-02
8.709707188509539788e-02
8.336155668035885591e-02
8.069908772788877971e-02
7.882975011719564606e-02
7.752760817010968808e-02
7.661197495544708191e-02
7.593994898222654333e-02
7.540004697667709865e-02
7.490678359114077978e-02
7.439606812764196220e-02
7.382130520983624933e-02
7.315010109076226785e-02
7.236149019319350340e-02
7.144360776757292808e-02
7.039174441634485357e-02
6.920672684653836337e-02
6.789357672768045471e-02
6.646040608431534602e-02
6.491751336028335484e-02
6.327664925997904255e-02
6.155042579202203712e-02
5.975184569402634122e-02
5.789393267455850145e-02
5.598944573242474465e-02
5.405066325901043689e-02
5.208922474469519087e-02
5.011601973766286605e-02
4.814111527978738592e-02
4.617371440219491391e-02
4.422213943103801143e-02
4.229383485687533001e-02
4.039538538062310141e-02
3.853254548437605453e-02
3.671027750312624849e-02
3.493279570805807310e-02
3.320361436633484375e-02
3.152559812715338694e-02
2.990101340893913315e-02
2.833157973624503626e-02
2.681852020446958557e-02
2.536261044222853228e-02
2.396422560057367285e-02
2.262338502998709894e-02
2.133979441429098914e-02
2.011288521884459918e-02
1.894185138170600274e-02
1.782568323345299147e-02
1.676319867634745719e-02
1.575307168843956274e-02
1.479385824470632466e-02
1.388401976683335121e-02
1.302194422699453832e-02
1.220596503999975616e-02
1.143437788334682528e-02
1.070545558677618234e-02
1.001746123251515824e-02
9.368659605043950372e-03
8.757327125360094347e-03
8.181760399734555947e-03
7.640283507146457091e-03
7.131254143209531104e-03
6.653068731669447081e-03
6.204166607625530294e-03
5.783033369650122935e-03
5.388203491051017820e-03
5.018262273732678781e-03
4.671847221524997804e-03
4.347648903512939776e-03
4.044411371852075533e-03
3.760932192817261106e-03
3.496062144419733852e-03
3.248704628848895094e-03
3.017814843250208549e-03
2.802398747936929186e-03
2.601511867043209292e-03
2.414257952849763883e-03
2.239787541538619097e-03
2.077296424946481826e-03
1.926024059972774932e-03
1.785251934642524902e-03
1.654301907410815706e-03
1.532534534108509049e-03
1.419347394953129502e-03
1.314173432268796356e-03
1.216479307960465200e-03
1.125763788356243245e-03
1.041556162753723598e-03
9.634147008694755225e-04
8.909251533827423648e-04
8.236992988738928677e-04
7.613735396744790180e-04
7.036075484589697287e-04
6.500829668092071969e-04
6.005021564626916979e-04
5.545870035071718152e-04
5.120777753993204862e-04
4.727320303579187746e-04
