1.067629569407333445e-01
9.724790335762066584e-02
9.013298922909029898e-02
8.489950010357326382e-02
8.111980168309476658e-02
7.844336145775254732e-02
7.658473356936930376e-02
7.531324769574183897e-02
7.444417545759929311e-02
7.383117657280398316e-02
7.335985218979083899e-02
7.294225494309049262e-02
7.251222465767181991e-02
7.202143561230048285e-02
7.143605614347736665e-02
7.073393438532868394e-02
6.990223532167409715e-02
6.893546427254096387e-02
6.783382062333931373e-02
6.660183318477429226e-02
6.524723518106052833e-02
6.378004262263939350e-02
6.221180483262490901e-02
6.055500025622488625e-02
5.882255447086978672e-02
5.702746060335855960e-02
5.518248521195107115e-02
5.329994516129307747e-02
5.139154315489896652e-02
4.946825143623807819e-02
4.754023476263010556e-02
4.561680512889824957e-02
4.370640189873860326e-02
4.181659201614930377e-02
3.995408583899249383e-02
3.812476488103684613e-02
3.633371838443130025e-02
3.458528618613364303e-02
3.288310580214002382e-02
3.123016204356783565e-02
2.962883780843200004e-02
2.808096497076042336e-02
2.658787452185218392e-02
2.515044531335888095e-02
2.376915091399033758e-02
2.244410422579484754e-02
2.117509961628336393e-02
1.996165241273661212e-02
1.880303567794109482e-02
1.769831424500964423e-02
1.664637603514254258e-02
1.564596071814676817e-02
1.469568580293930185e-02
1.379407026556050443e-02
1.293955583664896901e-02
1.213052607992896881e-02
1.136532339893090056e-02
1.064226411165794008e-02
9.959651732869605201e-03
9.315788601612150915e-03
8.708985988037740850e-03
8.137572808796714532e-03
7.599903074671908280e-03
7.094362187910038114e-03
6.619372200104695070e-03
6.173396134670543212e-03
5.754941471059054139e-03
5.362562881012464776e-03
4.994864300422747344e-03
4.650500413822820749e-03
4.328177622238958168e-03
4.026654559113092800e-03
3.744742213286752098e-03
3.481303712640783886e-03
3.235253816915239881e-03
3.005558163493825003e-03
2.791232305524871723e-03
2.591340577659013208e-03
2.404994820903374065e-03
2.231352994611570870e-03
2.069617700434507428e-03
1.919034640134999713e-03
1.778891026504127778e-03
1.648513964193896054e-03
1.527268815083511347e-03
1.414557560810360487e-03
1.309817173306240682e-03
1.212518002570315591e-03
1.122162189468459484e-03
1.038282110060731326e-03
9.604388568120857811e-04
8.882207610238379179e-04
8.212419599237384855e-04
7.591410110600392384e-04
7.015795559497606465e-04
6.482410343243604411e-04
5.988294497884691066e-04
5.530681872515507292e-04
5.106988821008531581e-04
4.714803407502571450e-04
