7.854650049132108625e-02
7.090448293601314678e-02
6.542426315439775486e-02
6.162860065092658213e-02
5.912435583155906116e-02
5.758958277422912553e-02
5.676243330125983755e-02
5.643163343276512423e-02
5.642832342333417572e-02
5.661907903772203654e-02
5.689995494008005805e-02
5.719141144015254391e-02
5.743400369879746170e-02
5.758472814447657823e-02
5.761393455722224610e-02
5.750272427116499829e-02
5.724076543763513547e-02
5.682446546043019853e-02
5.625544872383819728e-02
5.553929472414927820e-02
5.468449781157441042e-02
5.370161506173144750e-02
5.260257342103133449e-02
5.140011129365693737e-02
5.010733323438455733e-02
4.873735944720821583e-02
4.730305442256510506e-02
4.581682132685232361e-02
4.429045073159147000e-02
4.273501397528202406e-02
4.116079292310802218e-02
3.957723915840025836e-02
3.799295673154318848e-02
3.641570352999659588e-02
3.485240713752962155e-02
3.330919173934444172e-02
3.179141321797428199e-02
3.030370008618076677e-02
2.884999832933882874e-02
2.743361859125478461e-02
2.605728444296540394e-02
2.472318073159902527e-02
2.343300122261488677e-02
2.218799492955269431e-02
2.098901067592370134e-02
1.983653955847671652e-02
1.873075508360448616e-02
1.767155083242675714e-02
1.665857557794971425e-02
1.569126583212188814e-02
1.476887584370029267e-02
1.389050510143102594e-02
1.305512342269504224e-02
1.226159372681120963e-02
1.150869260576645181e-02
1.079512881422972637e-02
1.011955980613152978e-02
9.480606447553965171e-03
8.876866035771771579e-03
8.306923752511616299e-03
7.769362676273787113e-03
7.262772474238359324e-03
6.785756889146981295e-03
6.336940130852898936e-03
5.914972276163370062e-03
5.518533774320574618e-03
5.146339149110558744e-03
4.797139982257480825e-03
4.469727256534949261e-03
4.162933130970372306e-03
3.875632214679743982e-03
3.606742400284257150e-03
3.355225312550425953e-03
3.120086422877805469e-03
2.900374875541164143e-03
2.695183067179571668e-03
2.503646016911699902e-03
2.324940560638691454e-03
2.158284399565214146e-03
2.002935029715253654e-03
1.858188576229631269e-03
1.723378553494498951e-03
1.597874569650097271e-03
1.481080991753092697e-03
1.372435585799505883e-03
1.271408143944752732e-03
1.177499109568673182e-03
1.090238209313438861e-03
1.009183099857921930e-03
9.339180359711274967e-04
8.640525652980467902e-04
7.992202543624489725e-04
7.390774494124822567e-04
6.833020749765211918e-04
6.315924723293793236e-04
5.836662794843041268e-04
5.392593538160775054e-04
4.981247379778337529e-04
4.600316693920366066e-04
4.247646332682945207e-04
