8.572983590655824937e-02
7.874551278468791549e-02
7.361302036263348003e-02
6.991955138073537024e-02
6.732585889902237275e-02
6.555487489331507378e-02
6.438193538509742742e-02
6.362639927346054602e-02
6.314447496067124299e-02
6.282309249758125103e-02
6.257467971199424939e-02
6.233271896763256659e-02
6.204797713863863251e-02
6.168531534410402056e-02
6.122099720688520957e-02
6.064042509094706712e-02
5.993624311696206519e-02
5.910675392030750180e-02
5.815460324302597350e-02
5.708569266872551284e-02
5.590828622866436670e-02
5.463228132689831873e-02
5.326861853908195638e-02
5.182880840960051028e-02
5.032455647226700968e-02
4.876747040982861575e-02
4.716883559881326210e-02
4.553944730431846999e-02
4.388948953414636284e-02
4.222845206826190967e-02
4.056507847861865607e-02
3.890733907287669685e-02
3.726242365700641046e-02
3.563674983685754388e-02
3.403598328552057128e-02
3.246506700748229279e-02
3.092825714595279218e-02
2.942916331833110924e-02
2.797079183706143585e-02
2.655559048823882828e-02
2.518549380619832662e-02
2.386196800587519692e-02
2.258605492195900344e-02
2.135841445999082586e-02
2.017936519408807666e-02
1.904892285283550646e-02
1.796683652243660778e-02
1.693262246739891258e-02
1.594559552634709776e-02
1.500489808619176815e-02
1.410952667369197444e-02
1.325835623103919017e-02
1.245016216282943296e-02
1.168364025685184916e-02
1.095742459150629046e-02
1.027010354921936881e-02
9.620234058681636016e-03
9.006354189687386727e-03
8.426994223339329820e-03
7.880686317815738598e-03
7.365972886149427419e-03
6.881413797838468321e-03
6.425592510847232507e-03
5.997121234869100953e-03
5.594645220777487091e-03
5.216846265125175963e-03
4.862445512473630334e-03
4.530205632329415213e-03
4.218932441602256389e-03
3.927476037829588477e-03
3.654731502973616354e-03
3.399639232416303090e-03
3.161184938872718328e-03
2.938399376324635475e-03
2.730357824748477508e-03
2.536179372374181354e-03
2.355026028460384304e-03
2.186101696099028869e-03
2.028651031359887148e-03
1.881958212141524381e-03
1.745345637397374607e-03
1.618172574941294847e-03
1.499833773792305517e-03
1.389758054979932768e-03
1.287406892885823492e-03
1.192272997530943778e-03
1.103878906717413802e-03
1.021775595587523251e-03
9.455411099575003996e-04
8.747792287086442620e-04
8.091181595627196460e-04
7.482092717215348176e-04
6.917258681029319007e-04
6.393619992478392780e-04
5.908313203971801361e-04
5.458659927355316707e-04
5.042156293631275005e-04
4.656462861825300462e-04
4.299394975648118396e-04
3.968913563868058277e-04
