3.684353126333973077e-02
3.518655094462412591e-02
3.432518805985208810e-02
3.404556882783784516e-02
3.417469063460396722e-02
3.457387863489135710e-02
3.513318434915788102e-02
3.576659987518164552e-02
3.640797746067898216e-02
3.700755832818350410e-02
3.752902704254953981e-02
3.794701857395392508e-02
3.824501471982540146e-02
3.841357487072750987e-02
3.844885338168946981e-02
3.835136216869586279e-02
3.812494270188394874e-02
3.777591641107179432e-02
3.731238674243767678e-02
3.674366978401841233e-02
3.607983357956418002e-02
3.533132903446643824e-02
3.450869773611524999e-02
3.362234410999085515e-02
3.268236115234553901e-02
3.169840055587379996e-02
3.067957940737194716e-02
2.963441681331058578e-02
2.857079482439080567e-02
2.749593890447780617e-02
2.641641394115373798e-02
2.533813244056775868e-02
2.426637210233654682e-02
2.320580044324429062e-02
2.216050454213821033e-02
2.113402432207663051e-02
2.012938807763165264e-02
1.914914920239355403e-02
1.819542328036744330e-02
1.726992488048513519e-02
1.637400354056172888e-02
1.550867854977381124e-02
1.467467224065200672e-02
1.387244158571972023e-02
1.310220796291533887e-02
1.236398501009089088e-02
1.165760453415576672e-02
1.098274047652840479e-02
1.033893096492997064e-02
9.725598503457812127e-03
9.142068369385181886e-03
8.587585297168322945e-03
8.061328538485080727e-03
7.562425392449765617e-03
7.089963303013448008e-03
6.643000621447097374e-03
6.220576131122904431e-03
5.821717429896556412e-03
5.445448262536083453e-03
5.090794892079033088e-03
4.756791594925972866e-03
4.442485360058015011e-03
4.146939868131636550e-03
3.869238821464020608e-03
3.608488691163208237e-03
3.363820942948182215e-03
3.134393798598859426e-03
2.919393585515619657e-03
2.718035722583454598e-03
2.529565386448872147e-03
2.353257898443070033e-03
2.188418868731644915e-03
2.034384130843058369e-03
1.890519496525704893e-03
1.756220357903862540e-03
1.630911161140743840e-03
1.514044773265589994e-03
1.405101761472639030e-03
1.303589602043726467e-03
1.209041834073301853e-03
1.121017171374289086e-03
1.039098584305225316e-03
9.628923617727637874e-04
8.920271623187532627e-04
8.261530619874677198e-04
7.649406055764984298e-04
7.080798668948072626e-04
6.552795227746155199e-04
6.062659448016077552e-04
5.607823120322882578e-04
5.185877473507870912e-04
4.794564795727380871e-04
4.431770329245883510e-04
4.095514451065996589e-04
3.783945147812094634e-04
3.495330790100882015e-04
3.228053208882471908e-04
2.980601073875258490e-04
2.751563572205619206e-04
2.539624383662428741e-04
