8.900309790251513531e-02
8.182921066595834347e-02
7.648244949596726128e-02
7.255938918734138043e-02
6.972832092571963625e-02
6.771816370352343184e-02
6.630894068328335722e-02
6.532361318286913909e-02
6.462109118589533241e-02
6.409026230525936840e-02
6.364490132920166965e-02
6.321934019399959304e-02
6.276479375274005013e-02
6.224625030814998072e-02
6.163984778103519246e-02
6.093066679910766337e-02
6.011088109439700899e-02
5.917821355026969127e-02
5.813465318169552809e-02
5.698539438851976668e-02
5.573796510011015670e-02
5.440151502682298579e-02
5.298623923375167521e-02
5.150291572951207902e-02
4.996253878274787424e-02
4.837603229906718705e-02
4.675402986173288200e-02
4.510671000495605071e-02
4.344367698799887073e-02
4.177387880561284073e-02
4.010555543554852193e-02
3.844621141319667229e-02
3.680260775982022170e-02
3.518076909440728817e-02
3.358600244749229691e-02
3.202292488371223655e-02
3.049549754180322717e-02
2.900706412790051564e-02
2.756039226059012887e-02
2.615771637306231120e-02
2.480078113667506801e-02
2.349088458797986625e-02
2.222892032363777207e-02
2.101541827973660639e-02
1.985058373820731623e-02
1.873433430713876413e-02
1.766633470709826417e-02
1.664602926492659077e-02
1.567267207234183252e-02
1.474535481117203450e-02
1.386303228195572175e-02
1.302454569956346814e-02
1.222864383973625187e-02
1.147400213514995250e-02
1.075923982977379685e-02
1.008293530672131275e-02
9.443639708200052621e-03
8.839888967144153564e-03
8.270214369164710644e-03
7.733151760997622297e-03
7.227249518019935801e-03
6.751075378937631752e-03
6.303222250663323249e-03
5.882313080901872132e-03
5.487004890209513930e-03
5.115992049419634813e-03
4.768008882443182557e-03
4.441831668637215291e-03
4.136280113257393039e-03
3.850218349019177578e-03
3.582555526524971480e-03
3.332246046297049607e-03
3.098289480405933514e-03
2.879730227211387775e-03
2.675656938542633582e-03
2.485201754735334809e-03
2.307539379311552598e-03
2.141886021728000439e-03
1.987498233518603195e-03
1.843671660308887714e-03
1.709739729569940102e-03
1.585072291596315106e-03
1.469074229021965139e-03
1.361184048217975711e-03
1.260872464132311264e-03
1.167640988522056699e-03
1.081020530079924644e-03
1.000570013657072757e-03
9.258750246216788764e-04
8.565464833560919354e-04
7.922193539742301751e-04
7.325513905250580519e-04
6.772219232282568509e-04
6.259306866557087659e-04
5.783966912190012088e-04
5.343571388412977864e-04
4.935663832744578228e-04
4.557949351628821704e-04
4.208285116481150332e-04
3.884671300473736192e-04
