-3.829899528631081768e-02
-3.732620254651587699e-02
-3.536812956571701999e-02
-3.269948489156560695e-02
-2.954415733358817242e-02
-2.608311026143039779e-02
-2.246116609612903992e-02
-1.879282715603338566e-02
-1.516726063942178300e-02
-1.165255937895868024e-02
-8.299375824883267055e-03
-5.144014270742382211e-03
-2.211055421192615472e-03
4.844221664884844347e-04
2.934967618152307250e-03
5.139181446397300679e-03
7.100395034958146417e-03
8.825569132598892058e-03
1.032437949242915459e-02
1.160846207737056997e-02
1.269079399098623287e-02
1.358518955206654798e-02
1.430589377027877834e-02
1.486725795081622267e-02
1.528348430407738823e-02
1.556842830221394532e-02
1.573544914330108485e-02
1.579730008700911542e-02
1.576605164031719825e-02
1.565304162199909407e-02
1.546884704138070353e-02
1.522327350868324554e-02
1.492535856730955318e-02
1.458338591688011776e-02
1.420490799209242830e-02
1.379677478741845806e-02
1.336516718076414048e-02
1.291563331878285356e-02
1.245312688980134384e-02
1.198204633359498117e-02
1.150627422604202053e-02
1.102921623578452873e-02
1.055383918359493849e-02
1.008270784681340390e-02
9.618020244126654350e-03
9.161641212830817088e-03
8.715134153919636834e-03
8.279790871909869371e-03
7.856659478020711768e-03
7.446570358688352903e-03
7.050160237729548481e-03
6.667894380899152228e-03
6.300087007082278562e-03
5.946919981752450332e-03
5.608459876321519356e-03
5.284673482209780067e-03
4.975441871390715379e-03
4.680573096250291096e-03
4.399813621215244858e-03
4.132858577059903005e-03
3.879360926357859011e-03
3.638939625422407328e-03
3.411186864459755160e-03
3.195674463692253341e-03
2.991959499019307411e-03
2.799589226471799110e-03
2.618105370363896581e-03
2.447047835718910679e-03
2.285957901295064543e-03
2.134380945402446824e-03
1.991868752714019090e-03
1.857981446453582739e-03
1.732289086707189743e-03
1.614372972161543310e-03
1.503826679328814980e-03
1.400256870273525016e-03
1.303283897012675642e-03
1.212542228111465961e-03
1.127680720538442758e-03
1.048362757569208268e-03
9.742662714290434116e-04
9.050836674338545978e-04
8.405216646167625559e-04
7.803010662055278853e-04
7.241564718346568457e-04
6.718359420265164385e-04
6.231006242490669559e-04
5.777243487453857058e-04
5.354932013235568422e-04
4.962050793867244045e-04
4.596692366645717355e-04
4.257058213718311907e-04
3.941454118599008270e-04
3.648285532377496497e-04
3.376052979119851106e-04
3.123347525276588886e-04
2.888846333757686563e-04
2.671308319656789921e-04
2.469569921362734714e-04
2.282540997944402356e-04
