1.074743046006505776e-01
7.210768156362497294e-02
4.584280468829736443e-02
2.694944890443429220e-02
1.397455162901999060e-02
5.702248853189671729e-03
1.119281636227840993e-03
-6.149133034563172839e-04
-1.940307389473455713e-04
1.812830707695223253e-03
4.941988990377663149e-03
8.818687415719270173e-03
1.314293797100379857e-02
1.767738990065634286e-02
2.223695331806445352e-02
2.667994196066757195e-02
3.090052931484388310e-02
3.482233875343164475e-02
3.839301148472805403e-02
4.157961639794363617e-02
4.436478365114716882e-02
4.674345938806685752e-02
4.872019255831806089e-02
5.030687668863593337e-02
5.152087981944399042e-02
5.238350486575966969e-02
5.291873054631343609e-02
5.315218989277523814e-02
5.311034932798951169e-02
5.281985649886554446e-02
5.230702956347416110e-02
5.159746454861793841e-02
5.071574078894714593e-02
4.968520739770139472e-02
4.852783626041979465e-02
4.726412923740591632e-02
4.591306915302859060e-02
4.449210577922728393e-02
4.301716942116057263e-02
4.150270591480246379e-02
3.996172787570696772e-02
3.840587791807845153e-02
3.684550031375088269e-02
3.528971819919248659e-02
3.374651398047513046e-02
3.222281104457934420e-02
3.072455527202518771e-02
2.925679517069963709e-02
2.782375972264305303e-02
2.642893326206108978e-02
2.507512689053020827e-02
2.376454608997330409e-02
2.249885432043074313e-02
2.127923249220735336e-02
2.010643428431590357e-02
1.898083734642981579e-02
1.790249047252910966e-02
1.687115687341112294e-02
1.588635370424662865e-02
1.494738802410601822e-02
1.405338937832061388e-02
1.320333920292581821e-02
1.239609725431089701e-02
1.163042526746829730e-02
1.090500804364768171e-02
1.021847216340822026e-02
9.569402514558063982e-03
8.956356816712696123e-03
8.377878315559611488e-03
7.832506810686401186e-03
7.318788171257879088e-03
6.835282484115026529e-03
6.380570969172755409e-03
5.953261787441384290e-03
5.551994857685869575e-03
5.175445788741433149e-03
4.822329025879716971e-03
4.491400301403870171e-03
4.181458471869806126e-03
3.891346816998613248e-03
3.619953868466951972e-03
3.366213830337195980e-03
3.129106646909610937e-03
2.907657768233678185e-03
2.700937658390002282e-03
2.508061086931003859e-03
2.328186239528602132e-03
2.160513679900647691e-03
2.004285191454160866e-03
1.858782523771494288e-03
1.723326066054862819e-03
1.597273466914354585e-03
1.480018217415018759e-03
1.370988212070353533e-03
1.269644300464044164e-03
1.175478840381604783e-03
1.088014261721670373e-03
1.006801649017478742e-03
9.314193491175713942e-04
8.614716094371093315e-04
