1.093877974951524418e-01
7.428322642143179999e-02
4.822538711687555935e-02
2.949099206526252515e-02
1.663320443594543466e-02
8.441736314238664635e-03
3.908312957049873970e-03
2.196816939745757646e-03
2.617510546980506003e-03
4.604809143386637271e-03
7.698143720060252049e-03
1.152550839478092004e-02
1.578933927295619877e-02
2.025441557095684908e-02
2.473751298797605136e-02
2.909857362725341845e-02
3.323318687869820931e-02
3.706620208311775522e-02
4.054631694564637956e-02
4.364150594320424792e-02
4.633517072285123217e-02
4.862291001922055406e-02
5.050982019852354871e-02
5.200824940092589610e-02
5.313593861140648161e-02
5.391449202574785660e-02
5.436812695539228885e-02
5.452266037548821748e-02
5.440469519041505470e-02
5.404097448116158831e-02
5.345787650656736584e-02
5.268102714126897401e-02
5.173500982248969982e-02
5.064315601167972136e-02
4.942740171349055411e-02
4.810819778456608409e-02
4.670446365280719186e-02
4.523357569324284316e-02
4.371138290369219054e-02
4.215224372202486941e-02
4.056907885325856944e-02
3.897343585190955056e-02
3.737556195296311973e-02
3.578448228104297302e-02
3.420808110707527355e-02
3.265318427825350533e-02
3.112564133197527963e-02
2.963040612770716925e-02
2.817161510117243209e-02
2.675266247044200130e-02
2.537627191001359805e-02
2.404456436248809947e-02
2.275912178291976395e-02
2.152104671258529139e-02
2.033101766045616529e-02
1.918934033522894100e-02
1.809599482109004037e-02
1.705067882879430369e-02
1.605284718212119863e-02
1.510174772004595385e-02
1.419645380848174807e-02
1.333589366345395294e-02
1.251887669110887669e-02
1.174411704992755698e-02
1.101025463766028972e-02
1.031587370044859293e-02
9.659519254886202513e-03
9.039711505826860186e-03
8.454958433937908441e-03
7.903766717622842664e-03
7.384651144236855855e-03
6.896142655694362592e-03
6.436795163773474313e-03
6.005191260784662963e-03
5.599946941885405351e-03
5.219715446262594358e-03
4.863190315724141150e-03
4.529107760977482515e-03
4.216248418050475878e-03
3.923438569943022911e-03
3.649550901689974092e-03
3.393504850566200250e-03
3.154266607164505493e-03
2.930848817515117020e-03
2.722310031276021190e-03
2.527753936289336197e-03
2.346328415450411875e-03
2.177224457853552120e-03
2.019674952539979133e-03
1.872953389858728534e-03
1.736372492438813817e-03
1.609282795040112594e-03
1.491071190081329646e-03
1.381159453416300024e-03
1.279002762926293542e-03
1.184088220698176555e-03
1.095933387949198697e-03
1.014084840423167856e-03
9.381167507046703170e-04
8.676295027640297053e-04
