1.013708875436869633e-01
6.883685118863379360e-02
4.457451843474571906e-02
2.701893601155416075e-02
1.485523937271303330e-02
6.982643265191528642e-03
2.483266853893884019e-03
5.951759680536891639e-04
6.891009938602213336e-04
2.248355818715477850e-03
4.851542096194108589e-03
8.157674885648114049e-03
1.189341125718043624e-02
1.584210347654983753e-02
1.983443354585287532e-02
2.374041674980141570e-02
2.746258895270332900e-02
3.093021615745909780e-02
3.409438567230506367e-02
3.692385648462348513e-02
3.940156242384843660e-02
4.152167568092907796e-02
4.328715048144136240e-02
4.470767739627894144e-02
4.579798810575905904e-02
4.657645857554423841e-02
4.706396570193271262e-02
4.728295866833787109e-02
4.725671163733089625e-02
4.700872908305824688e-02
4.656227913478143410e-02
4.594003383075899449e-02
4.516379824040552687e-02
4.425431306109504914e-02
4.323111758634196056e-02
4.211246192021182722e-02
4.091525901887294037e-02
3.965506860941586664e-02
3.834610629929838949e-02
3.700127227402358332e-02
3.563219490955928104e-02
3.424928542021295208e-02
3.286180034023358787e-02
3.147790921407334075e-02
3.010476535974664081e-02
2.874857798404855530e-02
2.741468427796228680e-02
2.610762041447189583e-02
2.483119061707988670e-02
2.358853367245904165e-02
2.238218643077494879e-02
2.121414397744618083e-02
2.008591627490795284e-02
1.899858116615794207e-02
1.795283370680632318e-02
1.694903185188103428e-02
1.598723857021418573e-02
1.506726049496378769e-02
1.418868324551654514e-02
1.335090357521854718e-02
1.255315851241032600e-02
1.179455167022591330e-02
1.107407690450444224e-02
1.039063949976602730e-02
9.743075061202369908e-03
9.130166286598391176e-03
8.550657786515241526e-03
8.003269114325228459e-03
7.486706160127768774e-03
6.999671054464529953e-03
6.540870719314623334e-03
6.109024195267978227e-03
5.702868865191645584e-03
5.321165686234723656e-03
4.962703533752515009e-03
4.626302752737099754e-03
4.310818004671011089e-03
4.015140490408192729e-03
3.738199622756124656e-03
3.478964215898652877e-03
3.236443252666169543e-03
3.009686284928174502e-03
2.797783517046772452e-03
2.599865617378859656e-03
2.415103298236710543e-03
2.242706700496696799e-03
2.081924615166934507e-03
1.932043570669649164e-03
1.792386811344403100e-03
1.662313189715659747e-03
1.541215992374219117e-03
1.428521716878298131e-03
1.323688814869149969e-03
1.226206414600661179e-03
1.135593034285991426e-03
1.051395296051373628e-03
9.731866488425632445e-04
9.005661073392561868e-04
8.331570127836200341e-04
7.706058206086747065e-04
