8.021085316847184621e-02
6.271510151116482801e-02
4.932661747488088083e-02
3.927902224409160481e-02
3.192822110634079003e-02
2.673477404880108405e-02
2.324863760275730148e-02
2.109597454249596826e-02
1.996776543148602590e-02
1.960998892079427597e-02
1.981516666551933273e-02
2.041509419776725565e-02
2.127460148921776067e-02
2.228620661531732425e-02
2.336554321739489279e-02
2.444745763222981594e-02
2.548268487161402945e-02
2.643502430890521532e-02
2.727894616130674410e-02
2.799756881860408081e-02
2.858095491406936750e-02
2.902468089601270562e-02
2.932864085795797507e-02
2.949605062655940441e-02
2.953262268165187526e-02
2.944588647376607943e-02
2.924463218286285637e-02
2.893845899119898424e-02
2.853741157880753526e-02
2.805169084105096217e-02
2.749142681716925177e-02
2.686650354457678636e-02
2.618642704913985014e-02
2.546022897601825374e-02
2.469639948453477424e-02
2.390284399644870481e-02
2.308685921968837984e-02
2.225512458633161980e-02
2.141370585955407885e-02
2.056806819264530434e-02
1.972309637560899775e-02
1.888312039144652427e-02
1.805194473381576195e-02
1.723288021808016407e-02
1.642877725554465346e-02
1.564205976178060370e-02
1.487475903947303030e-02
1.412854711862007034e-02
1.340476915603031755e-02
1.270447459524665611e-02
1.202844687017359630e-02
1.137723150331218687e-02
1.075116250478268774e-02
1.015038702311635635e-02
9.574888234741195381e-03
9.024506487564351587e-03
8.498958736263837258e-03
7.997856323870603315e-03
7.520721176829029894e-03
7.067000489721113853e-03
6.636079981867916422e-03
6.227295811626735317e-03
5.839945235846157739e-03
5.473296102014711673e-03
5.126595259472370089e-03
4.799075973923465181e-03
4.489964426627195311e-03
4.198485376239206521e-03
3.923867057494916100e-03
3.665345386892687567e-03
3.422167541359632300e-03
3.193594971651271281e-03
2.978905908017275093e-03
2.777397411513713756e-03
2.588387020299960650e-03
2.411214036357252778e-03
2.245240494329898973e-03
2.089851850635094255e-03
1.944457427624255797e-03
1.808490644413490722e-03
1.681409063035112965e-03
1.562694275795385550e-03
1.451851657152099543e-03
1.348410001044172100e-03
1.251921062407301789e-03
1.161959019587264705e-03
1.078119872507031680e-03
1.000020789746798892e-03
9.272994161479784087e-04
8.596131511439223131e-04
7.966384067425937195e-04
7.380698529302863464e-04
6.836196572222844091e-04
6.330167241473812993e-04
5.860059396103863612e-04
5.423474243224258185e-04
5.018157998155566317e-04
4.641994699591502006e-04
4.292999203640855731e-04
3.969310375910150429e-04
