9.226710737302501464e-02
6.355348822240719509e-02
4.198051147447579012e-02
2.621018132352202074e-02
1.511723312584093912e-02
7.758597902177474109e-03
3.346957987267692308e-03
1.227872106501583238e-03
8.600122721436759266e-04
1.798111348922819264e-03
3.678269834379181702e-03
6.205314124086605543e-03
9.141936985942511473e-03
1.229938477081845422e-02
1.552948558727498818e-02
1.871783875073573800e-02
2.177800871133517280e-02
2.464658674870848221e-02
2.727900133131856697e-02
2.964597346849591475e-02
3.173052689662794051e-02
3.352547476766316870e-02
3.503131485200267764e-02
3.625447430864864318e-02
3.720585297167999100e-02
3.789962099346425028e-02
3.835223269465037194e-02
3.858162370740361724e-02
3.860656305707654834e-02
3.844613579264325592e-02
3.811933522173736877e-02
3.764474679708462723e-02
3.704030829469300706e-02
3.632313317059415736e-02
3.550938592633637314e-02
3.461419999252554613e-02
3.365163008845788173e-02
3.263463226405631523e-02
3.157506590399473956e-02
3.048371289590681710e-02
2.937030995491225413e-02
2.824359077282495578e-02
2.711133523760241026e-02
2.598042346018318224e-02
2.485689276347027854e-02
2.374599614198978290e-02
2.265226099951614738e-02
2.157954722339246872e-02
2.053110386506373092e-02
1.950962387228660777e-02
1.851729646461063028e-02
1.755585686440594081e-02
1.662663319471405915e-02
1.573059043578382485e-02
1.486837139714071096e-02
1.404033471384941167e-02
1.324658991635827010e-02
1.248702965475054043e-02
1.176135918191286052e-02
1.106912321738059979e-02
1.040973032555734742e-02
9.782474949590105537e-03
9.186557246225472012e-03
8.621100868165284051e-03
8.085168839365044699e-03
7.577777665864460742e-03
7.097909820517970744e-03
6.644524734746203726e-03
6.216568424441998482e-03
5.812981870671220935e-03
5.432708269001710298e-03
5.074699254329702487e-03
4.737920201077583902e-03
4.421354691710173250e-03
4.124008239737102753e-03
3.844911346796274759e-03
3.583121967093124208e-03
3.337727446434428889e-03
3.107845997365775177e-03
2.892627766512098630e-03
2.691255545136864505e-03
2.502945169178916011e-03
2.326945650592707714e-03
2.162539077700787425e-03
2.009040318457055128e-03
1.865796557004033469e-03
1.732186690673598751e-03
1.607620611614588545e-03
1.491538394517452713e-03
1.383409409430689813e-03
1.282731376411332287e-03
1.189029376707047584e-03
1.101854833316303749e-03
1.020784472101143826e-03
9.454192731209883592e-04
8.753834205025822759e-04
8.103232579482692443e-04
7.499062559007158187e-04
6.938199954158794222e-04
6.417711729372776357e-04
