1.002729994340320063e-01
6.684102016100729182e-02
4.199631213958633646e-02
2.410917263461889726e-02
1.181067338367899899e-02
3.955087662019001610e-03
-4.126362434245661737e-04
-2.084999798157745332e-03
-1.716242550515771625e-03
1.567104827004117684e-04
3.096208352589252533e-03
6.748360687293744609e-03
1.082971877314982401e-02
1.511586059823283312e-02
1.943162596187775204e-02
2.364277998972726114e-02
2.764891168385354148e-02
3.137739895105842725e-02
3.477829330451490120e-02
3.781999649099698768e-02
4.048561798175454030e-02
4.276991686535881743e-02
4.467674444775281140e-02
4.621691502074058711e-02
4.740644200141932996e-02
4.826508514452716725e-02
4.881516193973314821e-02
4.908058276075377702e-02
4.908607495101818818e-02
4.885656591542519855e-02
4.841669953102631374e-02
4.779046387167242005e-02
4.700091143347639999e-02
4.606995581146568208e-02
4.501823116755341442e-02
4.386500289378005013e-02
4.262811965462981467e-02
4.132399852487754488e-02
3.996763625708438239e-02
3.857264084373290824e-02
3.715127850774013751e-02
3.571453208327471374e-02
3.427216745527161129e-02
3.283280532722526734e-02
3.140399609709542544e-02
2.999229605297600021e-02
2.860334346444011466e-02
2.724193345165259322e-02
2.591209077065960431e-02
2.461713986687036684e-02
2.335977172582874573e-02
2.214210719630174684e-02
2.096575658012667792e-02
1.983187538017170543e-02
1.874121617563426906e-02
1.769417665570947179e-02
1.669084389097039156e-02
1.573103495881398445e-02
1.481433406692699364e-02
1.394012633852865016e-02
1.310762843652667556e-02
1.231591621185263753e-02
1.156394956511547049e-02
1.085059471116987806e-02
1.017464403395020901e-02
9.534833714565175630e-03
8.929859309686094537e-03
8.358389450105247268e-03
7.819077821337758888e-03
7.310573579573033560e-03
6.831530347382474937e-03
6.380613924547424119e-03
5.956508840334797522e-03
5.557923864638047128e-03
5.183596586709924084e-03
4.832297161812020535e-03
4.502831318046645985e-03
4.194042707955781060e-03
3.904814682194291883e-03
3.634071555724438692e-03
3.380779430541125744e-03
3.143946632922137337e-03
2.922623817597703143e-03
2.715903786039368991e-03
2.522921061265261979e-03
2.342851257132082081e-03
2.174910276015486459e-03
2.018353365051807433e-03
1.872474057705921695e-03
1.736603024322967226e-03
1.610106852496473191e-03
1.492386775522789493e-03
1.382877364893214840e-03
1.281045200682742313e-03
1.186387531810558600e-03
1.098430936456027155e-03
1.016729991398959958e-03
9.408659576999631007e-04
8.704454889314792521e-04
8.050993670999576210e-04
