1.012503059532133265e-01
6.726465946180312794e-02
4.201656025190364518e-02
2.384760328890526276e-02
1.136474664572900348e-02
3.402078840153102690e-03
-1.012279002347515888e-03
-2.684792080348587240e-03
-2.281227159105864155e-03
-3.479682817443263687e-04
2.669625433050035190e-03
6.411433306992120329e-03
1.058901971117839902e-02
1.497401806895370946e-02
1.938819390844098711e-02
2.369496142008824247e-02
2.779215675930171714e-02
3.160589658182719197e-02
3.508537243217477175e-02
3.819845099597780902e-02
4.092796720507298203e-02
4.326861204000718997e-02
4.522432986519626247e-02
4.680615148341165516e-02
4.803039900825869374e-02
4.891720730177973736e-02
4.948931426431368852e-02
4.977107883183285592e-02
4.978769125239937421e-02
4.956454518395460307e-02
4.912674547346339987e-02
4.849872922432794942e-02
4.770398100689690613e-02
4.676482587900847310e-02
4.570228631529749119e-02
4.453599124414178712e-02
4.328412720231428895e-02
4.196342317705957503e-02
4.058916204620267171e-02
3.917521267771512106e-02
3.773407773600799542e-02
3.627695308503535443e-02
3.481379539724305944e-02
3.335339518921900948e-02
3.190345302418500645e-02
3.047065706093783979e-02
2.906076049956885649e-02
2.767865778590572132e-02
2.632845869749364173e-02
2.501355965134082274e-02
2.373671175389137702e-02
2.250008526222410307e-02
2.130533024702634115e-02
2.015363334654222613e-02
1.904577057996492684e-02
1.798215625166441067e-02
1.696288802682732050e-02
1.598778829677098209e-02
1.505644198030057015e-02
1.416823092764768303e-02
1.332236510716046027e-02
1.251791076320285176e-02
1.175381573767476755e-02
1.102893214804286093e-02
1.034203661249625400e-02
9.691848208419118205e-03
9.077044344312340182e-03
8.496274718021699229e-03
7.948173525991971550e-03
7.431370079553585584e-03
6.944497975197090611e-03
6.486202956592490056e-03
6.055149596918417594e-03
5.650026921001912589e-03
5.269553077927893042e-03
4.912479166229570884e-03
4.577592305571362603e-03
4.263718041020718615e-03
3.969722158600523521e-03
3.694511983833192580e-03
3.437037228437044446e-03
3.196290444214427030e-03
2.971307137472601733e-03
2.761165592032236056e-03
2.564986443990670620e-03
2.381932046901914877e-03
2.211205661894524808e-03
2.052050503453552426e-03
1.903748668123948339e-03
1.765619970230315316e-03
1.637020705832286380e-03
1.517342363526274704e-03
1.406010298344259959e-03
1.302482382870201461e-03
1.206247647776934875e-03
1.116824922264486770e-03
1.033761483338351776e-03
9.566317214887269400e-04
8.850358291045776898e-04
8.185985168666583310e-04
