0.000000000000000000e+00
1.898724926052706291e-02
3.436074719300098029e-02
4.663633465785203824e-02
5.626440085129569280e-02
6.363766899203329719e-02
6.909809292069414577e-02
7.294296332116464998e-02
7.543031153761636798e-02
7.678368937501296732e-02
7.719639471262430830e-02
7.683520512080135867e-02
7.584367485356643956e-02
7.434504450626487626e-02
7.244480720057237810e-02
7.023297031872730023e-02
6.778604749247293948e-02
6.516881170394915601e-02
6.243583692565374960e-02
5.963285266987402439e-02
5.679793309466062839e-02
5.396253988770949306e-02
5.115243598945075354e-02
4.838848529362359263e-02
4.568735175209047428e-02
4.306210978777315346e-02
4.052277656497167008e-02
3.807677546172386768e-02
3.572933901799235645e-02
3.348385868178494623e-02
3.134218782983507617e-02
2.930490378859757980e-02
2.737153391470126262e-02
2.554075020240767144e-02
2.381053636081305672e-02
2.217833083814499742e-02
2.064114885798968776e-02
1.919568616679148687e-02
1.783840686827976862e-02
1.656561743395259037e-02
1.537352872524014487e-02
1.425830763879414216e-02
1.321611978821594230e-02
1.224316446051906121e-02
1.133570293111651507e-02
1.049008108480990395e-02
9.702747170073185851e-03
8.970265408033972765e-03
8.289326084326201910e-03
7.656752669970684141e-03
7.069506445343076359e-03
6.524689037968657047e-03
6.019543229320798057e-03
5.551452337093210239e-03
5.117938436762947685e-03
4.716659648950314275e-03
4.345406686483516308e-03
4.002098826630260710e-03
3.684779449170988170e-03
3.391611259420185525e-03
3.120871296564864568e-03
2.870945811439726356e-03
2.640325083792542573e-03
2.427598236942718913e-03
2.231448097263642478e-03
2.050646136915684672e-03
1.884047530537313105e-03
1.730586350003384451e-03
1.589270915739148188e-03
1.459179318309365963e-03
1.339455119972989905e-03
1.229303242507569097e-03
1.127986044777919963e-03
1.034819591175467060e-03
9.491701101219938205e-04
8.704506402564452352e-04
7.981178606554878386e-04
7.316691004334205904e-04
6.706395222862831249e-04
6.145994739550358779e-04
5.631520011541608917e-04
5.159305152196911855e-04
4.725966085523761748e-04
4.328380108484379302e-04
3.963666791056553833e-04
3.629170144521805361e-04
3.322441989572681807e-04
3.041226457365933601e-04
2.783445558510532587e-04
2.547185757092766071e-04
2.330685489140686705e-04
2.132323567361803034e-04
1.950608416505678901e-04
1.784168086268365049e-04
1.631740991236508903e-04
1.492167329939560346e-04
1.364381137616965255e-04
1.247402929796824272e-04
1.140332896209168460e-04
1.042344606910508375e-04
