0.000000000000000000e+00
1.653890849107967492e-02
2.993004651240308012e-02
4.062273901196847281e-02
4.900929904151760108e-02
5.543180950559876280e-02
6.018813046812857698e-02
6.353721799739174558e-02
6.570383117936896833e-02
6.688269557933715359e-02
6.724218397699167904e-02
6.692756854612413875e-02
6.606389271130871932e-02
6.475850561516401094e-02
6.310329740259158771e-02
6.117666931212455139e-02
5.904526880471732547e-02
5.676551660828083740e-02
5.438494956845035810e-02
5.194340053350651742e-02
4.947403412920602789e-02
4.700425516635840795e-02
4.455650454245168451e-02
4.214895582357672948e-02
3.979612420206980056e-02
3.750939819879083731e-02
3.529750329900763900e-02
3.316690566158175119e-02
3.112216310836669192e-02
2.916622977176381096e-02
2.730072004192376708e-02
2.552613680103209964e-02
2.384206835146175651e-02
2.224735792926644043e-02
2.074024923734955894e-02
1.931851102726759098e-02
1.797954339930379203e-02
1.672046817208295427e-02
1.553820539104970762e-02
1.442953779555378700e-02
1.339116484346787941e-02
1.241974769699382038e-02
1.151194640072804309e-02
1.066445033060796008e-02
9.874002857778643033e-03
9.137421052682847405e-03
8.451611149990673894e-03
7.813580402749350021e-03
7.220445872926049835e-03
6.669440634075284903e-03
6.157917799062035888e-03
5.683352730616588085e-03
5.243343744099103650e-03
4.835611569425740143e-03
4.457997801955020621e-03
4.108462539633390281e-03
3.785081375304052195e-03
3.486041888305512967e-03
3.209639757894991365e-03
2.954274602244772070e-03
2.718445630438343780e-03
2.500747180738915800e-03
2.299864206150678547e-03
2.114567757709389512e-03
1.943710506816866872e-03
1.786222340091252105e-03
1.641106053480876443e-03
1.507433166642014287e-03
1.384339873685027375e-03
1.271023142239230842e-03
1.166736969277374974e-03
1.070788799191012232e-03
9.825361071432554220e-04
9.013831486800865387e-04
8.267778748979201725e-04
7.582090110931338214e-04
6.952032957148303674e-04
6.373228755666009463e-04
5.841628525229742479e-04
5.353489765123503087e-04
4.905354791449405803e-04
4.494030421095971881e-04
4.116568943081006004e-04
3.770250316229613731e-04
3.452565532106783869e-04
3.161201082643731361e-04
2.894024472870797347e-04
2.649070720506744984e-04
2.424529785776350645e-04
2.218734876668983268e-04
2.030151576854322506e-04
1.857367745589414386e-04
1.699084141144398968e-04
1.554105721508715256e-04
1.421333578387706212e-04
1.299757462738655950e-04
1.188448862306439269e-04
1.086554593787519255e-04
9.932908743647980655e-05
9.079378394058524075e-05
