0.000000000000000000e+00
-7.091445596418730849e-04
-1.283321064721199998e-03
-1.741795378070233949e-03
-2.101388843520051158e-03
-2.376769069325317552e-03
-2.580707505547261398e-03
-2.724307502029639678e-03
-2.817206132654278671e-03
-2.867752713539215015e-03
-2.883166623204933346e-03
-2.869676747419028836e-03
-2.832644616799051985e-03
-2.776673078051074186e-03
-2.705702137033208932e-03
-2.623093431050900655e-03
-2.531704626580461633e-03
-2.433954894891305482e-03
-2.331882489927636620e-03
-2.227195338646575148e-03
-2.121315452297570410e-03
-2.015417876531553319e-03
-1.910464817553104381e-03
-1.807235509707077244e-03
-1.706352325968264055e-03
-1.608303575925810894e-03
-1.513463385261060081e-03
-1.422109005727410259e-03
-1.334435864645411611e-03
-1.250570627382492205e-03
-1.170582514709363328e-03
-1.094493088881249567e-03
-1.022284697395109149e-03
-9.539077412789333504e-04
-8.892869151682938856e-04
-8.283265490438675507e-04
-7.709151660968466182e-04
-7.169293575384956020e-04
-6.662370630809145945e-04
-6.187003351147847942e-04
-5.741776551417896021e-04
-5.325258626467492280e-04
-4.936017491945264915e-04
-4.572633640001423270e-04
-4.233710714500077714e-04
-3.917883959610779553e-04
-3.623826850760466871e-04
-3.350256177378691295e-04
-3.095935812049386031e-04
-2.859679370050242247e-04
-2.640351936333633874e-04
-2.436871013353937977e-04
-2.248206822394357410e-04
-2.073382072855102618e-04
-1.911471298034526456e-04
-1.761599841999764865e-04
-1.622942569968486627e-04
-1.494722363999339925e-04
-1.376208456530922028e-04
-1.266714646253705066e-04
-1.165597433801223581e-04
-1.072254108677872796e-04
-9.861208135872333075e-05
-9.066706077867882016e-05
-8.334115471836362312e-05
-7.658847955230427187e-05
-7.036627781385926229e-05
-6.463473872683124402e-05
-5.935682458419412388e-05
-5.449810348633406405e-05
-5.002658880072715383e-05
-4.591258557850511605e-05
-4.212854405767734849e-05
-3.864892029507908223e-05
-3.545004389693280882e-05
-3.250999275908323635e-05
-2.980847468060988213e-05
-2.732671567698271591e-05
-2.504735478976593833e-05
-2.295434516784093497e-05
-2.103286117911433223e-05
-1.926921130075881955e-05
-1.765075652937493471e-05
-1.616583404935293707e-05
-1.480368589753738249e-05
-1.355439236452573135e-05
-1.240880987710689453e-05
-1.135851311207841565e-05
-1.039574109863603795e-05
-9.513347074422191202e-06
-8.704751868910242320e-06
-7.963900596882977784e-06
-7.285222454167397922e-06
-6.663593417368671278e-06
-6.094301658985471287e-06
-5.573015498889625091e-06
-5.095753722633768720e-06
-4.658858106348976569e-06
-4.258967997057542402e-06
-3.892996806016098172e-06
