0.000000000000000000e+00
-5.308817800029732963e-03
-9.607233982004493092e-03
-1.303947718611641639e-02
-1.573147582616583537e-02
-1.779303496055375730e-02
-1.931976457527723179e-02
-2.039478687791585268e-02
-2.109024720000805472e-02
-2.146865042496984288e-02
-2.158404246582924443e-02
-2.148305418111538453e-02
-2.120582321101861789e-02
-2.078680751505053437e-02
-2.025550287506179201e-02
-1.963707527409735976e-02
-1.895291785471150264e-02
-1.822114108439884528e-02
-1.745700379673971459e-02
-1.667329192220179043e-02
-1.588065096109988333e-02
-1.508787757299049313e-02
-1.430217505282487152e-02
-1.352937692650984028e-02
-1.277414241998446956e-02
-1.204012713012747246e-02
-1.133013184705921987e-02
-1.064623214059621896e-02
-9.989891024201436737e-03
-9.362056743684715049e-03
-8.763247501512229365e-03
-8.193624717641012634e-03
-7.653056241409974571e-03
-7.141170763610178197e-03
-6.657404531120094532e-03
-6.201041336370182594e-03
-5.771246638562179537e-03
-5.367096571376571944e-03
-4.987602501399272630e-03
-4.631731721386226838e-03
-4.298424791604475888e-03
-3.986609979808579222e-03
-3.695215195013369560e-03
-3.423177761289408587e-03
-3.169452334607949541e-03
-2.933017227649127416e-03
-2.712879373883712690e-03
-2.508078132632035953e-03
-2.317688110736907097e-03
-2.140821153555404720e-03
-1.976627637816160462e-03
-1.824297181184493305e-03
-1.683058867842536195e-03
-1.552181075773110576e-03
-1.430970979510344738e-03
-1.318773791687945750e-03
-1.214971797601583975e-03
-1.118983229048474675e-03
-1.030261016776670528e-03
-9.482914548461208147e-04
-8.725928049646045721e-04
-8.027138643182769265e-04
-7.382325164837358952e-04
-6.787542816112246283e-04
-6.239108791405239239e-04
-5.733588137936520895e-04
-5.267779934301501828e-04
-4.838703855058266567e-04
-4.443587173043378382e-04
-4.079852237775372765e-04
-3.745104457040334582e-04
-3.437120799285958380e-04
-3.153838826538862589e-04
-2.893346260994581181e-04
-2.653871083025928718e-04
-2.433772153951498205e-04
-2.231530353360878388e-04
-2.045740217982929443e-04
-1.875102066900461806e-04
-1.718414596265132243e-04
-1.574567925468201284e-04
-1.442537075905420975e-04
-1.321375862975790341e-04
-1.210211181721150569e-04
-1.108237666500389772e-04
-1.014712705258867038e-04
-9.289517892661844627e-05
-8.503241796246086026e-05
-7.782488723711119194e-05
-7.121908445868750431e-05
-6.516575645711841129e-05
-5.961957498165275051e-05
-5.453883572256692689e-05
-4.988517907287194929e-05
-4.562333121798430730e-05
-4.172086421319821025e-05
-3.814797377977170159e-05
-3.487727362004828873e-05
-3.188360511988477548e-05
-2.914386137246030293e-05
