0.000000000000000000e+00
-1.634997346977403593e-02
-2.958813555869355821e-02
-4.015867827513937283e-02
-4.844943301628518162e-02
-5.479857484470206097e-02
-5.950056116943660406e-02
-6.281138983028430878e-02
-6.495325233975379753e-02
-6.611864978265860615e-02
-6.647403150373852598e-02
-6.616301013551217913e-02
-6.530920064782239076e-02
-6.401872586218204653e-02
-6.238242620086475315e-02
-6.047780727258135480e-02
-5.837075517973214223e-02
-5.611704611849031854e-02
-5.376367388928669777e-02
-5.135001630311559345e-02
-4.890885912401636559e-02
-4.646729409930241972e-02
-4.404750576906991955e-02
-4.166746009060058598e-02
-3.934150643947348369e-02
-3.708090323785236814e-02
-3.489427629394677155e-02
-3.278801789935772981e-02
-3.076663380888914473e-02
-2.883304440791072468e-02
-2.698884564431390520e-02
-2.523453465552444319e-02
-2.356970444701283682e-02
-2.199321146932156634e-02
-2.050331948871128573e-02
-1.909782274578283520e-02
-1.777415104121406186e-02
-1.652945907302199799e-02
-1.536070207103359432e-02
-1.426469952752032824e-02
-1.323818860465668379e-02
-1.227786860642337760e-02
-1.138043773196287071e-02
-1.054262317668706872e-02
-9.761205514392136753e-03
-9.033038176255520774e-03
-8.355062739099368418e-03
-7.724320644122413190e-03
-7.137961887022550855e-03
-6.593251149807001499e-03
-6.087571782504071910e-03
-5.618427988465336982e-03
-5.183445519102063484e-03
-4.780371141958111338e-03
-4.407071109292858002e-03
-4.061528822219226745e-03
-3.741841857371393156e-03
-3.446218498582147381e-03
-3.172973894705266411e-03
-2.920525946145799932e-03
-2.687391006526366598e-03
-2.472179471925014388e-03
-2.273591318007938712e-03
-2.090411634917458371e-03
-1.921506200757884400e-03
-1.765817126768754602e-03
-1.622358600627717877e-03
-1.490212748643453744e-03
-1.368525632759153010e-03
-1.256503394180376451e-03
-1.153408551971759613e-03
-1.058556462051103101e-03
-9.713119395727780716e-04
-8.910860456704007559e-04
-8.173330378645017385e-04
-7.495474820845978662e-04
-6.872615231632455725e-04
-6.300423097941565105e-04
-5.774895692741481524e-04
-5.292333268406766407e-04
-4.849317640476953606e-04
-4.442692103708466766e-04
-4.069542620794585112e-04
-3.727180223411298327e-04
-3.413124565206245541e-04
-3.125088566861759613e-04
-2.860964094325515084e-04
-2.618808612624049610e-04
-2.396832759277965099e-04
-2.193388783157364317e-04
-2.006959796596663795e-04
-1.836149790681772742e-04
-1.679674365790702990e-04
-1.536352131677631199e-04
-1.405096733612856816e-04
-1.284909463304646316e-04
-1.174872415514824651e-04
-1.074142153423772970e-04
-9.819438478901048478e-05
-8.975658577769039120e-05
