0.000000000000000000e+00
-1.979822416838664806e-02
-3.582834807644021818e-02
-4.862824494896970939e-02
-5.866754080432792784e-02
-6.635573267988421897e-02
-7.204937979594094877e-02
-7.605847058325999888e-02
-7.865205730550967056e-02
-8.006324001247543121e-02
-8.049357263609065172e-02
-8.011695607578325773e-02
-7.908307601074048010e-02
-7.752043683355827608e-02
-7.553903744099629836e-02
-7.323272957039225761e-02
-7.068129486954601026e-02
-6.795227287527322302e-02
-6.510256849920410815e-02
-6.217986443212509401e-02
-5.922386103851586675e-02
-5.626736378362170998e-02
-5.333723598307481967e-02
-5.045523265992282042e-02
-4.763872950929549932e-02
-4.490135938302543955e-02
-4.225356729405910228e-02
-3.970309368444068648e-02
-3.725539458404204807e-02
-3.491400629488317087e-02
-3.268086135429655592e-02
-3.055656174724662513e-02
-2.854061464302968740e-02
-2.663163531471947343e-02
-2.482752135249592651e-02
-2.312560179673169361e-02
-2.152276438657623955e-02
-2.001556373867222072e-02
-1.860031293312717007e-02
-1.727316068509985453e-02
-1.603015601602666984e-02
-1.486730210476154730e-02
-1.378060079230700695e-02
-1.276608903132145541e-02
-1.181986841048362179e-02
-1.093812874165923238e-02
-1.011716657249780646e-02
-9.353399376674694995e-03
-8.643376076782447945e-03
-7.983784469355232477e-03
-7.371456046333656718e-03
-6.803368641252707794e-03
-6.276647270499836721e-03
-5.788563489203090405e-03
-5.336533536834312322e-03
-4.918115508707976598e-03
-4.531005755565605149e-03
-4.173034683775127610e-03
-3.842162102828286779e-03
-3.536472244329774434e-03
-3.254168557134090589e-03
-2.993568366342529933e-03
-2.753097469205919266e-03
-2.531284728309192000e-03
-2.326756711494242999e-03
-2.138232418589202256e-03
-1.964518126963146327e-03
-1.804502381045054813e-03
-1.657151145085212877e-03
-1.521503133464447615e-03
-1.396665328655529283e-03
-1.281808693410170811e-03
-1.176164080794563907e-03
-1.079018343247968191e-03
-9.897106398236556277e-04
-9.076289391291431086e-04
-8.322067141605481297e-04
-7.629198241778681290e-04
-6.992835779538819976e-04
-6.408499721142094183e-04
-5.872050978392285127e-04
-5.379667088937306824e-04
-4.927819437642696121e-04
-4.513251945973594729e-04
-4.132961156267512919e-04
-3.784177638402392478e-04
-3.464348647529924769e-04
-3.171121963144636364e-04
-2.902330841700973625e-04
-2.655980017194147858e-04
-2.430232686518821877e-04
-2.223398418955132650e-04
-2.033921931756908503e-04
-1.860372676491737738e-04
-1.701435183473705198e-04
-1.555900114309992333e-04
-1.422655975229412354e-04
-1.300681446456887123e-04
-1.189038285428186466e-04
-1.086864764093282835e-04
