0.000000000000000000e+00
-1.182043615218485166e-02
-2.139114585600370919e-02
-2.903326377776552225e-02
-3.502717791177373946e-02
-3.961737652846942376e-02
-4.301674162485444319e-02
-4.541035032817882650e-02
-4.695883902063738985e-02
-4.780137898507479111e-02
-4.805830704379272095e-02
-4.783344990675324898e-02
-4.721617670114074822e-02
-4.628321036710564274e-02
-4.510022522598602923e-02
-4.372325501391584324e-02
-4.219993298658072239e-02
-4.057058330517248484e-02
-3.886918077818656003e-02
-3.712419413075768171e-02
-3.535932627783211490e-02
-3.359416356736089765e-02
-3.184474461495750974e-02
-3.012405815429507194e-02
-2.844247826201472609e-02
-2.680814436785970700e-02
-2.522729261743540327e-02
-2.370454440507471436e-02
-2.224315722762161551e-02
-2.084524241748078252e-02
-1.951195378693135890e-02
-1.824365074825072888e-02
-1.704003905919689726e-02
-1.590029197510423042e-02
-1.482315426212790256e-02
-1.380703123644820736e-02
-1.285006473743620023e-02
-1.195019771524494234e-02
-1.110522891178095627e-02
-1.031285893563506709e-02
-9.570728873732420317e-03
-8.876452442901002285e-03
-8.227642561210935651e-03
-7.621933109980514286e-03
-7.056996561158430763e-03
-6.530558059930133448e-03
-6.040406477576240607e-03
-5.584402883689463214e-03
-5.160486828817163057e-03
-4.766680777537073491e-03
-4.401092987090088164e-03
-4.061919087274257906e-03
-3.747442582713951878e-03
-3.456034468295915690e-03
-3.186152122010425022e-03
-2.936337616208034920e-03
-2.705215567988479130e-03
-2.491490631729545262e-03
-2.293944721332397910e-03
-2.111434036332585518e-03
-1.942885954361106733e-03
-1.787295842323807869e-03
-1.643723829910659004e-03
-1.511291581482160275e-03
-1.389179095860622543e-03
-1.276621557948805566e-03
-1.172906261292724689e-03
-1.077369616597627670e-03
-9.893942577071049987e-04
-9.084062535862916709e-04
-8.338724323419097108e-04
-7.652978212037846216e-04
-7.022232046308960786e-04
-6.442228012432008695e-04
-5.909020590772951680e-04
-5.418955676834108330e-04
-4.968650847918915873e-04
-4.554976746515675958e-04
-4.175039546563949554e-04
-3.826164465094421697e-04
-3.505880279065292314e-04
-3.211904805398287468e-04
-2.942131301107378679e-04
-2.694615739895033077e-04
-2.467564921561410298e-04
-2.259325370943419606e-04
-2.068372983796375924e-04
-1.893303377986593566e-04
-1.732822909522542857e-04
-1.585740314267822953e-04
-1.450958937611085040e-04
-1.327469515881815902e-04
-1.214343474868341099e-04
-1.110726712391388261e-04
-1.015833833493297035e-04
-9.289428084032593836e-05
-8.493900250192948473e-05
-7.765657091975410281e-05
-7.099096876501606590e-05
-6.489074697183316669e-05
