0.000000000000000000e+00
-4.963505068484806368e-03
-8.982330221152383040e-03
-1.219132272788083816e-02
-1.470821997271841257e-02
-1.663568473002432352e-02
-1.806310802205053634e-02
-1.906820536177297395e-02
-1.971842937842982479e-02
-2.007221931731571415e-02
-2.018010566814606999e-02
-2.008568617930393471e-02
-1.982648773304937495e-02
-1.943472696651852433e-02
-1.893798110466603235e-02
-1.835977920595693175e-02
-1.772012289325692463e-02
-1.703594463639039949e-02
-1.632151075615946231e-02
-1.558877552055221681e-02
-1.484769199195646282e-02
-1.410648465008483218e-02
-1.337188825064887683e-02
-1.264935687711808178e-02
-1.194324669548549669e-02
-1.125697552386417145e-02
-1.059316197462354010e-02
-9.953746611876418751e-03
-9.340097287188308187e-03
-8.753100567599285051e-03
-8.193240949029963194e-03
-7.660669351855658483e-03
-7.155262221171905350e-03
-6.676672399624662170e-03
-6.224372803486161870e-03
-5.797693810999657651e-03
-5.395855164179649659e-03
-5.017993089709321675e-03
-4.663183259961217915e-03
-4.330460140265811504e-03
-4.018833202282827075e-03
-3.727300424727548935e-03
-3.454859450909807117e-03
-3.200516726791658578e-03
-2.963294902880158222e-03
-2.742238747637593468e-03
-2.536419788673908125e-03
-2.344939870305079617e-03
-2.166933791689965982e-03
-2.001571168317780453e-03
-1.848057640771305979e-03
-1.705635538138277263e-03
-1.573584088918617962e-03
-1.451219259542658535e-03
-1.337893289465403191e-03
-1.232993982048392195e-03
-1.135943801919098552e-03
-1.046198822061757778e-03
-9.632475574137567284e-04
-8.866097161034968213e-04
-8.158348945674745488e-04
-7.505012385364737658e-04
-6.902140882037418115e-04
-6.346046227117096549e-04
-5.833285163562136827e-04
-5.360646165534800871e-04
-4.925136515971903538e-04
-4.523969745080377251e-04
-4.154553478089105913e-04
-3.814477728121263948e-04
-3.501503659519192941e-04
-3.213552838101706253e-04
-2.948696977436699286e-04
-2.705148184073624608e-04
-2.481249699628170543e-04
-2.275467133493974756e-04
-2.086380176641657882e-04
-1.912674784337977166e-04
-1.753135813576923671e-04
-1.606640099472332009e-04
-1.472149953741349530e-04
-1.348707067643894054e-04
-1.235426801277129418e-04
-1.131492840906364426e-04
-1.036152206001428788e-04
-9.487105878035800226e-05
-8.685280015401757590e-05
-7.950147348056081263e-05
-7.276275751137974645e-05
-6.658663001799819566e-05
-6.092704150907989313e-05
-5.574161211573055329e-05
-5.099135019037666979e-05
-4.664039123156296174e-05
-4.265575581447868876e-05
-3.900712527422129543e-05
-3.566663395516453492e-05
-3.260867690487919828e-05
-2.980973195449086225e-05
-2.724819518888275420e-05
