0.000000000000000000e+00
-1.135269916557511173e-02
-2.054469400143595428e-02
-2.788441181189726947e-02
-3.364114558310471459e-02
-3.804970913648536568e-02
-4.131456068649201618e-02
-4.361345382199795923e-02
-4.510066851191678328e-02
-4.590986900402080351e-02
-4.615663036885257059e-02
-4.594067087301199198e-02
-4.534782328971925097e-02
-4.445177461727223278e-02
-4.331560043117892861e-02
-4.199311720159847744e-02
-4.053007332690752168e-02
-3.896519733329756319e-02
-3.733111963940043132e-02
-3.565518245729028257e-02
-3.396015077290061301e-02
-3.226483589853645223e-02
-3.058464179863259677e-02
-2.893204324011255588e-02
-2.731700379536158158e-02
-2.574734081528488178e-02
-2.422904367997802053e-02
-2.276655091428994235e-02
-2.136299111527292793e-02
-2.002039206949258326e-02
-1.873986193264890257e-02
-1.752174589500467977e-02
-1.636576135754137795e-02
-1.527111429004261722e-02
-1.423659912851403010e-02
-1.326068429108873820e-02
-1.234158514491985083e-02
-1.147732603802801427e-02
-1.066579281653605438e-02
-9.904777076405728992e-03
-9.192013247217150143e-03
-8.525209471493407423e-03
-7.902073124606726756e-03
-7.320331715657654899e-03
-6.777749817338286041e-03
-6.272142591287120476e-03
-5.801386403583688560e-03
-5.363426961718187856e-03
-4.956285348628630683e-03
-4.578062280358891414e-03
-4.226940870783425612e-03
-3.901188148984550703e-03
-3.599155541646718946e-03
-3.319278503709843092e-03
-3.060075455020947778e-03
-2.820146158414820695e-03
-2.598169655163442594e-03
-2.392901856725995497e-03
-2.203172876910480197e-03
-2.027884175662097478e-03
-1.866005574490243795e-03
-1.716572193830166303e-03
-1.578681354225112965e-03
-1.451489475949829713e-03
-1.334209005434729969e-03
-1.226105391466603828e-03
-1.126494129526220281e-03
-1.034737888677916395e-03
-9.502437320656832763e-04
-8.724604392187432222e-04
-8.008759359606448629e-04
-7.350148356912158606e-04
-6.744360941188377694e-04
-6.187307781165344829e-04
-5.675199482198022092e-04
-5.204526533423386959e-04
-4.772040355277157048e-04
-4.374735419540708311e-04
-4.009832409420760165e-04
-3.674762383636899412e-04
-3.367151905929804349e-04
-3.084809099655090050e-04
-2.825710586061614435e-04
-2.587989264355319927e-04
-2.369922891621449091e-04
-2.169923421034771101e-04
-1.986527057455739957e-04
-1.818384990428296598e-04
-1.664254765708443043e-04
-1.522992257716278741e-04
-1.393544206679415151e-04
-1.274941285689558249e-04
-1.166291664399475016e-04
-1.066775037621345008e-04
-9.756370886306675670e-05
-8.921843585168719192e-05
-8.157794944395529502e-05
-7.458368511378174720e-05
-6.818184214911558304e-05
-6.232300733374459330e-05
