0.000000000000000000e+00
-3.240795845042055562e-02
-5.864786689619039262e-02
-7.960017668349832209e-02
-9.603362446067041647e-02
-1.086185210020349651e-01
-1.179385225132391773e-01
-1.245010528974977437e-01
-1.287465271388917587e-01
-1.310565095971328586e-01
-1.317609264007496006e-01
-1.311444380867284043e-01
-1.294520669980059047e-01
-1.268941635670515211e-01
-1.236507863509085231e-01
-1.198755624212915899e-01
-1.156990873460159580e-01
-1.112319174297414226e-01
-1.065672010273937265e-01
-1.017829905263318846e-01
-9.694427194507861112e-02
-9.210474495616886859e-02
-8.730838245380995177e-02
-8.259079550478334864e-02
-7.798042659973992985e-02
-7.349959152276183683e-02
-6.916538784495965264e-02
-6.499048599182323527e-02
-6.098381700625254975e-02
-5.715116950484052522e-02
-5.349570688189177192e-02
-5.001841453405344445e-02
-4.671848574064024762e-02
-4.359365382498916336e-02
-4.064047732641591637e-02
-3.785458411801206208e-02
-3.523087970142899095e-02
-3.276372428595918790e-02
-3.044708270674800418e-02
-2.827465074791962740e-02
-2.623996100370883447e-02
-2.433647102805916104e-02
-2.255763618496857761e-02
-2.089696931313964057e-02
-1.934808905477743146e-02
-1.790475846571495597e-02
-1.656091531891222546e-02
-1.531069533263925211e-02
-1.414844939552733008e-02
-1.306875572068349860e-02
-1.206642773800605667e-02
-1.113651842576237651e-02
-1.027432168765469653e-02
-9.475371298465417105e-03
-8.735437868572006395e-03
-8.050524213938394652e-03
-7.416859462550096788e-03
-6.830892179708502286e-03
-6.289282752291738658e-03
-5.788895235276265983e-03
-5.326788831831911347e-03
-4.900209150567861986e-03
-4.506579359498894335e-03
-4.143491335562208243e-03
-3.808696890640741149e-03
-3.500099139680971222e-03
-3.215744063317563413e-03
-2.953812306154862417e-03
-2.712611242261978028e-03
-2.490567331298111295e-03
-2.286218781808037597e-03
-2.098208532447879034e-03
-1.925277557071598030e-03
-1.766258495600789074e-03
-1.620069609301626754e-03
-1.485709056404402404e-03
-1.362249481836928268e-03
-1.248832913127547167e-03
-1.144665953200871538e-03
-1.049015259782408189e-03
-9.612033003967959720e-04
-8.806043714454133819e-04
-8.066408695447822765e-04
-7.387798031650991614e-04
-6.765295326001678940e-04
-6.194367264018559938e-04
-5.670835226029744772e-04
-5.190848833144720825e-04
-4.750861316006813051e-04
-4.347606598970510296e-04
-3.978077996273841855e-04
-3.639508420926244555e-04
-3.329352011329833930e-04
-3.045267085030435106e-04
-2.785100333399895029e-04
-2.546872175438744308e-04
-2.328763193221003349e-04
-2.129101575752220419e-04
-1.946351502153746943e-04
-1.779102399103281310e-04
