0.000000000000000000e+00
2.659527266615279578e-02
4.812879570240805732e-02
6.532310285482065271e-02
7.880905030033777403e-02
8.913672198952961312e-02
9.678508965263414587e-02
1.021705657299463998e-01
1.056545724506948447e-01
1.075502368574774575e-01
1.081283095858619897e-01
1.076223945084906902e-01
1.062335668035383346e-01
1.041344484865362741e-01
1.014728028430911949e-01
9.837470242008709842e-02
9.494731918703729068e-02
9.128138008904963796e-02
8.745332640833089477e-02
8.352721106963513498e-02
7.955636421051924534e-02
7.558485393960337473e-02
7.164876618044707657e-02
6.777732480509507385e-02
6.399387086402799629e-02
6.031671758618096374e-02
5.675989592528750405e-02
5.333380374152795617e-02
5.004577020750301114e-02
4.690054569454146088e-02
4.390072621109632200e-02
4.104712041324369565e-02
3.833906627357993452e-02
3.577470366617358649e-02
3.335120839012942207e-02
3.106499250245994478e-02
2.891187525315322068e-02
2.688722840338093889e-02
2.498609925440584481e-02
2.320331431341381839e-02
2.153356616741147408e-02
1.997148582232775860e-02
1.851170248693431372e-02
1.714889253605434566e-02
1.587781917111581384e-02
1.469336410517144142e-02
1.359055243116747032e-02
1.256457168392382216e-02
1.161078597570317124e-02
1.072474597036554393e-02
9.902195360119513123e-03
9.139074420188958783e-03
8.431521138888583775e-03
7.775870352378085743e-03
7.168651253621140425e-03
6.606583592814331551e-03
6.086572840891048795e-03
5.605704547861789337e-03
5.161238093032673863e-03
4.750599993933500055e-03
4.371376914541458790e-03
4.021308490625952539e-03
3.698280070337907344e-03
3.400315451147726490e-03
3.125569679567531504e-03
2.872321967481857377e-03
2.638968768098469593e-03
2.424017045288662242e-03
2.226077762213762076e-03
2.043859608454485013e-03
1.876162979216464870e-03
1.721874215442148687e-03
1.579960109695809556e-03
1.449462679399425059e-03
1.329494206290099227e-03
1.219232538763481092e-03
1.117916651991644533e-03
1.024842459296044323e-03
9.393588671625756337e-04
8.608640654593968308e-04
7.888020438179445129e-04
7.226593247280884477e-04
6.619619036486293134e-04
6.062723863177358697e-04
5.551873134413033576e-04
5.083346630207946680e-04
4.653715207386910596e-04
4.259819090346724326e-04
3.898747657664904348e-04
3.567820636454977130e-04
3.264570619589665982e-04
2.986726824319184729e-04
2.732200014338518603e-04
2.499068510950702227e-04
2.285565222588159041e-04
2.090065625554767275e-04
1.911076632406924676e-04
1.747226287879021563e-04
1.597254235657761417e-04
1.460002902606299556e-04
