0.000000000000000000e+00
3.439678892375924724e-02
6.224700335700442816e-02
8.448512669704140443e-02
1.019270718706558054e-01
1.152842856742623406e-01
1.251762424675434138e-01
1.321415060394043883e-01
1.366475190172317944e-01
1.390992618246431889e-01
1.398469076890200558e-01
1.391925863610107006e-01
1.373963568574300964e-01
1.346814785186263852e-01
1.312390598400640096e-01
1.272321557690896388e-01
1.227993763384021969e-01
1.180580625363700786e-01
1.131070791004273740e-01
1.080292683823097372e-01
1.028936045003819716e-01
9.775708259996573890e-02
9.266637412945631647e-02
8.765927555632654911e-02
8.276597484656265935e-02
7.801015727228433061e-02
7.340996965830619281e-02
6.897885999617067720e-02
6.472630741422119582e-02
6.065845576824589053e-02
5.677866258557387469e-02
5.308797373524778290e-02
4.958553298927736996e-02
4.626893456826570300e-02
4.313452581396441665e-02
4.017766628823399300e-02
3.739294885058338375e-02
3.477438760434346798e-02
3.231557701514706227e-02
3.000982598632596574e-02
2.785027021659039481e-02
2.582996575924301208e-02
2.394196634324705780e-02
2.217938669941151020e-02
2.053545385505884877e-02
1.900354811359913909e-02
1.757723521771185904e-02
1.625029100300960302e-02
1.501671968016631865e-02
1.387076673491254887e-02
1.280692730469117427e-02
1.181995077605800699e-02
1.090484224625616443e-02
1.005686140415710389e-02
9.271519308492124842e-03
8.544573473706683006e-03
7.872021614715798976e-03
7.250094350307401472e-03
6.675247120036074434e-03
6.144151530377235659e-03
5.653686311967690177e-03
5.200928040321190458e-03
4.783141746926117613e-03
4.397771525620710123e-03
4.042431220169861485e-03
3.714895262656552500e-03
3.413089718316727941e-03
3.135083580492953065e-03
2.879080349200176595e-03
2.643409918157303869e-03
2.426520787839524240e-03
2.226972615971857961e-03
2.043429111758295145e-03
1.874651275887096119e-03
1.719490984851655257e-03
1.576884915272920573e-03
1.445848801612406673e-03
1.325472018844006498e-03
1.214912480238418760e-03
1.113391839345243299e-03
1.020190984481476838e-03
9.346458135055556778e-04
8.561432763330835503e-04
7.841176724995633888e-04
7.180471910669058728e-04
6.574506802785829926e-04
6.018846345707790741e-04
5.509403868249650518e-04
5.042414940846692275e-04
4.614413053420550687e-04
4.222207004165879620e-04
3.862859893885719847e-04
3.533669625064564585e-04
3.232150809515252831e-04
2.956017993111334941e-04
2.703170110773367549e-04
2.471676089476193398e-04
2.259761521554344576e-04
2.065796334978804846e-04
1.888283391541904516e-04
