0.000000000000000000e+00
2.771344994276804877e-02
5.015233298216610625e-02
6.806956122609432447e-02
8.212251470221314242e-02
9.288440520721331917e-02
1.008543424602008909e-01
1.064662466343030550e-01
1.100967356714999262e-01
1.120721017940859848e-01
1.126744791346933200e-01
1.121472932566607572e-01
1.107000733855401653e-01
1.085126992934437040e-01
1.057391468568530113e-01
1.025107892435143248e-01
9.893930438392523063e-02
9.511923376608885650e-02
9.113023258567064244e-02
8.703904682215883593e-02
8.290124883670862976e-02
7.876275954683223390e-02
7.466118208030197989e-02
7.062696900382822718e-02
6.668444272396140127e-02
6.285268643491258300e-02
5.914632101080568444e-02
5.557618148165664740e-02
5.214990516935122389e-02
4.887244217083646508e-02
4.574649764169457650e-02
4.277291423730900100e-02
3.995100209585570467e-02
3.727882288387462939e-02
3.475343365916996191e-02
3.237109562651934586e-02
3.012745225957190812e-02
2.801768072884580976e-02
2.603662010328915491e-02
2.417887937466024414e-02
2.243892798396973989e-02
2.081117120202275947e-02
1.929001242690705012e-02
1.786990420582139708e-02
1.654538956312548437e-02
1.531113501753161854e-02
1.416195649594023144e-02
1.309283919686597859e-02
1.209895232032566319e-02
1.117565946134831990e-02
1.031852535903628361e-02
9.523319600685139358e-03
8.786017799372349696e-03
8.102800692332866664e-03
7.470051545184239888e-03
6.884352192605596235e-03
6.342477998494850180e-03
5.841391977109889992e-03
5.378238280519941940e-03
4.950335226212787369e-03
4.555168011354749670e-03
4.190381236482795986e-03
3.853771340877646615e-03
3.543279034132007857e-03
3.256981793142811783e-03
2.993086480614620421e-03
2.749922129894248699e-03
2.525932931325784551e-03
2.319671447111523732e-03
2.129792074703425447e-03
1.955044772869084669e-03
1.794269059633668909e-03
1.646388287169199592e-03
1.510404195275252045e-03
1.385391742274274087e-03
1.270494209845737408e-03
1.164918576472672362e-03
1.067931152707101566e-03
9.788534703213174967e-04
8.970584165508371744e-04
8.219666040094037287e-04
7.530429664297007969e-04
6.897935701232090194e-04
6.317626309311167188e-04
5.785297264313084883e-04
5.297071932535500193e-04
4.849376995181306038e-04
4.438919826372628142e-04
4.062667429903452088e-04
3.717826842926408065e-04
3.401826918126386054e-04
3.112301399482736322e-04
2.847073210396754042e-04
2.604139876705345255e-04
2.381660010868810967e-04
2.177940787372691144e-04
1.991426343088681784e-04
1.820687039973418325e-04
1.664409531025836037e-04
1.521387573858960643e-04
