0.000000000000000000e+00
2.631852777464939105e-02
4.762797743624289093e-02
6.464336419452744453e-02
7.798897966791254466e-02
8.820918374746615498e-02
9.577796408294017572e-02
1.011074000131398504e-01
1.045551528825353210e-01
1.064310913986618312e-01
1.070031488221270949e-01
1.065024981921241093e-01
1.051281223402265735e-01
1.030508470130740151e-01
1.004168979021692193e-01
9.735103566962076405e-02
9.395931707565464974e-02
9.033152497960474092e-02
8.654330523154908639e-02
8.265804423479131136e-02
7.872851718453759140e-02
7.479833362580949607e-02
7.090320397953021880e-02
6.707204802019303691e-02
6.332796391614821385e-02
5.968907433266872065e-02
5.616926422029357158e-02
5.277882324122657592e-02
4.952500430221840749e-02
4.641250834321905550e-02
4.344390435915596732e-02
4.061999259139784796e-02
3.794011790146088747e-02
3.540243951949830631e-02
3.300416263266364031e-02
3.074173663335999160e-02
2.861102427559295350e-02
2.660744548102756540e-02
2.472609908768244949e-02
2.296186543703672076e-02
2.130949234393584441e-02
1.976366668294754839e-02
1.831907355018308481e-02
1.697044471700514048e-02
1.571259787788149148e-02
1.454046800569730978e-02
1.344913196124983973e-02
1.243382735687356341e-02
1.148996654491746261e-02
1.061314648811064951e-02
9.799155168917810660e-03
9.043975107216859627e-03
8.343784478615119682e-03
7.694956258207050551e-03
7.094055755454505528e-03
6.537836854153198686e-03
6.023237226264179130e-03
5.547372748960079786e-03
5.107531319877555223e-03
4.701166235671250422e-03
4.325889272992481348e-03
3.979463588492035409e-03
3.659796534949400632e-03
3.364932473788639130e-03
3.093045649725223705e-03
2.842433180807928204e-03
2.611508206419861037e-03
2.398793226656617279e-03
2.202913658708779282e-03
2.022591629265469391e-03
1.856640016371012732e-03
1.703956749473036544e-03
1.563519372478102808e-03
1.434379871376210503e-03
1.315659765316594225e-03
1.206545457833983889e-03
1.106283843166976132e-03
1.014178161216975444e-03
9.295840936139472240e-04
8.519060925374667692e-04
7.805939333475494200e-04
7.151394816745398246e-04
6.550736653701859716e-04
5.999636416066299284e-04
5.494101494035034169e-04
5.030450379460290559e-04
4.605289612119556038e-04
4.215492296379220257e-04
3.858178098139658269e-04
3.530694634878164492e-04
3.230600174794288882e-04
2.955647564432578090e-04
2.703769307647700681e-04
2.473063722332655124e-04
2.261782104908222025e-04
2.068316836134935976e-04
1.891190365327465712e-04
1.729045013502152051e-04
1.580633539352097072e-04
1.444810415206436818e-04
