0.000000000000000000e+00
2.907543953662499597e-02
5.261709127716084067e-02
7.141486952368295005e-02
8.615846153224561432e-02
9.744924984348456165e-02
1.058108731415036696e-01
1.116985767957367343e-01
1.155074878013094553e-01
1.175799341542015791e-01
1.182119155921398657e-01
1.176588209340242996e-01
1.161404768106521906e-01
1.138456032640504240e-01
1.109357433823580097e-01
1.075487267249920914e-01
1.038017196830899602e-01
9.979391002734828986e-02
9.560886764279155625e-02
9.131661876920338372e-02
8.697546689568425027e-02
8.263358974328115225e-02
7.833043846189390036e-02
7.409796222291581413e-02
6.996167876818353004e-02
6.594160914381709537e-02
6.205309277318099559e-02
5.830749717857060255e-02
5.471283502138929444e-02
5.127429967325921462e-02
4.799472923581440259e-02
4.487500777710492356e-02
4.191441153174630535e-02
3.911090690603452602e-02
3.646140632559503186e-02
3.396198725048234224e-02
3.160807905095652792e-02
2.939462187747578226e-02
2.731620116277901772e-02
2.536716095517141389e-02
2.354169889392811535e-02
2.183394529444595764e-02
2.023802850736889855e-02
1.874812844790644042e-02
1.735851995496855496e-02
1.606360743100169325e-02
1.485795202937105833e-02
1.373629249398343986e-02
1.269356061308190772e-02
1.172489212354948900e-02
1.082563379165579764e-02
9.991347299217554628e-03
9.217810479060350309e-03
8.501016369083501736e-03
7.837170488914697863e-03
7.222686686006403456e-03
6.654181848107801334e-03
6.128469735486892847e-03
5.642554148319820113e-03
5.193621611636797461e-03
4.779033731521220574e-03
4.396319351375355990e-03
4.043166615526561092e-03
3.717415028841631729e-03
3.417047584980455015e-03
3.140183022132534904e-03
2.885068253259169893e-03
2.650071007759825271e-03
2.433672712874447412e-03
2.234461635830441769e-03
2.051126301573415883e-03
1.882449195735354805e-03
1.727300758160836818e-03
1.584633668716164913e-03
1.453477424146779442e-03
1.332933202336347668e-03
1.222169008379308912e-03
1.120415095339523208e-03
1.026959651372092580e-03
9.411447439820006672e-04
8.623625115370005647e-04
7.900515917045220242e-04
7.236937762093302888e-04
6.628108811811873760e-04
6.069618223545361841e-04
5.557398844736041385e-04
5.087701744274832766e-04
4.657072478747922438e-04
4.262328994026903664e-04
3.900541065886194169e-04
3.569011186853623908e-04
3.265256810223580086e-04
2.986993866017659889e-04
2.732121467605980853e-04
2.498707731654473195e-04
2.284976637999880443e-04
2.089295859941352467e-04
1.910165499249871822e-04
1.746207663912754796e-04
1.596156830234415935e-04
