0.000000000000000000e+00
3.691554345814145738e-02
6.680513005611794786e-02
9.067167208730136929e-02
1.093908288806359486e-01
1.237261439514601158e-01
1.343424535639015649e-01
1.418177586179392158e-01
1.466537309022892255e-01
1.492850061168387865e-01
1.500873994291587188e-01
1.493851644771329035e-01
1.474574034745811668e-01
1.445437242494123087e-01
1.408492294926122490e-01
1.365489140854817263e-01
1.317915379805027487e-01
1.267030346293453458e-01
1.213895082825928035e-01
1.159398675428024439e-01
1.104281372577479159e-01
1.049154861245622239e-01
9.945200317583816063e-02
9.407825257995350299e-02
8.882663286029214567e-02
8.372256367722384629e-02
7.878552068301244993e-02
7.402993661779858070e-02
6.946598473278552122e-02
6.510025877647256098e-02
6.093636213597544704e-02
5.697541726560756414e-02
5.321650523884777911e-02
4.965704410962913651e-02
4.629311374852895788e-02
4.311973391462464028e-02
4.013110152175532186e-02
3.732079234732527118e-02
3.468193180246432333e-02
3.220733882528949849e-02
2.988964646613771065e-02
2.772140229778836951e-02
2.569515139847834348e-02
2.380350431523847038e-02
2.203919211468744963e-02
2.039511036339437464e-02
1.886435364625602476e-02
1.744024202546066993e-02
1.611634066135154975e-02
1.488647365704290002e-02
1.374473304846839800e-02
1.268548373843305516e-02
1.170336506521348942e-02
1.079328960155424844e-02
9.950439696980657375e-03
9.170262203807727844e-03
8.448461763846242326e-03
7.780992977502273165e-03
7.164051728773809802e-03
6.594065897714571599e-03
6.067685655505450880e-03
5.581773505681067275e-03
5.133394207711526255e-03
4.719804695515904605e-03
4.338444083123413862e-03
3.986923832192819719e-03
3.663018141092419955e-03
3.364654602414112426e-03
3.089905164867478606e-03
2.836977426227529041e-03
2.604206276176542108e-03
2.390045901296745500e-03
2.193062158969124719e-03
2.011925322368350241e-03
1.845403194986271938e-03
1.692354590054077294e-03
1.551723167768046061e-03
1.422531621269685536e-03
1.303876200813054590e-03
1.194921564405069820e-03
1.094895942371416171e-03
1.003086602732318738e-03
9.188356039257696440e-04
8.415358212539456257e-04
7.706272334193741812e-04
7.055934556334217444e-04
6.459585059969854930e-04
5.912837921517087678e-04
5.411653055620869448e-04
4.952310111997063665e-04
4.531384208480358474e-04
4.145723387189514746e-04
3.792427685616901593e-04
3.468829719436706377e-04
3.172476678844108559e-04
2.901113645235500857e-04
2.652668139975185909e-04
2.425235821834330764e-04
2.217067254405935637e-04
2.026555669375360513e-04
