0.000000000000000000e+00
1.487476384579224445e-02
2.691848582424259326e-02
3.653527981596787350e-02
4.407798434120223374e-02
4.985426192940359963e-02
5.413200197074799491e-02
5.714410437905059759e-02
5.909271298550573120e-02
6.015296007286315833e-02
6.047627675505518746e-02
6.019331792261947700e-02
5.941654513322253139e-02
5.824250606087565119e-02
5.675384486591771027e-02
5.502107405581112276e-02
5.310413502530715590e-02
5.105377144979013349e-02
4.891273701842763916e-02
4.671685659909406707e-02
4.449595779355838138e-02
4.227468794110841172e-02
4.007322993657076032e-02
3.790792872217563225e-02
3.579183897189348873e-02
3.373520329384056826e-02
3.174586921512957682e-02
2.982965226984529358e-02
2.799065167189647430e-02
2.623152430894067078e-02
2.455372213122350780e-02
2.295769742093496310e-02
2.144307990545507581e-02
2.000882921440294213e-02
1.865336576926110435e-02
1.737468282976029413e-02
1.617044209804185603e-02
1.503805499528362496e-02
1.397475147189669066e-02
1.297763798793378533e-02
1.204374610175117273e-02
1.117007292934390876e-02
1.035361458155508244e-02
9.591393549249807235e-03
8.880480885504134919e-03
8.218013927069920538e-03
7.601210203223578328e-03
7.027378097151534136e-03
6.493924751988813110e-03
5.998361649374147134e-03
5.538308231903698101e-03
5.111493891259900890e-03
4.715758600263880718e-03
4.349052428942555039e-03
4.009434151286785271e-03
3.695069120147304043e-03
3.404226562177371709e-03
3.135276422446611755e-03
2.886685868931675690e-03
2.657015550192701279e-03
2.444915684865517792e-03
2.249122048869489285e-03
2.068451915211518780e-03
1.901799991747840125e-03
1.748134394061130444e-03
1.606492683556851042e-03
1.475977994835290380e-03
1.355755271226546151e-03
1.245047622972512329e-03
1.143132818803761167e-03
1.049339918502890977e-03
9.630460513930799585e-04
8.836733434738215090e-04
8.106859940862790135e-04
7.435875014766283242e-04
6.819180353918137191e-04
6.252519538488301694e-04
5.731954604312319628e-04
5.253843978549252707e-04
4.814821730831129825e-04
4.411778089345489654e-04
4.041841169002380568e-04
3.702359857440338251e-04
3.390887803973694241e-04
3.105168456546547476e-04
2.843121092226239986e-04
2.602827787644787657e-04
2.382521276999229509e-04
2.180573646680729089e-04
1.995485817257800897e-04
1.825877765340936244e-04
1.670479439760809523e-04
1.528122328464724363e-04
1.397731634545588801e-04
1.278319021839621024e-04
1.168975892542804091e-04
1.068867161284760379e-04
9.772254920490817866e-05
8.933459662302262877e-05
8.165811519608485883e-05
