0.000000000000000000e+00
2.825823307833495116e-03
5.113821331371788681e-03
6.940765334663494615e-03
8.373685579480545649e-03
9.471030048977653604e-03
1.028369085078951507e-02
1.085591299019313810e-02
1.122609860625073397e-02
1.142751833718412373e-02
1.148894020752918264e-02
1.143518529268524979e-02
1.128761840181392688e-02
1.106458111467853965e-02
1.078177370033633550e-02
1.045259172520751102e-02
1.008842251564885314e-02
9.698906067435271103e-03
9.292164484056812321e-03
8.875003570814932879e-03
8.453089806395901878e-03
8.031105552587623417e-03
7.612885041328960010e-03
7.201533392082523112e-03
6.799530657800030402e-03
6.408822671104302988e-03
6.030900260707232341e-03
5.666868228804986495e-03
5.317505320816800357e-03
4.983316277197506056e-03
4.664576931223409287e-03
4.361373204900898318e-03
4.073634755936771969e-03
3.801163940664104100e-03
3.543660679711049723e-03
3.300743743937809439e-03
3.071968916773406763e-03
2.856844434688305193e-03
2.654844059365489908e-03
2.465418092489753740e-03
2.288002606346225317e-03
2.122027130055510052e-03
1.966921001785141426e-03
1.822118571229684823e-03
1.687063413657230579e-03
1.561211696532825840e-03
1.444034821842708326e-03
1.335021451483873111e-03
1.233679009208462447e-03
1.139534740406041155e-03
1.052136400276816207e-03
9.710526315250851822e-04
8.958730844329704278e-04
8.262083249255904906e-04
7.616895698908731716e-04
7.019682834643298881e-04
6.467156631375986162e-04
5.956220403160674033e-04
5.483962162618286887e-04
5.047647511482678201e-04
4.644712211639617024e-04
4.272754561851748313e-04
3.929527684428408955e-04
3.612931808015780802e-04
3.321006617097134396e-04
3.051923725392859609e-04
2.803979318861425174e-04
2.575587004182147092e-04
2.365270890235788941e-04
2.171658923001222846e-04
1.993476488290182370e-04
1.829540291702449247e-04
1.678752520972530405e-04
1.540095292384227349e-04
1.412625380053161503e-04
1.295469224533144404e-04
1.187818215315237987e-04
1.088924240292473431e-04
9.980954941012310172e-05
9.146925363722408560e-05
8.381245902864018849e-05
7.678460713955343755e-05
7.033533364028191613e-05
6.441816414737743174e-05
5.899022996416011002e-05
5.401200269595288737e-05
4.944704672191445994e-05
4.526178852821351493e-05
4.142530193500154113e-05
3.790910828109306181e-05
3.468699066449312660e-05
3.173482137310071067e-05
2.903040167738823158e-05
2.655331319503557798e-05
2.428478007590795899e-05
2.220754129402435946e-05
2.030573237094258053e-05
1.856477589203886093e-05
1.697128021327557089e-05
1.551294579107713245e-05
