0.000000000000000000e+00
9.509452227556898507e-03
1.720901640103777649e-02
2.335704295088025795e-02
2.817910191550600241e-02
3.187188227474826302e-02
3.460664599851514395e-02
3.653228624754439879e-02
3.777803378648990351e-02
3.845585086857312290e-02
3.866254756477290749e-02
3.848165168452175045e-02
3.798506002034377632e-02
3.723449560214454890e-02
3.628279292886313345e-02
3.517503072094916444e-02
3.394952957533781124e-02
3.263872997726437186e-02
3.126996440534199340e-02
2.986613573541745115e-02
2.844631278478592859e-02
2.702625262347045643e-02
2.561885819743756412e-02
2.423457884550781621e-02
2.288176043453027386e-02
2.156695107468515824e-02
2.029516769833902140e-02
1.907012818257080786e-02
1.789445315915927023e-02
1.676984117918834533e-02
1.569722047598265391e-02
1.467688019402364936e-02
1.370858361763455449e-02
1.279166563693270343e-02
1.192511642570457178e-02
1.110765307277781881e-02
1.033778070186323027e-02
9.613844431787447672e-03
8.934073366924371803e-03
8.296617664131460818e-03
7.699579595532559696e-03
7.141039414213637415e-03
6.619076730665946796e-03
6.131788020156670599e-03
5.677300803825698419e-03
5.253784978036832136e-03
4.859461706319465404e-03
4.492610235203566872e-03
4.151572948558487040e-03
3.834758933969131811e-03
3.540646298574447876e-03
3.267783440080292753e-03
3.014789450831211696e-03
2.780353808431625193e-03
2.563235485044845947e-03
2.362261588811798412e-03
2.176325634505008651e-03
2.004385526286894294e-03
1.845461323026959628e-03
1.698632845830405115e-03
1.563037178046364304e-03
1.437866099885645428e-03
1.322363492733142709e-03
1.215822742154664413e-03
1.117584163353017987e-03
1.027032468318820344e-03
9.435942900553564343e-04
8.667357759521203625e-04
7.959602595667147635e-04
7.308060176862488100e-04
6.708441175215321952e-04
6.156763571914060157e-04
5.649333012373762911e-04
5.182724117326883767e-04
4.753762745820437445e-04
4.359509198192939184e-04
3.997242340754205152e-04
3.664444628857210220e-04
3.358788001140908795e-04
3.078120614768174788e-04
2.820454389336807168e-04
2.583953325677402959e-04
2.366922564858917055e-04
2.167798152305774407e-04
1.985137471906752327e-04
1.817610315294711557e-04
1.663990552036050238e-04
1.523148367237511769e-04
1.394043034010635320e-04
1.275716189292530796e-04
1.167285582673612107e-04
1.067939269100736440e-04
9.769302175852015782e-05
8.935713093298098815e-05
8.172306999818249246e-05
7.473275220060756219e-05
6.833279044438112795e-05
6.247412885697870173e-05
5.711170191754079661e-05
5.220411923844889122e-05
