0.000000000000000000e+00
2.017981278822515712e-02
3.651889939949338332e-02
4.956549996322882207e-02
5.979829201385255394e-02
6.763466518596834842e-02
7.343805097991784603e-02
7.752441250663903716e-02
8.016798771115647704e-02
8.160636938591404876e-02
8.204499618937692584e-02
8.166112076624255922e-02
8.060731381969046816e-02
7.901455652070829561e-02
7.699496787171977719e-02
7.464420849729491714e-02
7.204359774723216592e-02
6.926197690735351464e-02
6.635734766779342875e-02
6.337831174985407434e-02
6.036533469812219860e-02
5.735185426648167772e-02
5.436525153091781304e-02
5.142770081820712685e-02
4.855691272056244373e-02
4.576678284778246814e-02
4.306795752875192812e-02
4.046832639387511199e-02
3.797345063189526415e-02
3.558693470309722690e-02
3.331074839230840218e-02
3.114550528707988458e-02
2.909070305794755548e-02
2.714493028892292839e-02
2.530604404858892778e-02
2.357132189755975146e-02
2.193759158963908343e-02
2.040134133556019760e-02
1.895881315417476121e-02
1.760608153143519358e-02
1.633911933808658221e-02
1.515385271872706462e-02
1.404620645431777295e-02
1.301214111421361737e-02
1.204768314957679887e-02
1.114894893515973838e-02
1.031216363871146485e-02
9.533675684720686536e-03
8.809967480124122896e-03
8.137662982439956144e-03
7.513532614160997949e-03
6.934495959944935763e-03
6.397622624086731456e-03
5.900131573992211699e-03
5.439389250039850139e-03
5.012906682563402633e-03
4.618335822042345974e-03
4.253465258354773883e-03
3.916215478603026802e-03
3.604633790099410259e-03
3.316889015185145190e-03
3.051266047285494491e-03
2.806160342654572936e-03
2.580072409349602920e-03
2.371602343844279436e-03
2.179444456121652166e-03
2.002382015882668911e-03
1.839282145493716276e-03
1.689090879322922498e-03
1.550828404046328051e-03
1.423584490223007894e-03
1.306514121839272551e-03
1.198833327514715495e-03
1.099815214567259874e-03
1.008786205080303231e-03
9.251224714410365016e-04
8.482465674714293130e-04
7.776242502051442353e-04
7.127614865338464294e-04
6.532016383193575042e-04
5.985228191126546436e-04
5.483354153100169007e-04
5.022797643871214227e-04
4.600239827634087348e-04
4.212619358440238882e-04
3.857113428500549943e-04
3.531120091665869670e-04
3.232241791012235919e-04
2.958270021436489451e-04
2.707171060413978477e-04
2.477072702514595626e-04
2.266251935857671736e-04
2.073123501362211199e-04
1.896229278375319792e-04
1.734228443004684408e-04
1.585888348213018836e-04
1.450076077430277534e-04
1.325750626085409479e-04
1.211955668038500785e-04
1.107812866395493581e-04
