0.000000000000000000e+00
1.328102451305233217e-02
2.403433585852511947e-02
3.262074960365542176e-02
3.935529979435883202e-02
4.451268481494846663e-02
4.833209135736772633e-02
5.102146554409184298e-02
5.276129273980198486e-02
5.370794088178708348e-02
5.399661617278242454e-02
5.374397463650510548e-02
5.305042826736586226e-02
5.200218025074064554e-02
5.067301993419155715e-02
4.912590484429136400e-02
4.741435402452141845e-02
4.558367427797779814e-02
4.367203849935277771e-02
4.171143314257257095e-02
3.972848996558412532e-02
3.774521549707299944e-02
3.577963015899110477e-02
3.384632763367683567e-02
3.195696386718813869e-02
3.012068403526559773e-02
2.834449485082453715e-02
2.663358874929029965e-02
2.499162573904828433e-02
2.342097803860724442e-02
2.192294203068651318e-02
2.049792153822501198e-02
1.914558596103350246e-02
1.786500639800978757e-02
1.665477251274595505e-02
1.551309257483312817e-02
1.443787882062667546e-02
1.342682002158223677e-02
1.247744292186367225e-02
1.158716400650782082e-02
1.075333288411050442e-02
9.973268411193217040e-03
9.244288546821320673e-03
8.563734803625322467e-03
7.928992053304856347e-03
7.337504349347737272e-03
6.786787345631237027e-03
6.274437815505747897e-03
5.798140710750030249e-03
5.355674142418498374e-03
4.944912615171334104e-03
4.563828802387573727e-03
4.210494110496999960e-03
3.883078246897674057e-03
3.579847975991369471e-03
3.299165221771311121e-03
3.039484652595069412e-03
2.799350863878585349e-03
2.577395257109134016e-03
2.372332698488701774e-03
2.182958027413014600e-03
2.008142473625350397e-03
1.846830032045532720e-03
1.698033835775530432e-03
1.560832560457983903e-03
1.434366886866121626e-03
1.317836043204037100e-03
1.210494443980913125e-03
1.111648438391377907e-03
1.020653177798316272e-03
9.369096090963162284e-04
8.598615983653304417e-04
7.889931872448937298e-04
7.238259828167794467e-04
6.639166804321425600e-04
6.088547178174581785e-04
5.582600579066807371e-04
5.117810971440033430e-04
4.690926954554863857e-04
4.298943236751566108e-04
3.939083239114369488e-04
3.608782781352833286e-04
3.305674801466884486e-04
3.027575060179803538e-04
2.772468781090426542e-04
2.538498177913203410e-04
2.323950820956583287e-04
2.127248796063841677e-04
1.946938610543045049e-04
1.781681802090996018e-04
1.630246208324837595e-04
1.491497856235821443e-04
1.364393432640858021e-04
1.247973298501799978e-04
1.141355011787674770e-04
1.043727325353132067e-04
9.543446280819584137e-05
8.725217992858986063e-05
7.976294480464162688e-05
7.290895108332338525e-05
