0.000000000000000000e+00
6.593126041196511848e-03
1.193141428780379945e-02
1.619398514654062440e-02
1.953723161027799693e-02
2.209752275726808990e-02
2.399359852401278248e-02
2.532869002750232426e-02
2.619239598482098197e-02
2.666234244946596305e-02
2.680565011196149247e-02
2.668023075969082336e-02
2.633593212349334342e-02
2.581554822620800438e-02
2.515571046389137103e-02
2.438767296965104261e-02
2.353800431121537071e-02
2.262919623709686370e-02
2.168019899513341786e-02
2.070689168577689865e-02
1.972249516685120954e-02
1.873793418420035412e-02
1.776215465258624074e-02
1.680240134344706052e-02
1.586446064181764801e-02
1.495287250591185828e-02
1.407111529248898131e-02
1.322176669283980574e-02
1.240664365237942671e-02
1.162692381637234033e-02
1.088325075073154173e-02
1.017582492610084009e-02
9.504482221955143362e-03
8.868761502028898666e-03
8.267962630147472625e-03
7.701196133935750074e-03
7.167425580636621954e-03
6.665503602357799630e-03
6.194202395668624815e-03
5.752239420975503725e-03
5.338298939077065243e-03
4.951049944457056734e-03
4.589160986073255281e-03
4.251312305627737674e-03
3.936205669653556477e-03
3.642572224419371712e-03
3.369178660920972047e-03
3.114831940459359023e-03
2.878382798932271544e-03
2.658728219486350495e-03
2.454813038142218250e-03
2.265630825017485566e-03
2.090224164479179744e-03
1.927684440644166809e-03
1.777151219835288896e-03
1.637811308645130588e-03
1.508897554939911227e-03
1.389687449258541303e-03
1.279501575454674526e-03
1.177701951940236021e-03
1.083690298382555643e-03
9.969062570647413326e-04
9.168255932346543440e-04
8.429583945486945938e-04
7.748472860801815200e-04
7.120656742356647022e-04
6.542160302420091996e-04
6.009282215758834315e-04
5.518578977555983756e-04
5.066849352592213895e-04
4.651119449338695267e-04
4.268628440852406886e-04
3.916814944538794850e-04
3.593304064693102402e-04
3.295895095020711534e-04
3.022549872867492178e-04
2.771381772488342235e-04
2.540645321191987733e-04
2.328726419489024447e-04
2.134133144321581513e-04
1.955487112964966702e-04
1.791515384176536213e-04
1.641042872547896565e-04
1.502985251727462636e-04
1.376342322164014124e-04
1.260191819229081081e-04
1.153683637964119513e-04
1.056034451231434074e-04
9.665226986944365495e-05
8.844839247866381727e-05
8.093064446274476594e-05
7.404273176871907264e-05
6.773286098780423997e-05
6.195339256383244181e-05
5.666051924738149084e-05
5.181396813123256422e-05
4.737672469092571247e-05
4.331477734063291516e-05
3.959688109883172466e-05
3.619433903998607415e-05
