1.000014524614509570e+00
-3.688639559960562252e-04
-1.613043518344948058e-05
1.104317219162475336e-03
-2.754933181338956646e-04
1.125066249798513125e-03
9.486994893922085122e-04
1.913598711769067863e-04
3.366030856291600017e-04
6.582130604877093998e-04
9.072014281201385734e-04
9.072014281201371639e-04
4.818463000814064137e-04
1.021570761923089581e-03
5.132195113402166766e-04
3.990998428420207129e-04
1.031945277241112053e-03
6.999607870645379063e-04
5.132195113402170019e-04
1.820408441410465176e-03
2.746056590258067224e-04
1.384678798053714556e-03
2.434821130717535636e-04
1.094192369149215010e-03
3.576017815699534847e-04
3.472272662519315005e-04
1.166813976375340005e-03
9.823889861950365504e-05
4.405979041140920612e-04
6.688372411104839344e-04
1.021570761923090449e-03
1.104566884467234229e-03
-3.167417141012071440e-04
9.385746393789482942e-04
7.933314249266983044e-04
5.962156338843593731e-04
7.773953328822406862e-05
-5.136078398387918442e-04
9.803223659557770177e-04
7.728320595954206017e-04
1.343430402086404594e-03
5.757162685530804779e-04
-2.749939875243817273e-04
7.728320595954196260e-04
2.022337171044386961e-04
-3.891136560225782874e-04
-7.003491155631128571e-04
1.503611405143491584e-04
8.039556055494754411e-04
3.786004775107418719e-04
6.483378757792059065e-04
2.644808090125455287e-04
1.426426524630542954e-03
-2.646194722063638632e-04
-2.127468956162744068e-04
4.719711153729024325e-04
-2.646194722063616948e-04
-4.409862326126674456e-04
1.918592017864205338e-04
4.823456306909207846e-04
5.445927225990272649e-04
3.993495081467774918e-04
-4.675465052798925104e-05
3.624147201615321505e-05
5.033443266317147013e-04
4.203482040875699448e-04
8.560778474443194808e-04
5.367591366857255247e-06
1.713598364551420722e-04
-1.606246537214289576e-04
5.724016795694561384e-05
5.240933572677478275e-04
4.825952959956785935e-04
6.174639951299094182e-04
2.647304743173026871e-04
5.552169032218015826e-04
1.250309429528997018e-03
1.918592017864207777e-04
3.889749928287592482e-04
-1.401252883901498998e-04
-1.193762577541132363e-04
3.682259621927238451e-04
3.474769315566888215e-04
6.736501797020689563e-05
6.736501797020677366e-05
5.653417532350632100e-04
4.661598733417053711e-05
1.032194942545865092e-03
-6.796000849270760445e-04
-1.816233496622219256e-04
-7.107236308811297996e-04
-3.994881713405952300e-04
-7.762853117728608498e-05
4.307227194055880800e-04
4.514717500416228868e-04
-7.623465421664634258e-04
-7.830955728024983952e-04
5.448423879037850737e-04
-4.511110826259282056e-04
3.581011121794629767e-04
