-9.517693401776244466e-04
3.677074707610560001e-04
8.767969489972401650e-04
-2.037194946060894756e-04
6.690053252273694181e-04
1.427444751987398067e-03
-1.829403322291016853e-04
4.716032826459921326e-04
2.742012400646141965e-04
9.079656925627216336e-04
1.063809410390125073e-03
1.022251085636149926e-03
6.897844876043572084e-04
-5.826535796717910432e-05
6.793949064158625543e-04
1.001471923259163437e-03
1.084588572767110695e-03
4.092657955150308760e-04
5.602003510624979838e-05
1.219653128217526670e-03
1.385886427233423354e-03
1.209263547029033751e-03
1.417055170798904281e-03
5.131616073999660868e-04
3.884866331380434109e-04
1.313159358913967931e-03
1.079679410487172683e-04
4.716032826459915905e-04
3.884866331380430315e-04
4.563045391775620818e-05
6.895344597356603501e-04
1.302519749856780431e-03
5.233011607197635574e-04
6.064178102277114658e-04
-3.773622345888849757e-05
-1.208528729668367177e-04
3.778470240808537418e-04
5.577000723755371262e-05
2.947303745729049117e-04
5.648594854737378369e-04
-2.039695224747850057e-04
8.661573399400499538e-04
7.414823656781279826e-04
-1.695706108190137476e-05
3.778470240808538502e-04
9.732833199152739580e-05
-5.851538583587557633e-05
4.538042604905983781e-05
7.726511092436077165e-04
2.635616310074244189e-04
6.791448785471651539e-04
3.155095369498922141e-04
5.438302952280543810e-04
4.918823892855857726e-04
-1.626612255895080452e-04
7.516219189979243690e-04
-1.035386045422966072e-03
3.474081699187003309e-05
4.812427802283967540e-04
3.449078912317362207e-05
-1.733008346466977686e-04
-2.784669800778780057e-05
-2.044695782121779362e-04
2.526719940815381083e-04
-4.018716207935558722e-04
-4.538195267360236131e-04
4.085157119089415480e-04
-1.733008346466975789e-04
-6.823903128828815541e-04
1.094228070349515967e-03
-4.953778514899971879e-04
2.009741160077667648e-04
5.957782011705215798e-04
-4.431799176788338355e-04
1.385386371496029204e-03
6.788948506784698135e-04
2.321428595732477184e-04
2.526719940815380541e-04
-3.288945246054047838e-04
3.775969962121577509e-04
2.009741160077666564e-04
8.035698249403925436e-04
-1.211029008355332372e-04
6.373365259244962930e-04
-2.561674562859496320e-04
3.983761585891442943e-04
-5.159069859982873610e-04
8.970760556368348893e-04
5.646094576050413039e-04
1.717852969527825392e-03
-5.888840821864394252e-04
-3.083653900971138517e-04
2.410120793468016061e-05
-8.278444495217901229e-04
8.760468653911509997e-04
2.734511564585258444e-04
9.682827625413465507e-05
4.191553209661323014e-04
5.228011049823711419e-04
6.266969168673064070e-04
