-8.425446857284900684e-03
3.293573121997954434e-02
3.674529611697208240e-03
2.447592775642277660e-02
5.804287220516295143e-02
5.318602808270171678e-02
3.175236813290741728e-02
2.976540335908603799e-02
5.526680654519645214e-02
2.934655260252471559e-02
4.359794162189156719e-02
4.612363421735169583e-02
6.090734666194669300e-02
4.911446021929888328e-03
2.301145782595216335e-02
3.730254824053619994e-02
1.529117369413185781e-02
-1.243700069231665033e-03
1.144540262494786811e-02
1.721602938680960940e-02
-2.624935616866197474e-02
8.759625435622495071e-02
2.661959736771419768e-02
1.850439514383251174e-02
2.982785222787899190e-02
-2.842060966333029293e-02
9.750308935356343659e-03
1.680046109086759734e-02
3.493404231064137742e-03
7.499523448100704238e-03
-4.309187814095696845e-02
5.890600100838236375e-02
3.352585269934195422e-02
1.627911608680870231e-02
1.335163109888729861e-02
-7.381241038045454131e-03
-2.140468023827083247e-02
1.403274988926050786e-02
-1.452125290311092123e-02
1.392638674682588739e-03
2.476175834394971076e-02
2.994513005165165553e-02
6.331508985005375456e-02
7.218901830655714141e-03
-4.137644486747434763e-02
-5.508408559643298945e-03
-3.153860739486014780e-02
-5.563435955893007018e-02
-7.555511641733281096e-03
-1.641228961542805925e-02
2.533636707898823115e-02
4.155739653572858294e-02
1.293158552956833081e-02
3.128030719854272505e-03
-3.948389946732781125e-02
1.120225836745506950e-02
9.447264992943668616e-03
-1.325986498959768646e-02
-9.253389782028250202e-03
-4.746905437574572978e-04
1.042715435044068613e-02
2.110977754669058834e-02
2.091414693570785993e-02
-4.953956239008258308e-03
-2.269357234396214562e-02
-1.706066728211760516e-02
-5.197361172292599626e-03
4.743088954576457628e-02
-4.060033120361360159e-02
-1.114718064277445478e-02
4.348545148702366581e-02
1.730052005910500887e-02
-1.131227453037664081e-02
3.848924868031235180e-02
-2.925055921753472524e-02
8.464732278475564642e-03
3.205698827959564505e-03
-3.028939861858535865e-02
-3.439131674741636047e-03
1.908343284074871457e-02
2.045389059291308209e-02
1.084931413422452091e-02
4.230972504752374824e-02
4.262614356439659719e-02
3.368956217951610266e-02
6.607310104432679437e-03
1.806492709134362162e-02
9.141375067541148217e-03
-3.570813024222597998e-02
-1.423091707272421819e-02
-2.158096990857909583e-02
-4.428008589213221907e-02
8.792500333899838302e-03
2.374084040429690415e-02
-1.702515585174307552e-02
-7.686750194542366381e-04
-1.578874902941134958e-02
-6.118117929437043995e-03
-5.744933818019511314e-03
-1.351298012840443895e-02
