-1.943992809898741764e-02
-1.121500448701743743e-02
-4.448664134811796018e-03
1.068800955456971095e-03
5.519768033636826381e-03
9.062645884923000578e-03
1.183483901436264626e-02
1.395535959240980922e-02
1.552712784685808187e-02
1.663899698636750815e-02
1.736753465219256429e-02
1.777858926149407381e-02
1.792866637775295674e-02
1.786613737670619817e-02
1.763230013015018235e-02
1.726230916948766694e-02
1.678599078447512438e-02
1.622855673214475963e-02
1.561122865128927555e-02
1.495178387690642569e-02
1.426503210674699360e-02
1.356323127091413512e-02
1.285644997958735117e-02
1.215288305938364878e-02
1.145912592315933426e-02
1.078041284010921447e-02
1.012082357297296696e-02
9.483462318239165717e-03
8.870612415645934279e-03
8.283869878079950025e-03
7.724258426009152773e-03
7.192328386372626170e-03
6.688241529528255597e-03
6.211843665102511139e-03
5.762726594560042825e-03
5.340280821605088851e-03
4.943740248118567646e-03
4.572219930539451679e-03
4.224747837035669126e-03
3.900291427366700363e-03
3.597779773144178621e-03
3.316121844588426973e-03
3.054221509386877489e-03
2.810989718581196131e-03
2.585354292389819165e-03
2.376267664489049771e-03
2.182712895624626392e-03
2.003708225706479860e-03
1.838310397043952955e-03
1.685616949481769490e-03
1.544767660344760919e-03
1.414945277803555035e-03
1.295375675102123595e-03
1.185327534660527999e-03
1.084111655046133020e-03
9.910799598973896174e-04
9.056242758248544402e-04
8.271749358738738050e-04
7.551992561096651773e-04
6.891999250998348840e-04
6.287133393645375932e-04
5.733079121026114344e-04
5.225823775616737169e-04
4.761641091948805174e-04
4.337074661434194098e-04
3.948921795197575524e-04
3.594217873705611794e-04
3.270221250070395511e-04
2.974398755493576612e-04
2.704411839926300050e-04
2.458103368228663167e-04
2.233485081555611716e-04
2.028725725054488828e-04
1.842139835955802210e-04
1.672177180531884640e-04
1.517412823978326805e-04
1.376537813859236620e-04
1.248350455192086619e-04
1.131748153395434098e-04
1.025719800066197235e-04
9.293386757912118750e-05
8.417558438442748585e-05
7.621940086001485618e-05
6.899418127478157306e-05
6.243485478523246967e-05
5.648192534520019405e-05
5.108101806464441976e-05
4.618245969979014877e-05
4.174089105066365027e-05
3.771490914066064087e-05
3.406673715422472141e-05
3.076192021143500470e-05
2.776904516102175036e-05
2.505948267499433197e-05
2.260715002784495373e-05
2.038829304053054020e-05
1.838128576362289089e-05
1.656644656478140339e-05
1.492586937276807758e-05
1.344326891341284883e-05
