-1.100454414442668220e-02
-1.980780032163603505e-03
5.282488525664464328e-03
1.105218960485826810e-02
1.555909875189296493e-02
1.900242542020363565e-02
2.155384218356587792e-02
2.336102235941082961e-02
2.455074412351657132e-02
2.523161249906055031e-02
2.549644466259124234e-02
2.542435874260005196e-02
2.508260161786399559e-02
2.452814708568750585e-02
2.380909210507944213e-02
2.296587557381838535e-02
2.203234122420110949e-02
2.103666367816952112e-02
2.000215445124743988e-02
1.894796270320686649e-02
1.788968377221958339e-02
1.683988697230873882e-02
1.580857275798808886e-02
1.480356814444968097e-02
1.383086819822971700e-02
1.289493046569621312e-02
1.199892837053637487e-02
1.114496887387655261e-02
1.033427904038630891e-02
9.567365580628133664e-03
8.844150935082908949e-03
8.164089020789456336e-03
7.526263370365720781e-03
6.929470049109770144e-03
6.372287433402127471e-03
5.853134667867153362e-03
5.370320385381736547e-03
4.922083069220355850e-03
4.506624257014511976e-03
4.122135628789463935e-03
3.766820883476146558e-03
3.438913187642885210e-03
3.136688874683447523e-03
2.858477980509613933e-03
2.602672121316665799e-03
2.367730148795776663e-03
2.152181957003818612e-03
1.954630761861445194e-03
1.773754127958711117e-03
1.608303977144593050e-03
1.457105778504937154e-03
1.319057089126558129e-03
1.193125588916621373e-03
1.078346730180610412e-03
9.738211032058255445e-04
8.787116023522528307e-04
7.922404627694978971e-04
7.136862255304863732e-04
6.423806784311212985e-04
5.777058107145001701e-04
5.190908123324118866e-04
4.660091418753770911e-04
4.179756818276834061e-04
3.745439951981116046e-04
3.353036937201421064e-04
2.998779246026144580e-04
2.679209801519594290e-04
2.391160324007692885e-04
2.131729930957649362e-04
1.898264979612822702e-04
1.688340130103456525e-04
1.499740597794027119e-04
1.330445556760014914e-04
1.178612651176637999e-04
1.042563567761321829e-04
9.207706199921335960e-05
8.118442934141077228e-05
7.145217007619586317e-05
6.276558957159279902e-05
5.502059947353930228e-05
4.812280574697787132e-05
4.198666776337217263e-05
3.653472378731297465e-05
3.169687839737372111e-05
2.740974757180558784e-05
2.361605737337613619e-05
2.026409237582618033e-05
1.730719018392294715e-05
1.470327860739051979e-05
1.241445225407200809e-05
1.040658550793684774e-05
8.648979051749600480e-06
7.114037281445712143e-06
5.776974138842758729e-06
4.615545060794847758e-06
3.609802905998501490e-06
2.741875875239151075e-06
1.995765586920069117e-06
1.357163607312113131e-06
8.132848642642239367e-07
