-8.854015632818269810e-03
-2.735624096683454080e-03
2.552904238427174208e-03
7.089892462229714989e-03
1.094857616428021596e-02
1.419714315392479193e-02
1.689883255900802295e-02
1.911207965665853367e-02
2.089069503801360694e-02
2.228406863493396367e-02
2.333739078329626418e-02
2.409188390166486227e-02
2.458503955864474455e-02
2.485085671547143313e-02
2.492007778722460376e-02
2.482041988809473299e-02
2.457679923221906329e-02
2.421154716811492469e-02
2.374461674590709614e-02
2.319377906472285672e-02
2.257480893352162982e-02
2.190165961150606494e-02
2.118662658214453404e-02
2.044050046464235965e-02
1.967270928439849437e-02
1.889145041471142553e-02
1.810381257016634854e-02
1.731588828152949566e-02
1.653287731583346493e-02
1.575918152642553222e-02
1.499849162842406200e-02
1.425386639728743257e-02
1.352780478373970946e-02
1.282231142854713297e-02
1.213895604680268955e-02
1.147892713445809384e-02
1.084308043068320931e-02
1.023198254892638930e-02
9.645950167867810288e-03
9.085085151268800993e-03
8.549305943401433461e-03
8.038375564597166276e-03
7.551926509719835388e-03
7.089482831232061730e-03
6.650479668125630281e-03
6.234280462427924975e-03
5.840192086349940345e-03
5.467478085452658412e-03
5.115370226502100222e-03
4.783078522967711306e-03
4.469799896387133785e-03
4.174725618057094009e-03
3.897047662689183314e-03
3.635964093759610528e-03
3.390683589247244119e-03
3.160429206254452075e-03
2.944441473599103409e-03
2.741980892810004511e-03
2.552329920008864113e-03
2.374794493876072801e-03
2.208705168232323948e-03
2.053417901681919323e-03
1.908314551215828771e-03
1.772803111624584888e-03
1.646317737985682119e-03
1.528318584331880923e-03
1.418291487842461432e-03
1.315747524497214247e-03
1.220222459063289959e-03
1.131276109520145626e-03
1.048491643541659985e-03
9.714748224230073574e-04
8.998532058404776299e-04
8.332753290443549888e-04
7.714098624889459584e-04
7.139447624820359451e-04
6.605864201721651889e-04
6.110588150709944655e-04
5.651026783158926564e-04
5.224746700020790847e-04
4.829465741425208463e-04
4.463045141368278531e-04
4.123481910378770220e-04
3.808901463880848617e-04
3.517550509481093745e-04
3.247790202520907778e-04
2.998089575886830308e-04
2.767019247202041291e-04
2.553245404078146588e-04
2.355524066038641685e-04
2.172695619990801089e-04
2.003679624681109755e-04
1.847469878385952754e-04
1.703129743131894186e-04
1.569787717980144690e-04
1.446633253322440076e-04
1.332912797697437843e-04
1.227926068327983523e-04
1.131022536381843917e-04
1.041598117856029485e-04
