-3.211333598716210186e-02
-1.630691756998386976e-02
2.748054416211437659e-02
-2.812095321025797484e-02
2.928801269872543037e-02
2.448651023072124372e-02
-7.404143536633584974e-03
-1.625738900123256800e-03
1.193814862071276330e-02
2.071996451921002957e-02
2.073948839911201811e-02
2.922447800847187936e-03
2.522929626861025038e-02
4.800586694224675925e-03
-3.935658170901289729e-04
2.562957485399528640e-02
1.267545209681597562e-02
6.521271071209097138e-03
5.536606826229577283e-02
-4.838536891404928222e-03
4.103964740226111185e-02
-5.580962931679375218e-03
2.762775096092630681e-02
-2.501979175299175011e-03
-3.873174763168206643e-03
3.178163341593388813e-02
-1.325299232724182902e-02
2.404878347994127326e-04
8.671902657999672540e-03
2.480885730611662524e-02
2.830663240905300498e-02
-2.964031162596389782e-02
2.240191258132816915e-02
1.619784736061279790e-02
9.018395678914215008e-03
-1.243871584385182819e-02
-3.898499896694812561e-02
2.369567023827670940e-02
1.587639800714426078e-02
3.770041787211955708e-02
9.185896396907748673e-03
-2.652172624802971376e-02
1.648472184443927971e-02
-5.683474080130429193e-03
-3.044244531164943049e-02
-4.272339035846543787e-02
-6.149653097052384942e-03
2.041623568590873739e-02
2.201167229425912263e-03
1.339590894777393897e-02
5.153209675022251378e-04
4.715219933934454433e-02
-2.383153730464521516e-02
-1.900662059295840298e-02
8.392682006834876682e-03
-2.166861105974789495e-02
-2.906542008477399491e-02
-1.402547108576510061e-03
9.705025682160901487e-03
1.405714673852116042e-02
5.197594396552650785e-03
-1.084912265814308441e-02
-7.438655635062270746e-03
1.175047977076457660e-02
9.230885175333427770e-03
2.573584844239444266e-02
-8.428987190811509586e-03
-2.257321398344402236e-03
-1.449918562167437294e-02
-5.727018496530456027e-03
1.445311756706549669e-02
1.310434732934232828e-02
1.806962174429393650e-02
2.187446975277224873e-03
1.640989997866488040e-02
4.471917455881039422e-02
4.261770289635704429e-04
7.960178541635644367e-03
-1.357841398826582086e-02
-1.158834767090973113e-02
9.291211304862195125e-03
7.679736301866496584e-03
-4.137964392795308484e-03
-3.462227142288411968e-03
1.711508644680916416e-02
-3.458300131789521226e-03
3.686112428361440485e-02
-3.430996584441919212e-02
-1.195518686203879584e-02
-3.654803426596942711e-02
-2.185625975528241241e-02
-8.350646268329361965e-03
1.179875731598966151e-02
1.302543714660190505e-02
-3.641836816135998051e-02
-3.829202202685527689e-02
1.784493253611000446e-02
-2.435640518643506988e-02
1.072621801807205344e-02
3.544606613304967201e-03
