2.631368201728834623e-04
6.982135538388052447e-03
1.262754399491985285e-02
1.732309220210164272e-02
2.118056347429454062e-02
2.430076880098092779e-02
2.677446098459594290e-02
2.868318956347892801e-02
3.010009804577741185e-02
3.109066536547502174e-02
3.171339375662091814e-02
3.202044544320119951e-02
3.205823067437389706e-02
3.186794971035000756e-02
3.148609139357363973e-02
3.094489093199166360e-02
3.027274948369097080e-02
2.949461807142963674e-02
2.863234827698514506e-02
2.770501207330499510e-02
2.672919305093517800e-02
2.571925118723934756e-02
2.468756319507437597e-02
2.364474037395323386e-02
2.259982577300164927e-02
2.156047236255821675e-02
2.053310380114926545e-02
1.952305927761774362e-02
1.853472380502568101e-02
1.757164524403746764e-02
1.663663923914139933e-02
1.573188316147769786e-02
1.485900006731600068e-02
1.401913360138907355e-02
1.321301469930651409e-02
1.244102087305528487e-02
1.170322879801979736e-02
1.099946085886826380e-02
1.032932625487878800e-02
9.692257212627775759e-03
9.087540805233320848e-03
8.514346832330758896e-03
7.971752173448209272e-03
7.458761989237855210e-03
6.974328109899632921e-03
6.517364917906715363e-03
6.086763002612984724e-03
5.681400837304404275e-03
5.300154704569078924e-03
4.941907073335026143e-03
4.605553610396844258e-03
4.290008990570744023e-03
3.994211652636031271e-03
3.717127632805539497e-03
3.457753593490200169e-03
3.215119152465140996e-03
2.988288606096418682e-03
2.776362129945225254e-03
2.578476530735280929e-03
2.393805615260560099e-03
2.221560234242769306e-03
2.060988052345905965e-03
1.911373089449086007e-03
1.772035072804904830e-03
1.642328634810119592e-03
1.521642386734453189e-03
1.409397894842691432e-03
1.305048581859572518e-03
1.208078573625180358e-03
1.118001508032921698e-03
1.034359320898306945e-03
9.567210212435312434e-04
8.846814665716946999e-04
8.178601470196708578e-04
7.558999857966669338e-04
6.984661620151065347e-04
6.452449608824830686e-04
5.959426552297351822e-04
5.502844214878568289e-04
5.080132924756589020e-04
4.688891487149931224e-04
4.326877494338987411e-04
3.991998039425953678e-04
3.682300836627462625e-04
3.395965747485801150e-04
3.131296709518214898e-04
2.886714061441786197e-04
2.660747257154376551e-04
2.452027959066190683e-04
2.259283500113971400e-04
2.081330702808393022e-04
1.917070042926674036e-04
1.765480144933644665e-04
1.625612595865495529e-04
1.496587064214925059e-04
1.377586710291362599e-04
1.267853874574571772e-04
1.166686030716608351e-04
1.073431990059712127e-04
9.874883448127403610e-05
