-1.661716894396633032e-02
-1.982507557440070772e-03
4.365451865490101863e-02
-1.267081919842977418e-02
4.448260319324729567e-02
3.776570888663245695e-02
6.882295843565714756e-03
1.265404854563281431e-02
2.586793993267831951e-02
3.566694630094283114e-02
3.580835679958702111e-02
1.847514602301412664e-02
4.036712372418134465e-02
1.990046412751878685e-02
1.525855294254152561e-02
4.068149169175458435e-02
2.742132271189771583e-02
1.988421306873860636e-02
7.165321022952662877e-02
1.027500196608055472e-02
5.447634909842916096e-02
8.723726051398376230e-03
4.332010064801835453e-02
1.334221963455961557e-02
1.278328130561377785e-02
4.581540996908552155e-02
2.727010567471900831e-03
1.644044595850022161e-02
2.568154162486672651e-02
4.034862872157160552e-02
4.328934984469424985e-02
-1.493923515751882994e-02
3.661409884378697549e-02
3.092697297970708678e-02
2.279806740844059904e-02
1.658017477276308663e-03
-2.315735962221680128e-02
3.846498982791567156e-02
3.022846740543732799e-02
5.272263763102900958e-02
2.221669256526088640e-02
-1.322018334380816243e-02
3.010139922101653237e-02
6.813270020506376722e-03
-1.804222390299302717e-02
-3.106763215067491132e-02
4.771787843642552943e-03
3.171427792209319946e-02
1.430028740134836260e-02
2.513026808469708689e-02
9.735773960651899692e-03
5.609707473318329557e-02
-1.255883549473777068e-02
-1.041629595941466306e-02
1.804943532183493626e-02
-1.236739202248277048e-02
-2.008806223218586803e-02
6.841244426751627757e-03
1.859722816209560814e-02
2.116998978712967758e-02
1.496541393791002601e-02
-2.906101589893866303e-03
2.655847264285458669e-04
1.945772670751264380e-02
1.644171271496338085e-02
3.372737052080553022e-02
-5.635886529204669993e-04
6.020649550156521347e-03
-7.995787290878738490e-03
1.431674595480327992e-03
2.021122844595785867e-02
1.907780800569591415e-02
2.430230764972155996e-02
1.002349278945675534e-02
2.214268591193632382e-02
5.014110613263975808e-02
7.430861835983665516e-03
1.489412075867926032e-02
-6.622418593904982193e-03
-5.782439649900155722e-03
1.399153627876612016e-02
1.321472983003397356e-02
1.744562892362461334e-03
1.833771592328103115e-03
2.227320741966723819e-02
1.210563461178052564e-03
4.111004676472349018e-02
-2.945141384199568071e-02
-8.416020894188193727e-03
-3.115811802746319345e-02
-1.761738865311541016e-02
-4.313777362794648899e-03
1.692892002553866848e-02
1.792229780176103973e-02
-3.303774260948602604e-02
-3.388948986675809766e-02
2.163838729019828058e-02
-1.972547950479654894e-02
1.399916603225362897e-02
7.547566396063406374e-03
