-2.325760868332998887e-02
-8.924529860741497664e-03
3.701254996092055022e-02
-1.962652285885194137e-02
3.739453403915872498e-02
3.221554575568915529e-02
5.104516876319488677e-04
6.035569724754680059e-03
1.860903890939697228e-02
2.819483246276318147e-02
2.833267832341465967e-02
1.108579677651323238e-02
3.372658354764572486e-02
1.357391420180264346e-02
7.908527235089486337e-03
3.380127400672405802e-02
2.084460820566109637e-02
1.279333354244566873e-02
6.432098157869194088e-02
3.646905397904111768e-03
4.750982452202058559e-02
1.742205710213098543e-03
3.567457817264090697e-02
5.936731950694578396e-03
5.364810634350002452e-03
3.812527024776159179e-02
-4.496079976062685585e-03
9.278643022897296519e-03
1.834355768516178833e-02
3.350000729495366397e-02
3.603534003901196631e-02
-2.152225947479760593e-02
2.988062467777840778e-02
2.395626953670063758e-02
1.527823807320981275e-02
-5.423862747982890684e-03
-3.030060053474389892e-02
3.115463159320742970e-02
2.251885448496131550e-02
4.529760372440590904e-02
1.561608842362682131e-02
-1.975788122637644334e-02
2.299407685492737413e-02
-3.914950287739650406e-05
-2.434673398335809522e-02
-3.758783874729162283e-02
-8.610253627083118075e-04
2.594565859154266546e-02
8.472903294083717826e-03
1.927528931339792320e-02
4.499987348981178588e-03
5.074252396155776168e-02
-1.815260542548355685e-02
-1.518537757650810331e-02
1.254214334893274246e-02
-1.734427370319010023e-02
-2.484550461990119724e-02
1.281839381173542495e-03
1.379457659540535633e-02
1.672265174520675898e-02
9.689870856462192567e-03
-7.626515789292663723e-03
-4.342422273076710845e-03
1.457143459028430177e-02
1.143456424254116026e-02
2.847261106458075230e-02
-5.478351206190837201e-03
1.523014271058991710e-03
-1.207742440927792212e-02
-3.389197004159667445e-03
1.645762195511355289e-02
1.533918453454566518e-02
1.984350075257310456e-02
5.112440204964294015e-03
1.786608106997656514e-02
4.663353978637577862e-02
2.973608670618379819e-03
1.169007042500357085e-02
-1.062090936201711029e-02
-9.269009367827757764e-03
1.059958479950377092e-02
9.964721613670736791e-03
-1.390231471718770184e-03
-2.196480919561104566e-03
1.887992547235781832e-02
-2.335779760923250691e-03
3.872247530299074980e-02
-3.255559070868748600e-02
-1.152379673409157854e-02
-3.453647525457202716e-02
-2.069589050466984215e-02
-7.592527822599593433e-03
1.403176957470963875e-02
1.456345841004525084e-02
-3.502826947842323929e-02
-3.739930162486047177e-02
1.920819939575509061e-02
-2.246765834247465080e-02
1.107496455466298359e-02
4.374322418376707343e-03
