-3.066459473241974973e-02
-1.384771044290795776e-02
2.991571571737921750e-02
-2.648468161843300916e-02
3.147392463358373443e-02
2.601502739456566099e-02
-5.647655625660575121e-03
-1.352571808621784606e-04
1.322869100731897951e-02
2.191692142799033655e-02
2.245409931426983405e-02
4.189710271444250893e-03
2.744166796312514506e-02
6.699318381129141381e-03
1.217558098461513343e-03
2.724985628888021774e-02
1.435378039153510817e-02
7.491506686962824506e-03
5.733778827686867446e-02
-2.797551871429355443e-03
4.229304933605324002e-02
-3.805787406128937050e-03
2.860456076572929704e-02
-7.702039335666192041e-04
-1.882802037454425672e-03
3.267926442516361912e-02
-1.204310102659146738e-02
2.134814268406007125e-03
1.096956108783662086e-02
2.690088052586579737e-02
2.992509408031363699e-02
-2.806852044476310093e-02
2.338791891849581472e-02
1.835359338713916585e-02
1.013422893477246810e-02
-1.097250205079145294e-02
-3.702850326380492663e-02
2.493144407923024441e-02
1.702369883500811504e-02
3.914662591078638121e-02
1.067454717104172023e-02
-2.537738516498316832e-02
1.751289660616974289e-02
-4.838281366163501261e-03
-2.896841472485140942e-02
-4.230515875833390504e-02
-4.502680263882952172e-03
2.227747270028997487e-02
4.025963481661178414e-03
1.476629782131807025e-02
9.114624357208577594e-04
4.771344365528137899e-02
-2.272562885276151190e-02
-1.826970929192626644e-02
9.088529028395176540e-03
-2.027992137633838343e-02
-2.886759938895827604e-02
-9.857261026687074400e-04
9.947958670126268513e-03
1.392402411936376726e-02
6.134599373097074197e-03
-1.045742393202011601e-02
-6.959780490437716093e-03
1.168913828697886598e-02
9.239344468554150369e-03
2.612513447670820541e-02
-7.187988535736197782e-03
-1.224745918746233996e-03
-1.418434298255034746e-02
-4.911207197393100028e-03
1.466657495489222078e-02
1.364039596311011383e-02
1.835225635877568359e-02
2.838960123541896946e-03
1.661182886280895832e-02
4.490737855948316593e-02
1.306521055759538421e-03
8.929261488823579673e-03
-1.371095245386867202e-02
-1.123095781237291174e-02
1.012871138862988032e-02
8.379781638053158260e-03
-3.176548358106624174e-03
-3.266275185508886805e-03
1.769658790198570808e-02
-2.564472570067098493e-03
3.717533322124917661e-02
-3.373526931627154890e-02
-1.273295290869175776e-02
-3.642126995118476901e-02
-2.200180360994123674e-02
-8.641048602895450709e-03
1.240083928066186211e-02
1.299766606814967314e-02
-3.576908598529223576e-02
-3.783456249566740509e-02
1.780630977576794921e-02
-2.405356100513738118e-02
1.066960641875620494e-02
3.577105996336356428e-03
