-1.344317002193786900e-02
2.698256553523313214e-02
-1.150715797888088353e-03
1.745214175697732545e-02
5.354915775426619118e-02
4.719715361004669929e-02
2.737947775770794429e-02
2.474389989413552926e-02
5.001379282970350171e-02
2.396585419570164757e-02
3.720957541577349370e-02
4.117908753842014491e-02
5.562218905702093208e-02
-1.941054728170032084e-03
1.805276617593466401e-02
3.201850461013604210e-02
1.001468488071233058e-02
-6.724198101095802543e-03
6.057634886235488750e-03
9.944804217245310080e-03
-3.332640724892672879e-02
8.079298408558388545e-02
2.018295171657980003e-02
1.267816215984847970e-02
2.278362537791897915e-02
-3.500202292182007929e-02
3.648347807409949364e-03
1.112657824975163239e-02
-1.744156086290532840e-03
3.324248132684971976e-04
-4.919932718145283296e-02
5.358484975393359301e-02
2.831078453515459975e-02
8.333447819194735387e-03
6.808653596201304052e-03
-1.396309335727091532e-02
-2.674352754142165708e-02
8.460284227137328250e-03
-2.065595737570037616e-02
-3.887737442465783247e-03
1.885550243396146020e-02
2.578541703447587152e-02
5.703652029087977193e-02
1.426434007290233600e-03
-4.771647612399998462e-02
-9.729432199548816371e-03
-3.702063221738929877e-02
-6.047703065787188997e-02
-1.382403366656551752e-02
-2.155689234794233231e-02
2.009701956668920320e-02
3.627701330744018821e-02
9.021440807393371272e-03
-1.013471914341879934e-03
-4.472210158593599438e-02
5.954464405068072425e-03
5.145461507764135037e-03
-1.781310128773835183e-02
-1.416490359561354585e-02
-2.921229143501407818e-03
5.155888573211758405e-03
1.749041446916524759e-02
1.747346939475462671e-02
-8.054532716101700171e-03
-2.643217508273830452e-02
-1.996986781140627776e-02
-9.255932887903451853e-03
4.413674025616851765e-02
-4.402023954996612393e-02
-1.398060795829294232e-02
4.084654063655624584e-02
1.367137878250279485e-02
-1.523957844358842656e-02
3.458554052206760238e-02
-3.132333753164910639e-02
6.511150793659680781e-03
-1.458458302232276032e-03
-3.285012265787900371e-02
-5.525562336557128008e-03
1.694247211616348517e-02
1.661530471787266844e-02
8.793677473363421121e-03
3.986555617154868836e-02
3.913462000345142161e-02
3.005351936907832075e-02
4.465401578971069790e-03
1.477915525866785491e-02
6.359898025356683013e-03
-3.679663730690448803e-02
-1.683566245255987623e-02
-2.450291988962257500e-02
-4.742940031729520056e-02
6.702744188934722964e-03
2.124441963105147199e-02
-1.904018993822766126e-02
-3.450120072658790539e-03
-1.719112422874004981e-02
-7.777519078852762092e-03
-8.506142314339449825e-03
-1.578942814849751755e-02
