-3.673387198993782569e-03
8.634909946368325359e-03
1.792769471682089180e-02
2.473463585862972769e-02
2.950550577199722094e-02
3.262119875184077422e-02
3.440331779959864694e-02
3.512250817409998810e-02
3.500569437810231027e-02
3.424235832865497875e-02
3.298997974349861945e-02
3.137874503465407083e-02
2.951561800580924932e-02
2.748785419964798124e-02
2.536603065549812921e-02
2.320665395768400918e-02
2.105440163999054357e-02
1.894404513704314730e-02
1.690209642883691923e-02
1.494821521246302715e-02
1.309640876887620264e-02
1.135605259590730109e-02
9.732756284070907815e-03
8.229095959314210174e-03
6.845231853910584835e-03
5.579427146583194885e-03
4.428482094463691288e-03
3.388095626289493179e-03
2.453164946229321325e-03
1.618032282592187648e-03
8.766866804534173552e-04
2.229276599147490823e-04
-3.495033770894717673e-04
-8.468189259043419626e-04
-1.275103989635742799e-03
-1.640253784286694119e-03
-1.947927338159476454e-03
-2.203514250187589563e-03
-2.412112274639775442e-03
-2.578513748043831030e-03
-2.707199175147993742e-03
-2.802336550359574643e-03
-2.867785214711612504e-03
-2.907103240686681814e-03
-2.923557502269218643e-03
-2.920135728990269977e-03
-2.899559963606908146e-03
-2.864300946164944316e-03
-2.816593034921265580e-03
-2.758449349041089058e-03
-2.691676880956955439e-03
-2.617891379367780040e-03
-2.538531848449035976e-03
-2.454874546140262039e-03
-2.368046395417144293e-03
-2.279037748147558912e-03
-2.188714462259004970e-03
-2.097829270187895334e-03
-2.007032430526415907e-03
-1.916881665937030400e-03
-1.827851399204943536e-03
-1.740341306121127429e-03
-1.654684209055672962e-03
-1.571153338870213620e-03
-1.489968995466066501e-03
-1.411304638973615499e-03
-1.335292444530817397e-03
-1.262028353920713374e-03
-1.191576657163493291e-03
-1.123974136592452867e-03
-1.059233805073122670e-03
-9.973482689244956342e-04
-9.382927448319930332e-04
-8.820277586544361106e-04
-8.285015525636975310e-04
-7.776522254500689742e-04
-7.294096300064778493e-04
-6.836970483926473486e-04
-6.404326668937188743e-04
-5.995308685403821130e-04
-5.609033612594860503e-04
-5.244601577831342447e-04
-4.901104222656690271e-04
-4.577631973452453169e-04
-4.273280242418092830e-04
-3.987154674069457285e-04
-3.718375542329155001e-04
-3.466081393872181161e-04
-3.229432024634596951e-04
-3.007610868270072565e-04
-2.799826867823841268e-04
-2.605315894957817681e-04
-2.423341774675718890e-04
-2.253196967632351911e-04
-2.094202956736426172e-04
-1.945710379840939427e-04
-1.807098945829114177e-04
-1.677777167317979926e-04
-1.557181939487480688e-04
-1.444777991173293893e-04
