-9.333280846086764240e-03
4.092454393871114253e-03
1.417801894823936086e-02
2.152028686095451213e-02
2.662490678632874891e-02
2.991900850162530767e-02
3.176224587790617976e-02
3.245638463918171929e-02
3.225361800863432021e-02
3.136377108640042710e-02
2.996053518213215305e-02
2.818685603243008958e-02
2.615958459804267056e-02
2.397348571906124381e-02
2.170468809614064382e-02
1.941364867424426668e-02
1.714769536628692193e-02
1.494320402016323032e-02
1.282745847378508053e-02
1.082023634371585483e-02
8.935157751905554308e-03
7.180829421836010251e-03
5.561812390474884377e-03
4.079437915477268639e-03
2.732492945942955470e-03
1.517793714881903594e-03
4.306635539438052884e-04
-5.346711167899531603e-04
-1.384754546754116133e-03
-2.126634720055083777e-03
-2.767646714314578316e-03
-3.315238582838182096e-03
-3.776833071762929206e-03
-4.159719424713635011e-03
-4.470970344826432491e-03
-4.717379893252845666e-03
-4.905418718041294757e-03
-5.041203539554804658e-03
-5.130478278818479537e-03
-5.178604612607926039e-03
-5.190560081769327733e-03
-5.170942174285745110e-03
-5.123977058177691876e-03
-5.053531856881900500e-03
-4.963129546044504903e-03
-4.855965709850354993e-03
-4.734926530720275431e-03
-4.602607501614337619e-03
-4.461332448047156812e-03
-4.313172529662738681e-03
-4.159964960930585473e-03
-4.003331249039272441e-03
-3.844694795965972016e-03
-3.685297752369682753e-03
-3.526217044587869748e-03
-3.368379523646936914e-03
-3.212576207722986354e-03
-3.059475607684863669e-03
-2.909636139885225532e-03
-2.763517641812719781e-03
-2.621492015074727063e-03
-2.483853026870442779e-03
-2.350825306002861468e-03
-2.222572572876672231e-03
-2.099205145103364908e-03
-1.980786761510628866e-03
-1.867340767722790607e-03
-1.758855706204628553e-03
-1.655290352879546997e-03
-1.556578241259652098e-03
-1.462631713556044807e-03
-1.373345536552580569e-03
-1.288600118191755416e-03
-1.208264358891682341e-03
-1.132198169632797884e-03
-1.060254686857791838e-03
-9.922822122471392815e-04
-9.281259034879841023e-04
-8.676292402635607526e-04
-8.106352878670913635e-04
-7.569877790976800146e-04
-7.065320334330111923e-04
-6.591157308987586651e-04
-6.145895565699200551e-04
-5.728077302453988108e-04
-5.336284345335429039e-04
-4.969141533712854997e-04
-4.625319318707093617e-04
-4.303535673412010008e-04
-4.002557403694484428e-04
-3.721200939496537019e-04
-3.458332678384571767e-04
-3.212868945592542002e-04
-2.983775627946600026e-04
-2.770067532798242563e-04
-2.570807517391274612e-04
-2.385105428905824967e-04
-2.212116890723000539e-04
-2.051041966200243595e-04
-1.901123727405898704e-04
