-2.250391666899267604e-02
-1.369532356242488848e-02
-6.514049948555686309e-03
-7.154321925857342560e-04
3.911964372972497050e-03
7.550587349182277808e-03
1.035762006984342239e-02
1.246824688940815010e-02
1.399851541402840141e-02
1.504784380535476029e-02
1.570121568246489810e-02
1.603110018277405582e-02
1.609913034611763424e-02
1.595756909350633940e-02
1.565058862653670099e-02
1.521538602460806820e-02
1.468315512008302494e-02
1.407993234646598250e-02
1.342733214614821868e-02
1.274318566082215977e-02
1.204209478136907853e-02
1.133591218007444848e-02
1.063415666440968750e-02
9.944372058802832329e-03
9.272436821471111840e-03
8.622830722129198183e-03
7.998864129583751342e-03
7.402874773786527300e-03
6.836396244129339800e-03
6.300301955126509472e-03
5.794927843730345203e-03
5.320176651909816305e-03
4.875606287192462730e-03
4.460504436782549050e-03
4.073951332454559676e-03
3.714872319105576304e-03
3.382081665587682515e-03
3.074318868654681534e-03
2.790278536384244949e-03
2.528634793483668618e-03
2.288061024986351184e-03
2.067245664818432617e-03
1.864904639637120307e-03
1.679790994517206450e-03
1.510702153993637772e-03
1.356485208335898168e-03
1.216040559572061693e-03
1.088324213672190940e-03
9.723489635405373373e-04
8.671846712603554705e-04
7.719578266857905508e-04
6.858505323688579829e-04
6.080990414065378866e-04
5.379919546201232181e-04
4.748681661205613521e-04
4.181146314049615474e-04
3.671640193513838954e-04
3.214922985513379936e-04
2.806162990972397306e-04
2.440912830109744558e-04
2.115085497723637100e-04
1.824930977191356694e-04
1.567013573001310809e-04
1.338190081465104580e-04
1.135588885732153729e-04
9.565900334053401271e-05
7.988063321137444869e-05
6.600654796252200095e-05
5.383932298606201958e-05
4.319975839681648852e-05
3.392539859683411235e-05
2.586914949880572906e-05
1.889799004229665829e-05
1.289177422031525470e-05
7.742119543523119304e-06
3.351377683526721770e-06
-3.683170634641817764e-07
-3.495925881680196287e-06
-6.102314472706599950e-06
-8.250997316745745883e-06
-9.998821344945772651e-06
-1.139659307685053982e-05
-1.248965312431409404e-05
-1.331840179618495683e-05
-1.391877936144516963e-05
-1.432270434619596741e-05
-1.455847305512025477e-05
-1.465112332340754928e-05
-1.462276532268247582e-05
-1.449288206586667334e-05
-1.427860208240333052e-05
-1.399494656783788042e-05
-1.365505315108547909e-05
-1.327037826930816994e-05
-1.285087999448112077e-05
-1.240518301760903019e-05
-1.194072736620402169e-05
-1.146390230799621202e-05
-1.098016677879423898e-05
-1.049415756474749562e-05
