-1.876424124323928383e-02
2.401920444610837133e-02
-4.404520381048339893e-03
1.399084383128865357e-02
5.027785689566408034e-02
4.441050394662299922e-02
2.433888829173162099e-02
2.155012201336880401e-02
4.677431361560335787e-02
2.030671006618929575e-02
3.334873667101927869e-02
3.806149657008935788e-02
5.308070059153524589e-02
-3.207826915667821941e-03
1.596438179596544257e-02
2.939533378542294115e-02
7.164954776301479984e-03
-1.116899034031343732e-02
3.914470470430469508e-03
5.987188095428443851e-03
-3.610669723930501340e-02
7.644486035183939432e-02
1.567191044262104815e-02
1.063815435027470717e-02
1.919516959141528284e-02
-3.710583854555393746e-02
8.877836145165465430e-04
7.238699919890816646e-03
-5.162264899430597451e-03
-2.235194774329764180e-03
-5.065685220390028082e-02
5.127340347318719294e-02
2.463531317002665838e-02
4.693034100795074985e-03
5.648313304064612322e-03
-1.681494824509511057e-02
-2.921829551297864050e-02
5.121229676939588298e-03
-2.301032314087530367e-02
-7.117645334570494274e-03
1.601684949714110573e-02
2.212260080515117064e-02
5.350560780374463699e-02
-4.334509300484344174e-04
-4.911033947536330019e-02
-1.259247908997449331e-02
-3.900730944360236013e-02
-6.372036355488629178e-02
-1.744495805173993178e-02
-2.460959256360895769e-02
1.732054816930189700e-02
3.482506533384138736e-02
6.110565663938373991e-03
-3.726343201684098692e-03
-4.703389369642812373e-02
5.822513564501982132e-03
4.095414450634809328e-03
-1.948548477197639336e-02
-1.724630382086003375e-02
-5.920024303181112453e-03
1.887817166514488797e-03
1.772184603117385460e-02
1.756624652819680985e-02
-9.530313382058782506e-03
-2.850562380455429201e-02
-2.222801294461647717e-02
-1.229361521957158740e-02
4.173454921309407983e-02
-4.593847048956205270e-02
-1.563950567020525387e-02
3.889717405283439622e-02
1.226175914437657548e-02
-1.594533070709558062e-02
3.450049182738281622e-02
-3.316115256299752290e-02
5.141248297391759828e-03
-1.840661503043069169e-03
-3.455206858395116348e-02
-6.644424686022650482e-03
1.687351210162581910e-02
1.658128754030410018e-02
7.192572752145963075e-03
3.819644826450659808e-02
3.990777435739465556e-02
3.072760094477370099e-02
3.917173137283448854e-03
1.452332112722190538e-02
5.537858939197985546e-03
-3.760460664814071347e-02
-1.545412912665337229e-02
-2.465675603924704501e-02
-4.898411311482756686e-02
6.993427771988601493e-03
1.967650017066307003e-02
-1.902688283322274271e-02
-3.071153839863124436e-03
-1.687683222248882731e-02
-8.275237349972822815e-03
-9.389421371070577269e-03
-1.639259198599424955e-02
