-1.515856126829193129e-02
-7.737640884780980742e-03
-1.541007778910965511e-03
3.592310759530932974e-03
7.804197602753146570e-03
1.121957750500054453e-02
1.394832014683418560e-02
1.608693832506366897e-02
1.772010268454712184e-02
1.892199220513446009e-02
1.975749769254615817e-02
2.028329375445189764e-02
2.054879315302610490e-02
2.059699599527964678e-02
2.046524493667294109e-02
2.018589641762094308e-02
1.978691691361312427e-02
1.929241224616008027e-02
1.872309716314805861e-02
1.809671164396915721e-02
1.742838970846020963e-02
1.673098590153127702e-02
1.601536408045564630e-02
1.529065264287165875e-02
1.456446989497691899e-02
1.384312286609674404e-02
1.313178252320683012e-02
1.243463802296261578e-02
1.175503235562375473e-02
1.109558148161977550e-02
1.045827883437409900e-02
9.844586859680756058e-03
9.255517079975524031e-03
8.691700009068523830e-03
8.153446097337943219e-03
7.640798757250898132e-03
7.153580402784546696e-03
6.691432332434812946e-03
6.253849192734601409e-03
5.840208676401061408e-03
5.449797035353126824e-03
5.081830922953077534e-03
4.735476021091395739e-03
4.409862855400368230e-03
4.104100155274237327e-03
3.817286073886150700e-03
3.548517546481990033e-03
3.296898032411308809e-03
3.061543857189191493e-03
2.841589344979124961e-03
2.636190908894888232e-03
2.444530246125513947e-03
2.265816766810100150e-03
2.099289369577199416e-03
1.944217662491605665e-03
1.799902715617872177e-03
1.665677420335190438e-03
1.540906520760900421e-03
1.424986374016361766e-03
1.317344488470563067e-03
1.217438882408929069e-03
1.124757299695033214e-03
1.038816313829850260e-03
9.591603472854088978e-04
8.853606290246415853e-04
8.170141096520548186e-04
7.537423506131541318e-04
6.951904012228752802e-04
6.410256750091326101e-04
5.909368348663907771e-04
5.446326947898352290e-04
5.018411444713288296e-04
4.623081017554335937e-04
4.257964968521888273e-04
3.920852912607653137e-04
3.609685335547298344e-04
3.322544534980329976e-04
3.057645953854447578e-04
2.813329910183569728e-04
2.588053723246127365e-04
2.380384232986022114e-04
2.188990706659860218e-04
2.012638124577542859e-04
1.850180835036972934e-04
1.700556567193495933e-04
1.562780789575286496e-04
1.435941401207891928e-04
1.319193741802222159e-04
1.211755907152924409e-04
1.112904355755781830e-04
1.021969792655463063e-04
9.383333166538403451e-05
8.614228172231999528e-05
7.907096077595167664e-05
7.257052821627930136e-05
6.659587821308064867e-05
6.110536629877380251e-05
5.606055463303343152e-05
5.142597482530114551e-05
4.716890724026704236e-05
