-2.759726013857224935e-02
-1.141673240989978660e-02
3.307898028496136095e-02
-2.387910181740723892e-02
3.384902448148142257e-02
2.826718890556231129e-02
-2.958472485599378168e-03
2.425527697036764917e-03
1.549912020793602768e-02
2.445715277210272834e-02
2.490451018954040890e-02
6.877410607479240989e-03
3.012598589041028813e-02
9.113788671436839559e-03
3.669720569715256321e-03
2.911128741166198186e-02
1.633607934737693612e-02
9.713895123299927728e-03
5.980779562596958560e-02
-1.364130420181267457e-03
4.458196442944081100e-02
-1.778575893262230147e-03
3.115529246111399531e-02
1.667986576081714875e-03
1.377535687063446979e-03
3.449984797962884348e-02
-9.066995977406467830e-03
5.052653754547519784e-03
1.407587350713530687e-02
2.960206592875893813e-02
3.223355557255248860e-02
-2.544533580066776421e-02
2.567430617856387293e-02
2.028335340344458379e-02
1.204968089837789476e-02
-8.541808760128472011e-03
-3.412395672422995074e-02
2.712427525646033885e-02
1.888516273975134746e-02
4.155807967407847137e-02
1.243103816037249496e-02
-2.404183629436493566e-02
1.929350158630551218e-02
-3.366280787887219583e-03
-2.726667322793291728e-02
-4.072997706708068877e-02
-3.613376906092379687e-03
2.346089441195209693e-02
5.453814328975199917e-03
1.685909202540896226e-02
2.130550500298950857e-03
4.878705298346942137e-02
-2.162011604214725616e-02
-1.753852166261521406e-02
1.051117248960323734e-02
-1.928161405144369206e-02
-2.737410490001455227e-02
-7.986602996387549705e-04
1.057373565152067325e-02
1.424704640806683659e-02
6.971924098187639446e-03
-9.451054077238106935e-03
-5.753094372736638693e-03
1.288122985652931547e-02
9.677891432675217800e-03
2.661757880122779182e-02
-7.198586314210044142e-03
-2.979552994097578130e-05
-1.384712380217472706e-02
-5.053573938895824375e-03
1.488900569365053141e-02
1.381983473765249944e-02
1.868766136618156895e-02
3.898950757644698700e-03
1.677805521198473537e-02
4.567474992803548239e-02
1.407656780626670261e-03
9.779994141552339482e-03
-1.236877495558274045e-02
-1.097787456876985271e-02
9.609833995918483016e-03
8.990433646693716738e-03
-2.914026045095024619e-03
-3.153696055942039299e-03
1.786349819891607307e-02
-3.042883819507466361e-03
3.687835426679331174e-02
-3.370634672425729811e-02
-1.255026221907370836e-02
-3.588706859017521539e-02
-2.130389716056292279e-02
-8.733300032880456434e-03
1.309160587262208665e-02
1.384914315258153894e-02
-3.592063854838249692e-02
-3.795363835059766683e-02
1.770390952275641139e-02
-2.378012147650954838e-02
1.051319936129107950e-02
3.342867419890364466e-03
