5.740538591378307326e-03
1.594710202905506857e-02
2.377834141728349393e-02
2.963014618361755129e-02
3.384112053007837934e-02
3.670022925498216820e-02
3.845347592572283951e-02
3.930973130218676226e-02
3.944581595136174151e-02
3.901092865057928516e-02
3.813050126598643147e-02
3.690955115114189639e-02
3.543559359323377594e-02
3.378116931275571000e-02
3.200603538245739427e-02
3.015906207176898696e-02
2.827987295388096137e-02
2.640026105459698791e-02
2.454540980434606959e-02
2.273494401473965393e-02
2.098383298330697838e-02
1.930316508537843756e-02
1.770081079696849899e-02
1.618198896837036438e-02
1.474974930087671020e-02
1.340538233836250162e-02
1.214876684467098081e-02
1.097866317317835322e-02
9.892960125660500356e-03
8.888881825154791236e-03
7.963160275559979726e-03
7.112178534809122585e-03
6.332088775833947039e-03
5.618908938955885848e-03
4.968601180854572211e-03
4.377134890112722651e-03
3.840536659788378743e-03
3.354929276706173150e-03
2.916561499184950994e-03
2.521830144441086774e-03
2.167295789268616248e-03
1.849693198702043011e-03
1.565937433611162485e-03
1.313126446391062532e-03
1.088540851310784707e-03
8.896414502257629642e-04
7.140650030961889425e-04
5.596186542034271155e-04
4.242733574687882619e-04
3.061565864079501126e-04
2.035445647334621980e-04
1.148542113400272471e-04
3.863495740365598466e-05
-2.643943724935874512e-05
-8.157896723307066569e-05
-1.278852847213687687e-04
-1.663593615209599079e-04
-1.979088643823075956e-04
-2.233552106221249438e-04
-2.434402817187032025e-04
-2.588327812481051263e-04
-2.701342306326674769e-04
-2.778846019138962731e-04
-2.825675913474083849e-04
-2.846155412275857503e-04
-2.844140201386429010e-04
-2.823060739298608943e-04
-2.785961612401339701e-04
-2.735537884485519456e-04
-2.674168595872801826e-04
-2.603947570919371577e-04
-2.526711693437787938e-04
-2.444066808288769630e-04
-2.357411404457371035e-04
-2.267958230711987749e-04
-2.176753989758220716e-04
-2.084697250901107013e-04
-1.992554714831827525e-04
-1.900975957436353242e-04
-1.810506772628027884e-04
-1.721601227251764619e-04
-1.634632534189204276e-04
-1.549902842987060285e-04
-1.467652040693639276e-04
-1.388065649166309696e-04
-1.311281898938744647e-04
-1.237398053834793245e-04
-1.166476054901651642e-04
-1.098547546917726667e-04
-1.033618345714043096e-04
-9.716723998317946024e-05
-9.126752956186440376e-05
-8.565773507360725856e-05
-8.033163372006908362e-05
-7.528198715036348596e-05
-7.050075060325888864e-05
-6.597925529483450718e-05
-6.170836688294943520e-05
-5.767862257818992837e-05
-5.388034923011528443e-05
