1.698589004505229221e-03
5.553417275545931286e-03
9.276581585785780015e-03
1.279947955034210771e-02
1.607334890722071294e-02
1.906558064381924308e-02
2.175660478958388322e-02
2.413726845180192565e-02
2.620663625053769319e-02
2.797015255895957814e-02
2.943811303801308760e-02
3.062440001176672949e-02
3.154544238714525328e-02
3.221936618962262244e-02
3.266530646206532162e-02
3.290285534295319531e-02
3.295162467804484130e-02
3.283090459251065962e-02
3.255940211693535841e-02
3.215504627163512374e-02
3.163484801445242550e-02
3.101480518710047346e-02
3.030984408890348425e-02
2.953379059482596353e-02
2.869936484365649340e-02
2.781819447545232082e-02
2.690084221529692038e-02
2.595684430094858178e-02
2.499475685069172531e-02
2.402220777829477266e-02
2.304595229634424924e-02
2.207193041775657588e-02
2.110532517702401120e-02
2.015062055561272353e-02
1.921165831676029806e-02
1.829169313967496380e-02
1.739344559699607107e-02
1.651915264681973888e-02
1.567061541551227274e-02
1.484924413328819574e-02
1.405610015402364125e-02
1.329193504651456428e-02
1.255722678853083037e-02
1.185221312941701216e-02
1.117692221324207737e-02
1.053120057396739716e-02
9.914738627952491418e-03
9.327093798346942216e-03
8.767711411370475091e-03
8.235943506882014570e-03
7.731065705589013071e-03
7.252292273265136674e-03
6.798789518856828556e-03
6.369687658728984299e-03
5.964091273826582426e-03
5.581088480461026541e-03
5.219758928972106395e-03
4.879180737835253287e-03
4.558436464014724125e-03
4.256618203614465773e-03
3.972831910235033633e-03
3.706201011973702091e-03
3.455869401755819886e-03
3.221003869695678815e-03
3.000796040480869543e-03
2.794463873371748255e-03
2.601252777317273560e-03
2.420436388913079027e-03
2.251317056466284848e-03
2.093226069278901740e-03
1.945523667409675053e-03
1.807598863612681472e-03
1.678869105867802740e-03
1.558779805900347478e-03
1.446803756320724993e-03
1.342440456485783284e-03
1.245215364876960497e-03
1.154679093692204638e-03
1.070406559444654756e-03
9.919961016375954555e-04
9.190685800287334752e-04
8.512664595948408542e-04
7.882528910478787390e-04
7.297107936244560337e-04
6.753419458608679116e-04
6.248660891658465444e-04
5.780200482028167910e-04
5.345568713840086195e-04
4.942449941518572108e-04
4.568674271709465798e-04
4.222209710692420592e-04
3.901154589438031147e-04
3.603730274775752149e-04
3.328274171945896963e-04
3.073233021058464410e-04
2.837156487626607028e-04
2.618691045340011615e-04
2.416574147555030749e-04
2.229628682568178131e-04
2.056757706576122684e-04
