-1.693597160110719979e-02
-6.808207570746772908e-03
1.243232983488936488e-03
7.550561555869645357e-03
1.239882841974172811e-02
1.603215048229459858e-02
1.865915613271788148e-02
2.045774206854008778e-02
2.157922587340608753e-02
2.215196820303224484e-02
2.228452966759958409e-02
2.206841974787095151e-02
2.158048823293301499e-02
2.088500361676147096e-02
2.003545754744208776e-02
1.907612970579146069e-02
1.804344332738509749e-02
1.696713790982035119e-02
1.587128240883409896e-02
1.477514937249623135e-02
1.369396794763559806e-02
1.263957147751634119e-02
1.162095345964947457e-02
1.064474391656592897e-02
9.715616723002572577e-03
8.836637106011624443e-03
8.009557368533062188e-03
7.235067862978152020e-03
6.513009342560755963e-03
5.842552029625849505e-03
5.222346048929090920e-03
4.650647268110544991e-03
4.125422057226581229e-03
3.644434015099715096e-03
3.205315304422797114e-03
2.805624882954106149e-03
2.442895608539631495e-03
2.114671925607507566e-03
1.818539605358258406e-03
1.552148806858504211e-03
1.313231547879164553e-03
1.099614519294721433e-03
9.092280422680230553e-04
7.401118507250501952e-04
5.904182805261540615e-04
4.584133592862946888e-04
3.424762152504290044e-04
2.410971584666976759e-04
1.528747313817978987e-04
7.651197773777184893e-05
1.081213724948631646e-05
-4.532606191191054096e-05
-9.291337109975988592e-05
-1.328751337322472449e-04
-1.660564484439381629e-04
-1.932273075125456180e-04
-2.150876509515653109e-04
-2.322722898993330020e-04
-2.453556640359527957e-04
-2.548564070236334668e-04
-2.612417016561400379e-04
-2.649314127472568794e-04
-2.663019909842103111e-04
-2.656901451910049020e-04
-2.633962838367953727e-04
-2.596877293134904410e-04
-2.548017106050629943e-04
-2.489481415734089501e-04
-2.423121932735737474e-04
-2.350566695546897752e-04
-2.273241957618733940e-04
-2.192392306796965692e-04
-2.109099119932008031e-04
-2.024297455246949393e-04
-1.938791483650734193e-04
-1.853268557834785129e-04
-1.768312014910306896e-04
-1.684412804715767586e-04
-1.601980031904633693e-04
-1.521350495639810859e-04
-1.442797306278886804e-04
-1.366537653918877351e-04
-1.292739799149968366e-04
-1.221529351900185701e-04
-1.152994899880463344e-04
-1.087193043895830517e-04
-1.024152893198652264e-04
-9.638800701423886632e-05
-9.063602696617474022e-05
-8.515624155651859849e-05
-7.994414522824810714e-05
-7.499408075642411114e-05
-7.029945586801438395e-05
-6.585293319045846638e-05
-6.164659625070684733e-05
-5.767209400736551719e-05
-5.392076617677622416e-05
-5.038375140857410391e-05
-4.705208017666343408e-05
-4.391675407678647780e-05
