1.585099721686062182e-02
1.689541308271721304e-02
1.819681437496948814e-02
1.963980033047667273e-02
2.113403391241503587e-02
2.261000013670539516e-02
2.401539386977405086e-02
2.531205102849702973e-02
2.647334823895324679e-02
2.748200575595143025e-02
2.832823697620785730e-02
2.900819534106634928e-02
2.952267594906176490e-02
2.987603489847510257e-02
3.007529435586407673e-02
3.012940568700368110e-02
3.004864676981662194e-02
2.984413290347881498e-02
2.952742359448240830e-02
2.911020999229183004e-02
2.860406991118422809e-02
2.802027925210603260e-02
2.736967026509005280e-02
2.666252850074157452e-02
2.590852151641395013e-02
2.511665345342673286e-02
2.429524050749071878e-02
2.345190309419717400e-02
2.259357118146992568e-02
2.172649983568069459e-02
2.085629252029370245e-02
1.998793010645151524e-02
1.912580391346082459e-02
1.827375140207987414e-02
1.743509340217003212e-02
1.661267197502941384e-02
1.580888819512986376e-02
1.502573929085661460e-02
1.426485471339796612e-02
1.352753081079026247e-02
1.281476387344688238e-02
1.212728139102145844e-02
1.146557142053790911e-02
1.082991001440372809e-02
1.022038669596840588e-02
9.636928001210808697e-03
9.079319129240559852e-03
8.547223762697158528e-03
8.040202132782940658e-03
7.557727413391881685e-03
7.099200535291385825e-03
6.663963515173959226e-03
6.251311396121764577e-03
5.860502896046304935e-03
5.490769859336243168e-03
5.141325604569641286e-03
4.811372257975223173e-03
4.500107158569484518e-03
4.206728416726397170e-03
3.930439703496590824e-03
3.670454343399292586e-03
3.425998778757242697e-03
3.196315469007334625e-03
2.980665283857032895e-03
2.778329444715004360e-03
2.588611064538083421e-03
2.410836332131863213e-03
2.244355383036046852e-03
2.088542895430199695e-03
1.942798446016819319e-03
1.806546657578890665e-03
1.679237166867321917e-03
1.560344438645901036e-03
1.449367449102017310e-03
1.345829259412964409e-03
1.249276498031668976e-03
1.159278768213020455e-03
1.075427995432763455e-03
9.973377276451308310e-04
9.246423997730456555e-04
8.569965724155113179e-04
7.940741534811146182e-04
7.355676103045643861e-04
6.811871787657185727e-04
6.306600749986548656e-04
5.837297144436052500e-04
5.401549422488824805e-04
4.997092783658017455e-04
4.621801800898702318e-04
4.273683242795283245e-04
3.950869110233375570e-04
3.651609901218524608e-04
3.374268113962492258e-04
3.117311995271154659e-04
2.879309538590877878e-04
2.658922733761254426e-04
2.454902068542116119e-04
2.266081280297598856e-04
2.091372354796935246e-04
1.929760767902058167e-04
