-4.864560587194258906e-03
6.133647738145390615e-04
4.976666374222063309e-03
8.398924929298704281e-03
1.102972701712551587e-02
1.299775987849918074e-02
1.441352496697294837e-02
1.537171569021868189e-02
1.595329950164477845e-02
1.622733982099216696e-02
1.625258911692837455e-02
1.607888081341371858e-02
1.574834443142725596e-02
1.529646550104281008e-02
1.475300923364404777e-02
1.414282469276578746e-02
1.348654421133060020e-02
1.280119104331970542e-02
1.210070668288897380e-02
1.139640791027369746e-02
1.069738241079639524e-02
1.001083074250731439e-02
9.342361483124525176e-03
8.696245553517395130e-03
8.075634980148408554e-03
7.482750711261773255e-03
6.919043531083182361e-03
6.385331613921266421e-03
5.881917817904301973e-03
5.408689429117884834e-03
4.965202724905354650e-03
4.550754424541552691e-03
4.164441831512996975e-03
3.805213239916300800e-03
3.471909974202409734e-03
3.163301253268845439e-03
2.878112913749309668e-03
2.615050890630397397e-03
2.372820233706498475e-03
2.150140333807030665e-03
1.945756941376161359e-03
1.758451480249557421e-03
1.587048089939639911e-03
1.430418769161606509e-03
1.287486940606936752e-03
1.157229711129111180e-03
1.038679061694173025e-03
9.309221669146297302e-04
8.331010140675014410e-04
7.444114656145631257e-04
6.641018868834547544e-04
5.914714412834363218e-04
5.258681388245894928e-04
4.666867094383010846e-04
4.133663603564799796e-04
3.653884663311601213e-04
3.222742325322103902e-04
2.835823623449038608e-04
2.489067558229984996e-04
2.178742590810162517e-04
1.901424802956804211e-04
1.653976841124196696e-04
1.433527730151805315e-04
1.237453615265600741e-04
1.063359468822897978e-04
9.090617800139332884e-05
7.725722309202381335e-05
6.520823504192350874e-05
5.459491279747647917e-05
4.526815619826455575e-05
3.709281117189768126e-05
2.994650177835529031e-05
2.371854529970783250e-05
1.830894637898600272e-05
1.362746610321263654e-05
9.592761884903960434e-06
6.131594010664155950e-06
3.178094783769377322e-06
6.730962804977059892e-07
-1.436487140477863030e-06
-3.198225296703214801e-06
-4.654691175502099479e-06
-5.843935865380557549e-06
-6.799922658046197738e-06
-7.552923380703237071e-06
-8.129879844743573823e-06
-8.554733125017778593e-06
-8.848723215160007611e-06
-9.030661440218948365e-06
-9.117177849076721005e-06
-9.122945656531283583e-06
-9.060884658974939130e-06
-8.942345408653302422e-06
-8.777275799716365197e-06
-8.574371594748240631e-06
-8.341212303153695102e-06
-8.084383712588632251e-06
-7.809588271384200660e-06
-7.521744423423171112e-06
-7.225075906939878903e-06
