-2.192484021976949093e-03
2.748523833453229721e-03
6.736097339779915927e-03
9.910083697614174847e-03
1.239205002879470441e-02
1.428752443583527522e-02
1.568797337684869897e-02
1.667254550359002427e-02
1.730960873588440266e-02
1.765810434286665953e-02
1.776873912978408493e-02
1.768503445256526183e-02
1.744424866878003730e-02
1.707818775431628466e-02
1.661391714448135631e-02
1.607438637346706237e-02
1.547897676683267568e-02
1.484398126970122231e-02
1.418302445253760528e-02
1.350742981224983125e-02
1.282654066605842455e-02
1.214800020764896654e-02
1.147799564934016796e-02
1.082147080126214661e-02
1.018231093073812370e-02
9.563503294975675070e-03
8.967276341370556542e-03
8.395220216481881145e-03
7.848390911955830523e-03
7.327400098821286629e-03
6.832492456619007268e-03
6.363612087166719417e-03
5.920459411212981513e-03
5.502539776953233389e-03
5.109204859849021847e-03
4.739687801161417829e-03
4.393132916089540277e-03
4.068620699623240640e-03
3.765188767602523252e-03
3.481849290628526855e-03
3.217603408151741874e-03
2.971453048172272363e-03
2.742410523548104856e-03
2.529506228054287636e-03
2.331794713301243039e-03
2.148359390722923926e-03
1.978316070482461810e-03
1.820815520779851468e-03
1.675045206209800543e-03
1.540230342089533855e-03
1.415634382685152697e-03
1.300559044683508806e-03
1.194343952794288182e-03
1.096365981768082599e-03
1.006038358154225359e-03
9.228095755970590775e-04
8.461621692048674776e-04
7.756113873660286286e-04
7.107037931949616730e-04
6.510158224450677926e-04
5.961523201205670653e-04
5.457450740601650510e-04
4.994513603702367298e-04
4.569525126812196331e-04
4.179525247243817557e-04
3.821766936210894061e-04
3.493703094941098082e-04
3.192973955072288717e-04
2.917395011778993724e-04
2.664945507547605234e-04
2.433757475788144386e-04
2.222105346286701397e-04
2.028396108645452679e-04
1.851160025135255554e-04
1.689041880632530615e-04
1.540792754382334191e-04
1.405262296097731733e-04
1.281391487262524922e-04
1.168205867355875884e-04
1.064809203981989777e-04
9.703775854953106236e-05
8.841539146015370732e-05
8.054427815350675827e-05
7.336056957200495982e-05
6.680566552770047649e-05
6.082580343079753952e-05
5.537167685527713735e-05
5.039808207342985397e-05
4.586359076826433646e-05
4.173024721293643686e-05
3.796328828819229791e-05
3.453088479121474446e-05
3.140390257131090031e-05
2.855568210883833216e-05
2.596183523305299926e-05
2.360005775171864070e-05
2.144995683998430423e-05
1.949289210795943721e-05
1.771182933540094536e-05
1.609120592785763716e-05
