2.529162830081921332e-03
2.167566988479308412e-02
-2.211800464051847867e-02
1.424396776599181833e-02
4.448894418563628661e-02
-2.036381008326418329e-02
6.649758465410950635e-03
-4.717159004680070633e-04
2.507894808729361005e-02
3.000379748905223146e-02
2.783071144852184917e-02
1.479119982663397274e-02
-1.547055950904340817e-02
1.357623119799553427e-02
2.644953762441565673e-02
3.063479637602309694e-02
2.503411171590552622e-03
-1.010029300422135567e-02
3.416543187235479562e-02
4.274739442184394972e-02
3.614218504926790254e-02
4.273921151245235750e-02
7.083597231643301399e-03
2.237926903417877724e-03
3.870914315358064267e-02
-1.025493305865071529e-02
5.136285485097557592e-03
1.503954745637038062e-03
-1.250101412285401468e-02
1.503315594930780888e-02
3.736855371797207642e-02
6.671513706574129510e-03
1.106121131641787415e-02
-1.498621352226916018e-02
-1.938884574351105311e-02
1.563863646260428173e-03
-1.070690978316090475e-02
-1.753062405432241925e-03
9.429811371805743928e-03
-2.135117984728916035e-02
2.212301149365791461e-02
1.784878983841095904e-02
-1.422804264729170612e-02
3.630466656537732761e-03
-8.503632538790875314e-03
-1.472186455247480666e-02
-9.679029711972687855e-03
1.955337314740022286e-02
-6.124397088678510239e-04
1.583586241819201490e-02
3.998815125301737050e-03
1.198043105708692345e-02
1.016344640281035758e-02
-1.811732748689601213e-02
2.023660061026381213e-02
-5.452576467915424413e-02
-8.460938854462163664e-03
9.791008461109447850e-03
-7.773042202301961613e-03
-1.691913347727552405e-02
-1.022148183884055705e-02
-1.675306652162539961e-02
1.281681376372217906e-03
-2.560743761464601143e-02
-2.846855724413724711e-02
8.835700532510128158e-03
-1.419993337717566709e-02
-3.693620252505564611e-02
3.633086627790636791e-02
-2.845659589942240927e-02
1.021641681030928265e-03
1.587599248822326933e-02
-2.661432463298706030e-02
4.851965417982460893e-02
2.037599015391779525e-02
2.881165038928413646e-03
4.394307324777932053e-03
-2.017677713276796667e-02
8.108874700701464155e-03
1.506092910068866945e-03
2.660079079220024900e-02
-1.177144455879477157e-02
1.985863525403264163e-02
-1.522008346313678817e-02
1.087115413557968729e-02
-2.868782006770259976e-02
3.046105887736386825e-02
1.657578926609133002e-02
6.531748363923632617e-02
-3.051017549072414584e-02
-1.833368058898016129e-02
-5.416047887698036828e-03
-4.049897951101218141e-02
3.082584951426492817e-02
4.762347632811888935e-03
-8.329893915023124651e-04
1.258841432525444753e-02
1.756635988374952162e-02
2.106147844006754644e-02
-1.513938603299132789e-02
