4.234104876219064312e-02
3.398245411416647710e-02
2.785252620005667160e-02
2.350560333873006127e-02
2.056991024174688321e-02
1.873665134892563144e-02
1.775059462013803269e-02
1.740195291174325559e-02
1.751939403539738357e-02
1.796403167878640045e-02
1.862426790150008976e-02
1.941137420506646588e-02
2.025571247971129710e-02
2.110350968657340176e-02
2.191411115053683994e-02
2.265764699904435076e-02
2.331305474836234404e-02
2.386640845397154306e-02
2.430951133249139445e-02
2.463871444039897329e-02
2.485392895823684140e-02
2.495780396485530045e-02
2.495504537107150547e-02
2.485185498342665222e-02
2.465547154593311294e-02
2.437379811317519004e-02
2.401510228794404012e-02
2.358777775129330262e-02
2.310015715815713633e-02
2.256036789882224017e-02
2.197622346313073127e-02
2.135514421449829017e-02
2.070410230588990569e-02
2.002958626842637341e-02
1.933758149162594780e-02
1.863356340672255723e-02
1.792250069357386594e-02
1.720886626834040867e-02
1.649665418297078731e-02
1.578940088694458233e-02
1.509020957402231605e-02
1.440177656831475965e-02
1.372641890037917464e-02
1.306610239012716800e-02
1.242246969330917244e-02
1.179686788589380184e-02
1.119037525897529153e-02
1.060382707868605737e-02
1.003784013336121370e-02
9.492835945975688222e-03
8.969062575445932092e-03
8.466614967309306350e-03
7.985453843900282983e-03
7.525423147585632785e-03
7.086266068889738451e-03
6.667639705284467491e-03
6.269128406763192253e-03
5.890255871686005118e-03
5.530496061302762542e-03
5.189283004282769715e-03
4.866019563886122765e-03
4.560085240425501736e-03
4.270843080660106927e-03
3.997645763964163823e-03
3.739840932711950127e-03
3.496775831478120006e-03
3.267801316498010825e-03
3.052275293475131910e-03
2.849565638350509255e-03
2.659052652131993662e-03
2.480131097377805908e-03
2.312211860482566925e-03
2.154723280560174800e-03
2.007112182482743024e-03
1.868844648537402314e-03
1.739406560216508364e-03
1.618303938870457913e-03
1.505063111330405459e-03
1.399230724152391702e-03
1.300373627843838184e-03
1.208078650304885695e-03
1.121952276746485382e-03
1.041620251528617641e-03
9.667271156891834010e-04
8.969356923998799075e-04
8.319265311823515526e-04
7.713973204383594955e-04
7.150622766840717369e-04
6.626515178231105578e-04
6.139104268381897480e-04
5.685990114198273592e-04
5.264912642755345323e-04
4.873745281674552463e-04
4.510488691041628865e-04
4.173264605571196041e-04
3.860309810785053164e-04
3.569970272592382803e-04
3.300695435791015987e-04
3.051032703601907060e-04
2.819622107361075686e-04
