1.384903135525323604e-02
3.416411453992877073e-02
-9.966273272397047078e-03
2.624853726033470405e-02
5.626270589978599884e-02
-9.029579619950028196e-03
1.800180950994836188e-02
9.856788195390148513e-03
3.577646022876166537e-02
4.172125719255347087e-02
4.010960038864637422e-02
2.694225111049675450e-02
-3.395502871465587089e-03
2.621338679481349451e-02
3.933749348594794276e-02
4.294806953764903484e-02
1.513489130114319819e-02
1.064896790401078644e-03
4.801080526734553128e-02
5.457617814466834277e-02
4.806881266619123655e-02
5.555440816907131207e-02
1.944101840150161409e-02
1.423607208736477926e-02
5.146118858894721537e-02
2.960941972295506180e-03
1.788074834351680367e-02
1.411325406052173041e-02
3.362568363359995870e-04
2.671674708337803267e-02
5.067623635589774134e-02
1.986900425960623495e-02
2.326797953331012289e-02
-3.144086315834243670e-03
-6.824175491426289451e-03
1.357012571412839590e-02
6.880118811497492855e-04
1.068933683713764980e-02
2.157999117431911792e-02
-1.019187202032013038e-02
3.369201239860603742e-02
2.870364223281289887e-02
-2.322856820449900606e-03
1.408828702924508000e-02
2.287682456909430513e-03
-3.836086928422312390e-03
3.006879560174484768e-04
2.999642530375942751e-02
9.186914595582351684e-03
2.609039097913741501e-02
1.164145939937349071e-02
2.076499301972059910e-02
1.879413877818961187e-02
-8.289297295818431541e-03
2.927405046719460530e-02
-4.565207499689059867e-02
3.240518754502532566e-05
1.820601113851373978e-02
-8.935173362831431271e-05
-8.868943751419238256e-03
-2.645358177345306407e-03
-9.879677018641935121e-03
8.866397336960528744e-03
-1.822224818336839677e-02
-2.022731882401435782e-02
1.553979390678044900e-02
-8.234514946261900503e-03
-2.997617194866891710e-02
4.340955436918943200e-02
-2.192395449047535028e-02
7.226690762198207350e-03
2.331946510495539956e-02
-1.938698160855256356e-02
5.509919505865135819e-02
2.688229931733142342e-02
8.613366393045239489e-03
9.458533016326989978e-03
-1.479804521714637305e-02
1.464996181398500914e-02
7.137408827141742719e-03
3.186899236304637645e-02
-6.051998766669918796e-03
2.502328132793384466e-02
-1.175458074976638498e-02
1.542311457624826083e-02
-2.271380456989176289e-02
3.562602228020213951e-02
2.209350202244105693e-02
6.808582001323457145e-02
-2.569801283901294517e-02
-1.396535052656571081e-02
-1.695131997422925723e-04
-3.626278486622099007e-02
3.524438635414166299e-02
1.045036733643083492e-02
3.262015381110748482e-03
1.636460062002174226e-02
2.059288117546528157e-02
2.513771082158313894e-02
-1.058581556510850008e-02
