1.601930737635346791e-03
2.017131565513888281e-02
-2.339377193166362195e-02
1.303299229009769432e-02
4.324436923993344589e-02
-2.228584689955465450e-02
4.517518389933862857e-03
-2.305331961047585136e-03
2.346826256753834633e-02
2.903443645159583392e-02
2.630035868296441703e-02
1.242404659690441240e-02
-1.751246924094022883e-02
1.244053128828688341e-02
2.528266954842857406e-02
2.927732333332313738e-02
1.246550327999684403e-03
-1.159905365247295046e-02
3.272376388631127037e-02
4.083759214651712377e-02
3.448132261099122464e-02
4.046523722976086423e-02
6.289211888657724944e-03
5.748379973923827945e-04
3.749221521273078672e-02
-1.338525890278413795e-02
3.401242895039486604e-03
-3.610481688117174698e-04
-1.406960133361600217e-02
1.252140221022622277e-02
3.598255690421425096e-02
4.990376451514356645e-03
9.136611213353280567e-03
-1.633507528173422721e-02
-2.103458573885702218e-02
9.618431244512447330e-05
-1.201342583645085942e-02
-3.261474292824230459e-03
7.653207858296105608e-03
-2.251801447982271567e-02
2.027045713792210296e-02
1.606879390776934022e-02
-1.555378582751848308e-02
2.754723997411262677e-03
-9.135760475710527975e-03
-1.637497115533801881e-02
-1.198756255055919741e-02
1.858069772551910331e-02
-2.643507417467699967e-03
1.460764805538483993e-02
3.565990974843568934e-03
1.054802927697973645e-02
9.666506401017311428e-03
-1.921148887672437938e-02
1.968253572361099851e-02
-5.500262821042482125e-02
-9.068051005349070728e-03
8.798394349617153984e-03
-8.064223157935042352e-03
-1.697946358946372455e-02
-9.930529830784655052e-03
-1.676411636779415182e-02
1.016532338247644850e-03
-2.552233139122800018e-02
-2.855676682543608139e-02
8.551888002680219439e-03
-1.490047099928380400e-02
-3.761658859077819661e-02
3.603408743324425928e-02
-2.880643071752835363e-02
5.530647763059864290e-04
1.580560310069161964e-02
-2.723128197689476601e-02
4.841702845481728190e-02
2.045600556695906583e-02
2.615269017223862454e-03
3.807341469236694316e-03
-2.035160667325703124e-02
7.742031113171365421e-03
4.412395144946164608e-04
2.609140860106344204e-02
-1.178727332254021765e-02
1.973951756655303175e-02
-1.494852178733629272e-02
9.548803966251209058e-03
-2.959499313608817891e-02
2.989108895957287571e-02
1.621664538679895573e-02
6.468888634126400417e-02
-3.063897685001497340e-02
-1.933405145411806400e-02
-6.318978931588077781e-03
-4.102749852221691113e-02
3.108452877708159715e-02
4.738288071151458211e-03
-1.034091397838491754e-03
1.145759579678468781e-02
1.706670194839399884e-02
2.119935213476430852e-02
-1.502276920417367802e-02
