3.646337117382551785e-02
3.361801394916002356e-02
3.081063593041040785e-02
2.807627291026033520e-02
2.544137866689935232e-02
2.292529045041474464e-02
2.054147905150869452e-02
1.829861253352424791e-02
1.620145899597951605e-02
1.425165048055866343e-02
1.244832727454747538e-02
1.078867936409788966e-02
9.268399598115423590e-03
7.882061205592576919e-03
6.623430631847816719e-03
5.485725193242738974e-03
4.461823769839602834e-03
3.544437638466248729e-03
2.726247574798726196e-03
2.000012504752749810e-03
1.358654247190258652e-03
7.953222480491161858e-04
3.034416484820300075e-04
-1.232524541184632297e-04
-4.906921125158603819e-04
-8.044629265718415342e-04
-1.069797967480839301e-03
-1.291577736756548481e-03
-1.474334900755285352e-03
-1.622262742296885600e-03
-1.739226443410073382e-03
-1.828776461098352915e-03
-1.894163384543334598e-03
-1.938353770175953693e-03
-1.964046543034615646e-03
-1.973689630960423057e-03
-1.969496564344361007e-03
-1.953462829987823689e-03
-1.927381814601789815e-03
-1.892860212800254530e-03
-1.851332807225799029e-03
-1.804076555622065011e-03
-1.752223942056873934e-03
-1.696775567808949574e-03
-1.638611972273303855e-03
-1.578504686144618224e-03
-1.517126528560956223e-03
-1.455061167225212742e-03
-1.392811966106873630e-03
-1.330810149452278657e-03
-1.269422313746077164e-03
-1.208957321182545491e-03
-1.149672609303902708e-03
-1.091779951897885789e-03
-1.035450706149173682e-03
-9.808205805192167677e-04
-9.279939569796561132e-04
-8.770478001237516988e-04
-8.280351843932257008e-04
-7.809884692388247007e-04
-7.359221505262424773e-04
-6.928354149415855839e-04
-6.517144225719410499e-04
-6.125343412608267538e-04
-5.752611547843949165e-04
-5.398532653770407325e-04
-5.062629096660119492e-04
-4.744374056621291844e-04
-4.443202471039217442e-04
-4.158520601694039396e-04
-3.889714363557558903e-04
-3.636156541834518422e-04
-3.397213013078406794e-04
-3.172248076170094662e-04
-2.960628989583894842e-04
-2.761729802659268463e-04
-2.574934560523267310e-04
-2.399639954841164917e-04
-2.235257485681715320e-04
-2.081215193438729148e-04
-1.936959013920957790e-04
-1.801953804377085628e-04
-1.675684083330872785e-04
-1.557654522633366548e-04
-1.447390226065295882e-04
-1.344436825115249306e-04
-1.248360419190866055e-04
-1.158747384465517728e-04
-1.075204072797312084e-04
-9.973564196576776913e-05
-9.248494777516958918e-05
-8.573468909812204575e-05
-7.945303215758306046e-05
-7.360988415779320970e-05
-6.817682984004073792e-05
-6.312706628628716261e-05
-5.843533669415253086e-05
-5.407786374248953020e-05
-5.003228307412123642e-05
-4.627757734018462957e-05
