1.180027309266903478e-03
5.447769535676044196e-03
8.971493062411435918e-03
1.184664422354859969e-02
1.415795603531657190e-02
1.598055483856283820e-02
1.738095981094132242e-02
1.841798510078837547e-02
1.914355350738672704e-02
1.960342986861059872e-02
1.983788161272216286e-02
1.988227328242630695e-02
1.976760124242323349e-02
1.952097423303800899e-02
1.916604492863727138e-02
1.872339719723246573e-02
1.821089333386063241e-02
1.764398515215016144e-02
1.703599246321635396e-02
1.639835214615554398e-02
1.574084071754615344e-02
1.507177303630676674e-02
1.439817953294324562e-02
1.372596412671898622e-02
1.306004478882348899e-02
1.240447852254004772e-02
1.176257236119311253e-02
1.113698182987251858e-02
1.052979817627676395e-02
9.942625548283120368e-03
9.376649179924673172e-03
8.832695542308401093e-03
8.311285320700578794e-03
7.812679992669060991e-03
7.336922704010387375e-03
6.883874068472331000e-03
6.453243453340243817e-03
6.044616255174784999e-03
5.657477617807877938e-03
5.291232997610011840e-03
4.945225938565701862e-03
4.618753381406870244e-03
4.311078796564996561e-03
4.021443399655482732e-03
3.749075680277019762e-03
3.493199449798529803e-03
3.253040591247362712e-03
3.027832674159805938e-03
2.816821579085529697e-03
2.619269260149521307e-03
2.434456759483968977e-03
2.261686574282320214e-03
2.100284465546638571e-03
1.949600787160683107e-03
1.809011404600644780e-03
1.677918264280590498e-03
1.555749667119107719e-03
1.441960293315013063e-03
1.336031019450556294e-03
1.237468563825085827e-03
1.145804991292894391e-03
1.060597104774952098e-03
9.814257469801818817e-04
9.078950326583427530e-04
8.396315288686912164e-04
7.762833982461073232e-04
7.175195180432459002e-04
6.630285857908337771e-04
6.125182207193814038e-04
5.657140685980412403e-04
5.223589163465949597e-04
4.822118216435576296e-04
4.450472617681980564e-04
4.106543050600386336e-04
3.788358076409890809e-04
3.494076374091448179e-04
3.221979267674334986e-04
2.970463550839081606e-04
2.738034614839980770e-04
2.523299882399030261e-04
2.324962547409082769e-04
2.141815617940109439e-04
1.972736258108275908e-04
1.816680422790207345e-04
1.672677777896917526e-04
1.539826897922043033e-04
1.417290731710014822e-04
1.304292326819458080e-04
1.200110802456604312e-04
1.104077560697609727e-04
1.015572725585454797e-04
9.340217996568998544e-05
8.588925275110477172e-05
7.896919561584923874e-05
7.259636820758949387e-05
6.672852751240490772e-05
6.132658697581910780e-05
5.635439142592673544e-05
5.177850690367669887e-05
4.756802453914762627e-05
