3.387620429891719659e-02
2.757116271370558397e-02
2.285935939573341402e-02
1.942804415746538296e-02
1.701590204363507761e-02
1.540549289399610264e-02
1.441672146192405496e-02
1.390120495179627061e-02
1.373742136466138408e-02
1.382653657907662210e-02
1.408882087577960351e-02
1.446057684781509867e-02
1.489151050474150223e-02
1.534248604233446299e-02
1.578361235077854058e-02
1.619261600107575749e-02
1.655346129296823496e-02
1.685518306670643826e-02
1.709090246258820889e-02
1.725699973322317865e-02
1.735242164178127378e-02
1.737810397489636741e-02
1.733649231418154385e-02
1.723114649197306919e-02
1.706641614593201739e-02
1.684717651958084206e-02
1.657861516350678938e-02
1.626606150277861568e-02
1.591485237468778444e-02
1.553022762885578924e-02
1.511725073804252167e-02
1.468075010932946844e-02
1.422527742638272918e-02
1.375507990707321333e-02
1.327408383811305020e-02
1.278588715943227393e-02
1.229375922441661162e-02
1.180064616542527214e-02
1.130918055382789181e-02
1.082169426592981612e-02
1.034023365564920929e-02
9.866576296080351374e-03
9.402248688972207613e-03
8.948544457022368850e-03
8.506542631652954517e-03
8.077125731135269618e-03
7.660997392769759544e-03
7.258699380222576047e-03
6.870627834729066061e-03
6.497048678136782898e-03
6.138112107918848592e-03
5.793866150418222095e-03
5.464269259610474508e-03
5.149201965396149258e-03
4.848477588539834397e-03
4.561852049450997038e-03
4.289032805556641272e-03
4.029686957479417138e-03
3.783448567975430596e-03
3.549925239917267692e-03
3.328704000795493050e-03
3.119356541481636217e-03
2.921443856537151666e-03
2.734520332325741845e-03
2.558137327724562590e-03
2.391846290444170874e-03
2.235201449950229013e-03
2.087762125807589991e-03
1.949094688001792213e-03
1.818774203484352847e-03
1.696385800877027580e-03
1.581525782988321390e-03
1.473802514567912336e-03
1.372837110570232456e-03
1.278263948131388690e-03
1.189731023493713347e-03
1.106900173246323608e-03
1.029447177491826532e-03
9.570617609004481623e-04
8.894475060733012363e-04
8.263216922044893439e-04
7.674150707048461905e-04
7.124715882246212498e-04
6.612480663843600540e-04
6.135138464879540511e-04
5.690504065445732692e-04
5.276509570618463912e-04
4.891200212862236579e-04
4.532730048528307788e-04
4.199357591613057288e-04
3.889441422112899531e-04
3.601435801066242472e-04
3.333886319664610418e-04
3.085425605600750575e-04
2.854769106060623990e-04
2.640710963420443138e-04
2.442119996742456558e-04
2.257935799540759314e-04
2.087164961978848219e-04
1.928877423634952867e-04
