5.040824589911060277e-02
4.457919369690774986e-02
3.969655600067110990e-02
3.560506426313148065e-02
3.217308863744255260e-02
2.928929210981537010e-02
2.685973143397631449e-02
2.480534783923027745e-02
2.305979750958418034e-02
2.156757801559684717e-02
2.028241232187212584e-02
1.916585677858817158e-02
1.818610371230922756e-02
1.731695292780773693e-02
1.653692967909809255e-02
1.582852951771816785e-02
1.517757292666500370e-02
1.457265484098088995e-02
1.400467607761787109e-02
1.346644538039880323e-02
1.295234225934744493e-02
1.245803209271038707e-02
1.198022608698824307e-02
1.151647967493953789e-02
1.106502379119203572e-02
1.062462421510177585e-02
1.019446482432562022e-02
9.774051172092863143e-03
9.363131296825812425e-03
8.961631103762962916e-03
8.569602032666120625e-03
8.187179050651020862e-03
7.814547290913114591e-03
7.451915902107959441e-03
7.099497884200959598e-03
6.757494868943943016e-03
6.426085960466688604e-03
6.105419887031582685e-03
5.795609831627844891e-03
5.496730409262622942e-03
5.208816344711854340e-03
4.931862478023054698e-03
4.665824787872946411e-03
4.410622176422121163e-03
4.166138804838377153e-03
3.932226807279229179e-03
3.708709243789141356e-03
3.495383180110763887e-03
3.292022805554512335e-03
3.098382519445446945e-03
2.914199932814157644e-03
2.739198745391240464e-03
2.573091469010148433e-03
2.415581977573354275e-03
2.266367871095719463e-03
2.125142647268421156e-03
1.991597678712281154e-03
1.865423997804007122e-03
1.746313893828712639e-03
1.633962329378914856e-03
1.528068184505085737e-03
1.428335338229024627e-03
1.334473597746393481e-03
1.246199486042982689e-03
1.163236898793497745e-03
1.085317641354513907e-03
1.012181856449231431e-03
9.435783528076190953e-04
8.792648446022914696e-04
8.190081110334276535e-04
7.625840848860249285e-04
7.097778783268935071e-04
6.603837536406657795e-04
6.142050460347973310e-04
5.710540450816657069e-04
5.307518408181476251e-04
4.931281399945868990e-04
4.580210574595279917e-04
4.252768871866456396e-04
3.947498569976400193e-04
3.663018706104060078e-04
3.398022402459455844e-04
3.151274126600892120e-04
2.921606911266637872e-04
2.707919555864862857e-04
2.509173828904828524e-04
2.324391688041403995e-04
2.152652532031480031e-04
1.993090496751198648e-04
1.844891805483219003e-04
1.707292181939929279e-04
1.579574332927359114e-04
1.461065506162465672e-04
1.351135127520090569e-04
1.249192520892678643e-04
1.154684712883882926e-04
1.067094323714799526e-04
9.859375449882457922e-05
9.107622043218755186e-05
8.411459163157439418e-05
