4.137538379485471846e-02
3.757264668906456356e-02
3.410129658040531031e-02
3.093438169479246699e-02
2.804691875962768768e-02
2.541577765567540337e-02
2.301956874627649960e-02
2.083853355687736997e-02
1.885443931239347282e-02
1.705047770111343952e-02
1.541116811799067739e-02
1.392226554404528589e-02
1.257067313940531117e-02
1.134435956281364642e-02
1.023228097809414372e-02
9.224307666267750339e-03
8.311155129140710904e-03
7.484319544871910306e-03
6.736017417071192212e-03
6.059129245355890023e-03
5.447147036112105767e-03
4.894125466708305720e-03
4.394636513938567426e-03
3.943727357471767635e-03
3.536881371074769402e-03
3.169982017955914541e-03
2.839279471396402924e-03
2.541359787610284263e-03
2.273116464254560515e-03
2.031724224994585840e-03
1.814614877845869764e-03
1.619455102520675005e-03
1.444126029590558306e-03
1.286704481839879904e-03
1.145445755654597199e-03
1.018767827604956204e-03
9.052368784931287375e-04
8.035540340115515483e-04
7.125432277683356030e-04
6.311400987640970305e-04
5.583818414378965110e-04
4.933979321321154375e-04
4.354016612548598699e-04
3.836824055453103770e-04
3.375985796766986665e-04
2.965712109698529463e-04
2.600780852459544596e-04
2.276484158300343325e-04
1.988579914374830656e-04
1.733247621459429913e-04
1.507048258861573542e-04
1.306887808897947009e-04
1.129984123220277624e-04
9.738368391377512606e-05
8.362000780486131962e-05
7.150576802645647930e-05
6.086007510026258038e-05
5.152073112381679715e-05
4.334238645637542475e-05
3.619487072805056046e-05
2.996168237563537372e-05
2.453862227085057152e-05
1.983255825904596081e-05
1.576030857670864416e-05
1.224763317199459159e-05
9.228322920980212298e-06
6.643377620067496161e-06
4.440264448155917026e-06
2.572249336617801209e-06
9.977943661728202367e-07
-3.199850675252117202e-07
-1.413809008726758061e-06
-2.312672786276580891e-06
-3.042242643188496239e-06
-3.625211413339884925e-06
-4.081618112880327771e-06
-4.429134954279282890e-06
-4.683324963308441689e-06
-4.857873080953102938e-06
-4.964793360781067651e-06
-5.014614625368120761e-06
-5.016546720873096387e-06
-4.978629304830440065e-06
-4.907864916898617519e-06
-4.810337914031555812e-06
-4.691320698824497418e-06
-4.555368531248220383e-06
-4.406404088364648819e-06
-4.247792822757594548e-06
-4.082410067257719373e-06
-3.912700740124680253e-06
-3.740732420288122390e-06
-3.568242485736553430e-06
-3.396679938942297776e-06
-3.227242480649714222e-06
-3.060909336820115700e-06
-2.898470292461157440e-06
-2.740551339962362253e-06
-2.587637307948086016e-06
-2.440091799122922846e-06
