2.862775659942037865e-02
2.359733808869055385e-02
1.976598861515748221e-02
1.690338286452563316e-02
1.481670970466452894e-02
1.334518642805147468e-02
1.235531842558609816e-02
1.173680818681150859e-02
1.139902943421330223e-02
1.126799267954711574e-02
1.128373770617022327e-02
1.139809658188224023e-02
1.157277792341967343e-02
1.177772938289602805e-02
1.198974081104915886e-02
1.219125536312128458e-02
1.236936003093868849e-02
1.251493078028885486e-02
1.262191070872057883e-02
1.268670247077489412e-02
1.270765869424608091e-02
1.268465627546794434e-02
1.261874233182777583e-02
1.251184123923060679e-02
1.236651362059205950e-02
1.218575940463258525e-02
1.197285816517506055e-02
1.173124089996070707e-02
1.146438823242137625e-02
1.117575073546540031e-02
1.086868769684733518e-02
1.054642118313226309e-02
1.021200272419767879e-02
9.868290341910978744e-03
9.517933993209503479e-03
9.163367796419255584e-03
8.806807666521837552e-03
8.450253205681644911e-03
8.095492884459574295e-03
7.744111710945379527e-03
7.397500723191533130e-03
7.056867758015170251e-03
6.723249049233426082e-03
6.397521293135284906e-03
6.080413890581664628e-03
5.772521135401625751e-03
5.474314169313074935e-03
5.186152565828031427e-03
4.908295440707562476e-03
4.640912015552665568e-03
4.384091584955671257e-03
4.137852857072296837e-03
3.902152653179382421e-03
3.676893964337512276e-03
3.461933373180136470e-03
3.257087856529486750e-03
3.062140990362403718e-03
2.876848582930139914e-03
2.700943764843849633e-03
2.534141566900575265e-03
2.376143017537125229e-03
2.226638792226222959e-03
2.085312447009439636e-03
1.951843267811879858e-03
1.825908766302451617e-03
1.707186851932546937e-03
1.595357708473252875e-03
1.490105401932753388e-03
1.391119245217487714e-03
1.298094943340276624e-03
1.210735541406128372e-03
1.128752196045871388e-03
1.051864789437823716e-03
9.798024035729932697e-04
9.123036709906021070e-04
8.491170168458688113e-04
7.900008058764226805e-04
7.347234066106645778e-04
6.830631840126100834e-04
6.348084306835612405e-04
5.897572457405765405e-04
5.477173695637052413e-04
5.085059817460243440e-04
4.719494687900752171e-04
4.378831673682745352e-04
4.061510883000968297e-04
3.766056257918112913e-04
3.491072559319368610e-04
3.235242279338370621e-04
2.997322511625781310e-04
2.776141805730041696e-04
2.570597028166195924e-04
2.379650249432425425e-04
2.202325673264659721e-04
2.037706621769043013e-04
1.884932587713325676e-04
1.743196363165808432e-04
1.611741251820895872e-04
1.489858370721140410e-04
1.376884045656555941e-04
