3.988746950135213520e-02
1.833074459779963222e-02
7.158579077649783462e-02
2.862496933823376662e-03
3.572132081371066220e-02
3.181035145228245688e-03
-4.774465138375775380e-02
2.897015753252019446e-02
-9.978108298145117391e-03
5.851753837263273805e-02
1.546949513128922232e-02
7.268373149119716770e-02
4.935068695778283693e-02
1.300023005344872959e-02
6.629522344946753298e-02
2.610123474090112611e-02
1.671981254464634942e-02
3.752911067376051707e-02
-8.454789388286108659e-04
8.374674297526604402e-03
1.472199567744177789e-02
-9.704761417731574968e-02
-7.187825794777579803e-03
8.248449839643182124e-02
-1.857573608275736587e-02
1.500135988969162303e-02
5.993876370624550559e-02
2.058984117637924910e-02
7.257553085809687055e-02
6.839914823582883552e-02
-5.585713718073196526e-02
-2.256195190573062961e-02
2.426789184070786420e-02
4.022054830382660456e-02
2.066277398434162443e-02
-1.467943297688302853e-02
2.640484179569990361e-02
1.179154869923916202e-02
4.776172260946913439e-02
9.815601190530931497e-03
3.338169652868082371e-02
1.831166534817540298e-02
4.736176921084674085e-02
4.921291886283021139e-02
2.799963714220620944e-02
-3.246430674332121541e-02
-2.365423898576881918e-03
1.222607451860180036e-02
-2.950558249297933686e-02
1.160424287252722481e-02
7.523660003427637237e-03
4.350087821244285474e-02
-1.379768194996919446e-02
3.232362593063602824e-02
3.045387240707378082e-02
7.512684248881853002e-03
1.742589594309185835e-02
-3.155915782677248989e-03
-2.336393202742526043e-02
-3.004081051189724100e-02
2.257708928551659805e-02
6.405232486496596767e-02
3.215281704078866432e-02
3.376466970299801806e-02
-1.583800694490977365e-02
2.108095218208618296e-02
3.251869730860769414e-02
-1.283776183814900468e-02
3.150133439076222702e-02
-7.341021811293993449e-03
4.115979510888834875e-02
2.606867400062214818e-02
6.166688954986457132e-03
-7.105923637706153262e-02
6.598852511485529815e-03
2.544939796908150809e-02
2.993114788098689624e-02
-3.146930595326036945e-02
-2.145685780343228530e-02
3.033675151021115318e-02
-2.198016725577446942e-02
9.950575472899078969e-03
3.217461668106093298e-02
-1.932652853405984750e-02
1.267693815991992150e-02
-4.179125519373442371e-03
5.734545504687275225e-03
8.857350074408235074e-02
-2.367387552803709369e-02
2.300109541102650368e-02
-5.360074790265489247e-02
-1.414471214848423732e-02
1.136036134961432471e-02
2.357420163195593499e-02
-3.074451564758554339e-03
-2.673035370565036289e-02
3.803988291632066226e-02
1.623746050147973491e-02
3.170345113130922793e-02
3.573429439372280414e-02
