3.251870883700512527e-02
1.035887679281401186e-02
6.433733900739878331e-02
-4.064401336531076048e-03
2.530608902203899252e-02
-2.646476643460701859e-03
-5.656659048539381535e-02
1.984385826440852527e-02
-1.924638112639326035e-02
4.786651533536732256e-02
8.843672507848227352e-03
6.462334044432929692e-02
4.191331611609441787e-02
4.195634204817219777e-03
5.966433276694396021e-02
1.534476580677720733e-02
8.529409254738520157e-03
2.951248775431135341e-02
-1.084418428146476619e-02
-2.306901958144057675e-03
5.079749507524114471e-03
-1.072230573743472026e-01
-1.683764985315452586e-02
7.375119738909670375e-02
-2.664970019620212932e-02
4.847236646448483711e-03
4.900875312737913020e-02
1.304488565470509308e-02
6.456876520743751180e-02
6.034951459584811384e-02
-6.687112984798551651e-02
-3.182973178540848130e-02
1.396374739814272049e-02
2.880989955087404075e-02
1.239127085696776348e-02
-2.339115790330772646e-02
1.751149828600756866e-02
3.753580655220564721e-03
3.852189069246481079e-02
2.420587852621336467e-03
2.457613210781088228e-02
1.154415036465918087e-02
3.741577417119805460e-02
4.067638604153527709e-02
2.061516189072403263e-02
-4.085728691216441305e-02
-9.363027235454002978e-03
4.625925835903401534e-03
-3.759369271075514024e-02
1.884909309849652380e-03
-1.071207186981924320e-03
3.556686211581264884e-02
-1.951990694356060818e-02
2.379855454915336122e-02
2.359315677891021465e-02
3.277589765953266765e-04
1.219048550984828949e-02
-9.702152350266777733e-03
-2.997796415657771538e-02
-3.539762285411502535e-02
1.424442379922091773e-02
5.901368175394456489e-02
2.594722521616046190e-02
2.818044237967104459e-02
-2.109821389365670180e-02
1.459025591441210495e-02
2.859007933021214670e-02
-1.979163256946950972e-02
2.769140152592517237e-02
-1.318249608162877506e-02
3.519236990133255139e-02
1.945046299948919449e-02
2.996770920851154606e-03
-7.674546109028769492e-02
6.367719947747418072e-04
2.214366726764344442e-02
2.576905156457252530e-02
-3.531533050885273667e-02
-2.668715379753610131e-02
2.395888182111056627e-02
-2.548778562187184460e-02
5.238190071941940459e-03
2.726818560608963715e-02
-2.349905347491911337e-02
7.610277664387025791e-03
-7.444869139149272626e-03
1.943771522546300021e-03
8.521482590150787628e-02
-2.599761002523238301e-02
1.803500604892413484e-02
-5.848245511018146381e-02
-1.937332165006134393e-02
7.647173412624958672e-03
2.163194152338879239e-02
-4.910046157825769322e-03
-2.978957293215427071e-02
3.451402161891412024e-02
1.322128834686977714e-02
3.096593834828197805e-02
3.039251249067424776e-02
