6.652185208964505117e-03
9.654386518462291372e-03
1.230234172595205157e-02
1.460988794517019754e-02
1.659394878295407036e-02
1.827358254380322122e-02
1.966920638268959687e-02
2.080196937329737220e-02
2.169325121653621277e-02
2.236426658185917959e-02
2.283575791272018929e-02
2.312776199114884718e-02
2.325943769212485829e-02
2.324894420768656642e-02
2.311336061993737867e-02
2.286863908329009668e-02
2.252958506745532732e-02
2.210985913841824468e-02
2.162199563649429973e-02
2.107743436736470022e-02
2.048656207026500198e-02
1.985876098165888226e-02
1.920246228537860617e-02
1.852520264235622133e-02
1.783368233430498648e-02
1.713382384440446243e-02
1.643082994148319792e-02
1.572924053871734701e-02
1.503298776898398005e-02
1.434544886150802487e-02
1.366949652247175656e-02
1.300754661941092016e-02
1.236160304861294752e-02
1.173329972904782297e-02
1.112393971792160693e-02
1.053453148374366814e-02
9.965822404561838072e-03
9.418329583219840068e-03
8.892368089394517283e-03
8.388076750858139072e-03
7.905441624806960541e-03
7.444317284987138697e-03
7.004446062400415673e-03
6.585475377149416221e-03
6.186973296962527610e-03
5.808442454521407956e-03
5.449332451235412191e-03
5.109050869846037610e-03
4.786973012431517543e-03
4.482450474208135235e-03
4.194818657145281231e-03
3.923403320952589812e-03
3.667526262559775083e-03
3.426510208873308205e-03
3.199683001420664408e-03
2.986381145529362624e-03
2.785952790969569749e-03
2.597760205539515702e-03
2.421181797908645954e-03
2.255613741163165625e-03
2.100471243925745076e-03
1.955189511644609898e-03
1.819224436662312573e-03
1.692053051973643708e-03
1.573173780156002710e-03
1.462106505792720116e-03
1.358392496798397492e-03
1.261594197382078777e-03
1.171294912935876443e-03
1.087098404899919032e-03
1.008628411615731862e-03
9.355281093262221527e-04
8.674595257983073494e-04
8.041029175214725426e-04
7.451561200601670683e-04
6.903338798984407897e-04
6.393671750008063327e-04
5.920025303136049882e-04
5.480013335365645786e-04
5.071391556956722675e-04
4.692050803374355340e-04
4.340010445332579347e-04
4.013411943235930699e-04
3.710512567380523218e-04
3.429679300933902836e-04
3.169382938905705238e-04
2.928192392995228950e-04
2.704769209309464280e-04
2.497862303440738898e-04
2.306302915236257208e-04
2.128999783745462373e-04
1.964934541261009315e-04
1.813157324044884649e-04
1.672782596224674657e-04
1.542985182430917025e-04
1.422996504002253229e-04
1.312101012989797151e-04
1.209632817727596257e-04
1.114972493385296476e-04
1.027544070667515621e-04
