3.489214510468503783e-02
1.398619451054724031e-02
6.668491647282760726e-02
-1.753412819710947756e-03
2.996508554237876931e-02
-8.419931371485555064e-04
-5.304454734577773722e-02
2.255767227833943914e-02
-1.525439387458198300e-02
5.283424782333448477e-02
1.052063461790554363e-02
6.637760928074920574e-02
4.439438176550804943e-02
8.957477518522377960e-03
6.197062429927868016e-02
1.959103583167280671e-02
1.089979318194521547e-02
3.193217482834757176e-02
-6.807309080222595163e-03
1.274605911109470040e-03
8.775512049541807358e-03
-1.021398269435150052e-01
-1.292161405584086632e-02
7.661757506592947742e-02
-2.322541406504459449e-02
8.842858766065886389e-03
5.321869512901480914e-02
1.608493679774794169e-02
6.729541375803030356e-02
6.350468871802607274e-02
-6.331204509559776317e-02
-2.939942245591213935e-02
1.879051568453172713e-02
3.325269572848068428e-02
1.474415528859056995e-02
-2.054319538711303281e-02
2.037008126162609747e-02
6.749786143599825414e-03
4.202338347340011521e-02
4.740555901396477020e-03
2.798530408857264132e-02
1.476985695445013486e-02
4.179014221622757985e-02
4.303471591862734202e-02
2.202227769315711833e-02
-3.845908366945655771e-02
-7.368975452057014049e-03
7.394528069037005318e-03
-3.436134349335893956e-02
5.966870483700397430e-03
2.352449340556754184e-03
3.961708625810786422e-02
-1.830237344972414359e-02
2.687617216026090203e-02
2.624665836215102008e-02
3.636153716794605483e-03
1.319933449671941914e-02
-7.192441981490917124e-03
-2.816697963176432312e-02
-3.371890462766463648e-02
1.726053513820080196e-02
5.990769461754792691e-02
2.839744366917617766e-02
2.987369849417353951e-02
-1.980912151877691971e-02
1.700484568186946821e-02
2.917432701364463740e-02
-1.746097134003133169e-02
2.906160699955524784e-02
-1.091595235695293729e-02
3.694396116340307318e-02
2.210296094273749359e-02
4.003736171492146799e-03
-7.417847262739744874e-02
3.522716531004100021e-03
2.209157199933957025e-02
2.745155102444458983e-02
-3.378895162196372121e-02
-2.519649913717059153e-02
2.624949076449958202e-02
-2.535277816726316108e-02
7.283007525152094749e-03
2.845529125541488083e-02
-2.312898712141770938e-02
8.789805365856894620e-03
-6.000605500878040434e-03
3.217966784188429092e-03
8.509091463775517172e-02
-2.564467099293852442e-02
1.989253783869559047e-02
-5.637953234050229606e-02
-1.734420665635097794e-02
7.091671041328442317e-03
2.224421765805268195e-02
-5.272543348615462214e-03
-2.904565765031767027e-02
3.612492251371544894e-02
1.502321279754829757e-02
2.966262023583650029e-02
3.238291278710712928e-02
