7.735963822652467195e-03
2.823737617010063997e-02
-1.636571474318999908e-02
2.021218963379583025e-02
4.989708337233006441e-02
-1.505753241823660875e-02
1.209729955574822061e-02
3.640165855072375646e-03
2.976076791440374764e-02
3.627657471709151704e-02
3.342327813693148769e-02
2.037671346160701419e-02
-9.094246636187089394e-03
2.006317119080222935e-02
3.297840859484318932e-02
3.628073002218668019e-02
8.861299871769288267e-03
-5.209153393233694959e-03
4.106400788984383016e-02
4.835958925130736524e-02
4.169811176892634225e-02
4.838235064796789220e-02
1.305886074185155440e-02
7.525575774555105443e-03
4.510637019557343919e-02
-3.904478757118963732e-03
1.130258778148125580e-02
7.470106345082921234e-03
-6.244020318526505818e-03
1.985208091385700854e-02
4.381594507127706262e-02
1.288396764491074944e-02
1.699630724785828120e-02
-9.490669682033828908e-03
-1.299306112266919791e-02
7.993450784295506178e-03
-5.573699316010104904e-03
4.792445700557719686e-03
1.486108984750275468e-02
-1.688627264529184505e-02
2.788430917992922725e-02
2.237052113608412746e-02
-8.312411772633372664e-03
8.560330996827176034e-03
-3.536471206828546276e-03
-9.565586520449986113e-03
-5.136183148996309109e-03
2.415690454416806812e-02
3.846204568221284464e-03
2.033911488359043188e-02
6.585330443577546572e-03
1.583552252394258147e-02
1.410040061574779034e-02
-1.360405812213734585e-02
2.515757644122376332e-02
-5.032352791427390643e-02
-3.939114342230122350e-03
1.354742966670669305e-02
-3.829975810443927899e-03
-1.317608837380733651e-02
-7.004690345673485544e-03
-1.357662473879207680e-02
4.031455684999923732e-03
-2.201431460738453860e-02
-2.494979967281198141e-02
1.121361194763669834e-02
-1.161976454408152060e-02
-3.366776645343259183e-02
3.948181166460876940e-02
-2.569149398492003716e-02
3.125216271035249471e-03
1.838936964838661092e-02
-2.385012101407310570e-02
5.098680735468924530e-02
2.292352740138961856e-02
5.286980251235954067e-03
5.795571920792635945e-03
-1.778496825135780432e-02
1.066240795026431043e-02
3.731563638004278555e-03
2.864379474148929725e-02
-9.379754508530712895e-03
2.195916462229298774e-02
-1.433462849407466516e-02
1.180240469206481242e-02
-2.623844468437619079e-02
3.301744594222463108e-02
1.920231011638610930e-02
6.519832620228034614e-02
-2.863801227564750917e-02
-1.716188858376271539e-02
-2.929049520076946762e-03
-3.798282797989704224e-02
3.275971891391541574e-02
7.577905577492063081e-03
3.818911115434379315e-04
1.362594998055242923e-02
1.859559491944933265e-02
2.246681409498902521e-02
-1.313196529250788315e-02
