4.704607702138997524e-03
2.369247228931082444e-02
-2.023739416922422374e-02
1.649505430717123841e-02
4.660019958898314885e-02
-1.800267550600842884e-02
9.101925031441243999e-03
9.088787297869758671e-04
2.693290923136298226e-02
3.282671780300214920e-02
3.003018418244634766e-02
1.700550751946043257e-02
-1.296235216027829922e-02
1.682401016421306711e-02
2.908097164948998670e-02
3.213354691490213910e-02
5.146684708090962929e-03
-7.798734650624249663e-03
3.687392570330497860e-02
4.484497447753203747e-02
3.844710809300825455e-02
4.520069463508193108e-02
9.164181280892027062e-03
4.387279285433440777e-03
4.085677278944028351e-02
-7.920500934087889092e-03
7.450438564448775246e-03
3.723160069578101625e-03
-1.009268575690501143e-02
1.681481688570485647e-02
4.029822309195134344e-02
9.719221907509172087e-03
1.321510722427599732e-02
-1.285224951020530471e-02
-1.684639803527260282e-02
4.266099057409013934e-03
-8.482877475133755035e-03
1.234647684985146470e-03
1.127144136683247422e-02
-1.945740873852538216e-02
2.460578151749930054e-02
1.939449621896229339e-02
-1.220547084686179548e-02
5.762521114180315859e-03
-6.514009516083181690e-03
-1.268909291116127915e-02
-7.995685590870740128e-03
2.071849021207794808e-02
9.791286597315073878e-04
1.799627187825616342e-02
4.913823080187582591e-03
1.347274668444122317e-02
1.186503147669077697e-02
-1.665233042441886802e-02
2.187554982029839973e-02
-5.289180772890085536e-02
-6.645578353443824630e-03
1.111103941236612179e-02
-6.927710573729009731e-03
-1.499618882036307145e-02
-9.272633235332797264e-03
-1.578713575788792678e-02
1.974036316031218749e-03
-2.466523987936761197e-02
-2.696187215025289130e-02
9.801215462189644470e-03
-1.276930693438819119e-02
-3.561351205536913284e-02
3.726492885775593844e-02
-2.757059330478226628e-02
1.551629764684750315e-03
1.684999446824448494e-02
-2.545429741238456819e-02
4.958787931581725567e-02
2.178909618932338768e-02
4.038572978643485516e-03
4.957252748648656622e-03
-1.935929682853147413e-02
9.492941467406826317e-03
2.233076261667856725e-03
2.779947347541612129e-02
-1.088075918569867545e-02
2.072314050906476704e-02
-1.471521294798386857e-02
1.113292957082045662e-02
-2.737947626292948355e-02
3.155070053299380284e-02
1.787043389705836316e-02
6.537323864086033720e-02
-2.958802859279643926e-02
-1.719430192813821076e-02
-3.836693940020258209e-03
-3.887323642428959503e-02
3.224031690313990811e-02
6.585361888040451583e-03
-4.198760533896083976e-04
1.370683129548231835e-02
1.808133724375725684e-02
2.211146992334326461e-02
-1.442419687525897318e-02
