0.000000000000000000e+00
8.518281742643166524e-03
1.541532011623219373e-02
2.092253767825399263e-02
2.524199329540189468e-02
2.854987504936556258e-02
3.099959426990064534e-02
3.272452497922909154e-02
3.384042821561018821e-02
3.444759640332445416e-02
3.463274909680989777e-02
3.447070799946914260e-02
3.402587609903034993e-02
3.335354303217959865e-02
3.250103635648009248e-02
3.150873623602531981e-02
3.041096911080664461e-02
2.923679419333070559e-02
2.801069509716221789e-02
2.675318753072592620e-02
2.548135276793039861e-02
2.420930551892747085e-02
2.294860385524670823e-02
2.170860798081656121e-02
2.049679387253935947e-02
1.931902713087895254e-02
1.817980177319400772e-02
1.708244816212636449e-02
1.602931378092752393e-02
1.502192014065206749e-02
1.406109872483792857e-02
1.314710854042877575e-02
1.227973754462976901e-02
1.145838995198084423e-02
1.068216119048436344e-02
9.949902066837153919e-03
9.260273515749518902e-03
8.611793144361393898e-03
8.002874637549787368e-03
7.431860961377225426e-03
6.897052188199808906e-03
6.396728666380727471e-03
5.929170168666120233e-03
5.492671574761967372e-03
5.085555574334731967e-03
4.706182815503954023e-03
4.352959869976594232e-03
4.024345338467329170e-03
3.718854378223482218e-03
3.435061897677699639e-03
3.171604630906524683e-03
2.927182276165557831e-03
2.700557857844821785e-03
2.490557449336510722e-03
2.296069375171795948e-03
2.116042994044514940e-03
1.949487149714943749e-03
1.795468364025251283e-03
1.653108835137748591e-03
1.521584294430861073e-03
1.400121767081581028e-03
1.287997274073076227e-03
1.184533507055696676e-03
1.089097502038474836e-03
1.001098333190000725e-03
9.199848439881767566e-04
8.452434294951916612e-04
7.763958805738086768e-04
7.129972983395055971e-04
6.546340850034292839e-04
6.009220154536017676e-04
5.515043924026303244e-04
5.060502866607077257e-04
4.642528630392433824e-04
4.258277915234123388e-04
3.905117426452697315e-04
3.580609654202403301e-04
3.282499457588701117e-04
3.008701429154568238e-04
2.757288012704979638e-04
2.526478345516432276e-04
2.314627794666862786e-04
2.120218156421377418e-04
1.941848487235736491e-04
1.778226534918351143e-04
1.628160738759249437e-04
1.490552767935927816e-04
1.364390568194629794e-04
1.248741887641038732e-04
1.142748253422450657e-04
1.045619372115377241e-04
9.566279277234068725e-05
8.751047523197251553e-05
8.004343455195432209e-05
7.320507201255638751e-05
6.694335524428631152e-05
6.121046168983979312e-05
5.596244857172599855e-05
5.115894754964797798e-05
4.676288235730403339e-05
