0.000000000000000000e+00
3.132154245906395998e-04
5.668180721512623612e-04
7.693173013522027880e-04
9.281427741412258056e-04
1.049772889153349287e-03
1.139848548654799490e-03
1.203273887336318501e-03
1.244305414179984600e-03
1.266630860491630567e-03
1.273438886013236303e-03
1.267480669011485832e-03
1.251124293773283854e-03
1.226402748588205013e-03
1.195056257774351890e-03
1.158569591455993692e-03
1.118204925597885693e-03
1.075030761320150841e-03
1.029947355934048969e-03
9.837090677150132131e-04
9.369439715050668005e-04
8.901710622220524198e-04
8.438153277204403415e-04
7.982209407261724003e-04
7.536627913345090917e-04
7.103565564384287405e-04
6.684674801091697142e-04
6.281180190792539026e-04
5.893944898131460181e-04
5.523528379516896847e-04
5.170236369693535913e-04
4.834164104968748489e-04
4.515233617653717350e-04
4.213225838690295836e-04
3.927808158861187198e-04
3.658558022210549928e-04
3.404983057253219082e-04
3.166538191258445921e-04
2.942640139498402252e-04
2.732679614086201930e-04
2.536031555209499366e-04
2.352063650585318631e-04
2.180143376277508609e-04
2.019643763147216050e-04
1.869948067719451811e-04
1.730453503762432717e-04
1.600574171050693582e-04
1.479743300315264300e-04
1.367414918005044387e-04
1.263065020953861757e-04
1.166192339154518168e-04
1.076318754395767606e-04
9.929894333525418691e-05
9.157727256850061457e-05
8.442598706659434579e-05
7.780645497011298261e-05
7.168223167299157751e-05
6.601899338008171522e-05
6.078446350279371525e-05
5.594833385761319302e-05
5.148218232318975505e-05
4.735938834364103608e-05
4.355504743368187947e-05
4.004588564075105750e-05
3.681017474655543680e-05
3.382764884192455165e-05
3.107942278152879214e-05
2.854791291616660178e-05
2.621676040760914409e-05
2.407075735231914876e-05
2.209577587389824487e-05
2.027870028825703099e-05
1.860736239882412166e-05
1.707047994037546085e-05
1.565759815818375714e-05
1.435903448320499205e-05
1.316582624310280589e-05
1.206968133233132062e-05
1.106293175161755909e-05
1.013848991745246060e-05
9.289807635130428078e-06
8.510837624054938563e-06
7.795997481086410969e-06
7.140135966335234321e-06
6.538501495725002791e-06
5.986712725635311235e-06
5.480731116777313349e-06
5.016835366987306415e-06
4.591597605695549471e-06
4.201861246313538331e-06
3.844720396577227212e-06
3.517500730894787069e-06
3.217741732900924038e-06
2.943180220651416484e-06
2.691735071149042913e-06
2.461493065132525718e-06
2.250695777247594226e-06
2.057727440826121207e-06
1.881103720502344348e-06
1.719461329777558269e-06
