0.000000000000000000e+00
1.235624274256671290e-02
2.236078155961925690e-02
3.034930777750798059e-02
3.661491905143864772e-02
4.141318602012426103e-02
4.496664037331056518e-02
4.746874856866083875e-02
4.908742844830311230e-02
4.996815976708594148e-02
5.023673407517595391e-02
5.000168442625545218e-02
4.935643094585654561e-02
4.838117433556221592e-02
4.714456585713295428e-02
4.570517919063690065e-02
4.411280675170854010e-02
4.240960054875615032e-02
4.063107542873604927e-02
3.880699057090417070e-02
3.696212331570816745e-02
3.511694783741772102e-02
3.328822976339407269e-02
3.148954659146532831e-02
2.973174264307256592e-02
2.802332629882023016e-02
2.637081638152384902e-02
2.477904376793374844e-02
2.325141361342821303e-02
2.179013295464841959e-02
2.039640790483898680e-02
1.907061416801683618e-02
1.781244416428216099e-02
1.662103367359747327e-02
1.549507056383112209e-02
1.443288786600495713e-02
1.343254319123498262e-02
1.249188624600283508e-02
1.160861599175190897e-02
1.078032880834110807e-02
1.000455885591594075e-02
9.278811683870163279e-03
8.600592006632901479e-03
7.967426452121059016e-03
7.376881988150217964e-03
6.826580643389134999e-03
6.314211061231336970e-03
5.837537356047762735e-03
5.394405680614179285e-03
4.982748860133062382e-03
4.600589401351450752e-03
4.246041144069694420e-03
3.917309786177896984e-03
3.612692481660130430e-03
3.330576683249375936e-03
3.069438377135508874e-03
2.827839835914829503e-03
2.604426997458199333e-03
2.397926561243981288e-03
2.207142879666125577e-03
2.030954709634118574e-03
1.868311879206862149e-03
1.718231914848883032e-03
1.579796666990116848e-03
1.452148964755456406e-03
1.334489324870933441e-03
1.226072734729885365e-03
1.126205525308448781e-03
1.034242345962075931e-03
9.495832500311872067e-04
8.716708975621598578e-04
7.999878792461922886e-04
7.340541638371482101e-04
6.734246697814077944e-04
6.176869605350391972e-04
5.664590620185859645e-04
5.193873998346346457e-04
4.761448532192392525e-04
4.364289221901891647e-04
3.999600039711822554e-04
3.664797744920879341e-04
3.357496705752444077e-04
3.075494683016997250e-04
2.816759529971305399e-04
2.579416762741003344e-04
2.361737956061496502e-04
2.162129919819506254e-04
1.979124612876471164e-04
1.811369751866869990e-04
1.657620074039788409e-04
1.516729214708836945e-04
1.387642161457929295e-04
1.269388248888917272e-04
1.161074659366465023e-04
1.061880396895102847e-04
9.710507029362627947e-05
8.878918846250278532e-05
8.117665274664758314e-05
7.420890661706881807e-05
6.783216888170774184e-05
