0.000000000000000000e+00
1.751979957770639224e-02
3.170514042879869765e-02
4.303199610609259596e-02
5.191594699942705254e-02
5.871936429731661883e-02
6.375777357539626211e-02
6.730548909196334972e-02
6.960059996527949433e-02
7.084938056212934654e-02
7.123018953031580447e-02
7.089691485890528555e-02
6.998201605925140345e-02
6.859920894667111135e-02
6.684583349512403239e-02
6.480494077091752958e-02
6.254713096867232924e-02
6.013217102195362457e-02
5.761041709595429716e-02
5.502406444913787026e-02
5.240824463789699877e-02
4.979198780004922414e-02
4.719906575986856229e-02
4.464872992295387810e-02
4.215635634998658732e-02
3.973400899325593705e-02
3.739093082990230937e-02
3.513397151432419430e-02
3.296795918408746556e-02
3.089602317554619032e-02
2.891987362524867794e-02
2.704004324036279883e-02
2.525609590626124237e-02
2.356680625353654857e-02
2.197031382246443162e-02
2.046425503351607944e-02
1.904587579188625132e-02
1.771212721675738400e-02
1.645974668734966409e-02
1.528532613342602209e-02
1.418536926400695494e-02
1.315633922119897534e-02
1.219469796322015381e-02
1.129693851921537325e-02
1.045961111588985214e-02
9.679344050211133310e-03
8.952860071534205627e-03
8.276988938798255160e-03
7.648676732419819324e-03
7.064992424828523895e-03
6.523132147066791967e-03
6.020421530448463558e-03
5.554316451002993746e-03
5.122402459489435941e-03
4.722393140407838211e-03
4.352127609008418253e-03
4.009567325219975421e-03
3.692792377171845268e-03
3.399997364111870517e-03
3.129486988621572527e-03
2.879671450740482579e-03
2.649061721617880765e-03
2.436264761331317051e-03
2.239978734299779509e-03
2.058988266056400746e-03
1.892159776837699231e-03
1.738436920323556401e-03
1.596836149773709192e-03
1.466442428620377781e-03
1.346405098176116279e-03
1.235933911398392777e-03
1.134295238527845704e-03
1.040808447806216641e-03
9.548424623133108064e-04
8.758124921790398296e-04
8.031769399732314758e-04
7.364344759059532125e-04
6.751212785436633843e-04
6.188084360260981366e-04
5.670995022244265963e-04
5.196282018858007805e-04
4.760562785396791523e-04
4.360714787767817902e-04
3.993856664347196234e-04
3.657330602199816466e-04
3.348685883510269619e-04
3.065663539103592218e-04
2.806182047350978554e-04
2.568324018473853066e-04
2.350323806209663401e-04
2.150555990925035181e-04
1.967524680505600501e-04
1.799853577675005129e-04
1.646276764762608666e-04
1.505630159320825998e-04
1.376843596364979688e-04
1.258933495350802372e-04
1.150996072301916566e-04
1.052201059738735420e-04
9.617858992318479140e-05
