0.000000000000000000e+00
1.274772016321308208e-03
2.306922839665333669e-03
3.131085158776446883e-03
3.777497347623990243e-03
4.272526183327220173e-03
4.639129872255402104e-03
4.897268011469247187e-03
5.064264391917635243e-03
5.155127906213478189e-03
5.182836249225917374e-03
5.158586586838031889e-03
5.092016910490318113e-03
4.991401386707128469e-03
4.863822646446815633e-03
4.715323634138319543e-03
4.551041346472163920e-03
4.375324532649067961e-03
4.191837197496961834e-03
4.003649543644145943e-03
3.813317806096649595e-03
3.622954269709994200e-03
3.434288615022305837e-03
3.248721608807395977e-03
3.067372040797474407e-03
2.891117705782165689e-03
2.720631139343501412e-03
2.556410734611489106e-03
2.398807795528428485e-03
2.248050018215849103e-03
2.104261835273918673e-03
1.967482007430890537e-03
1.837678802204876453e-03
1.714763059521677091e-03
1.598599408997431652e-03
1.489015872349607698e-03
1.385812056704277713e-03
1.288766120028940346e-03
1.197640668188375539e-03
1.112187723884179320e-03
1.032152890718617076e-03
9.572788205725895781e-04
8.873080791851526393e-04
8.219854930716819115e-04
7.610600505445534953e-04
7.042864204483475100e-04
6.514261441526323021e-04
6.022485492361060290e-04
5.565314270366300987e-04
5.140615107351862497e-04
4.746347858013170648e-04
4.380566603764045287e-04
4.041420194407636360e-04
3.727151833404385595e-04
3.436097883859309029e-04
3.166686047301009942e-04
2.917433045438894710e-04
2.686941915987139853e-04
2.473899017002018498e-04
2.277070819698664213e-04
2.095300557133388984e-04
1.927504785227980425e-04
1.772669903168752235e-04
1.629848672055416673e-04
1.498156763643897086e-04
1.376769364982226263e-04
1.264917859556009816e-04
1.161886601129872681e-04
1.067009792697779977e-04
9.796684797532108173e-05
8.992876643851833410e-05
8.253335444326471385e-05
7.573108800299867065e-05
6.947604882998853850e-05
6.372568656522417815e-05
5.844059360903342476e-05
5.358429230741572011e-05
4.912303418160416556e-05
4.502561083594858470e-05
4.126317613960307377e-05
3.780907924873060777e-05
3.463870801631012029e-05
3.172934232466073846e-05
2.906001687020835149e-05
2.661139292970294157e-05
2.436563864110105019e-05
2.230631733983239675e-05
2.041828350147473063e-05
1.868758585436385757e-05
1.710137723985369188e-05
1.564783081338351809e-05
1.431606219583487062e-05
1.309605720156450927e-05
1.197860478672263786e-05
1.095523487879335673e-05
1.001816076555279820e-05
9.160225738683217583e-06
8.374853703996006077e-06
7.656003486508854399e-06
6.998126574423375030e-06
