0.000000000000000000e+00
2.073214864782236579e-03
3.751844770566659798e-03
5.092214302606880814e-03
6.143501388875459608e-03
6.948587418013001810e-03
7.544810277974448899e-03
7.964631093409163878e-03
8.236224267622022088e-03
8.383999388265251165e-03
8.429062621436660130e-03
8.389624384728582365e-03
8.281359345348366513e-03
8.117724125195728557e-03
7.910237502214190891e-03
7.668727368808614907e-03
7.401548236815450044e-03
7.115772658322994451e-03
6.817359557104788782e-03
6.511302131666439966e-03
6.201757693546422999e-03
5.892161539648852440e-03
5.585326721528872940e-03
5.283531364577046668e-03
4.988595003167901019e-03
4.701945231555764923e-03
4.424675822390105977e-03
4.157597333192123053e-03
3.901281104206112422e-03
3.656097447125276120e-03
3.422248731873826430e-03
3.199797996639734601e-03
2.988693633565041308e-03
2.788790637904736171e-03
2.599868851161080390e-03
2.421648577884847383e-03
2.253803910792458350e-03
2.095974058939706862e-03
1.947772938349499189e-03
1.808797253205329542e-03
1.678633268041893707e-03
1.556862446886398549e-03
1.443066113669977954e-03
1.336829269118528125e-03
1.237743682461877291e-03
1.145410361416151698e-03
1.059441490771323912e-03
9.794619183538166504e-04
9.051102569543641304e-04
8.360396618558771885e-04
7.719183357238048942e-04
7.124298057075610993e-04
6.572730115347272684e-04
6.061622380614517785e-04
5.588269210851855599e-04
5.150113511519211320e-04
4.744742965307061967e-04
4.369885634222238314e-04
4.023405087616854499e-04
3.703295186212530641e-04
3.407674631712757593e-04
3.134781373853369490e-04
2.882966951382484556e-04
2.650690830194055245e-04
2.436514790404453615e-04
2.239097404330305896e-04
2.057188638897025287e-04
1.889624608802684222e-04
1.735322500624830679e-04
1.593275682850445792e-04
1.462549012410021415e-04
1.342274344599270468e-04
1.231646250182312778e-04
1.129917940906254931e-04
1.036397402546810546e-04
9.504437328847617288e-05
8.714636806285984861e-05
7.989083802012019852e-05
7.322702764559297706e-05
6.710802327432831478e-05
6.149048152814211700e-05
5.633437464645839419e-05
5.160275195488006806e-05
4.726151670633551481e-05
4.327921752913273782e-05
3.962685372276850756e-05
3.627769365454438556e-05
3.320710552680157355e-05
3.039239980492015422e-05
2.781268261930283997e-05
2.544871947967779831e-05
2.328280866660546166e-05
2.129866369256615418e-05
1.948130425301516889e-05
1.781695511597304664e-05
1.629295242678687128e-05
1.489765693241586665e-05
1.362037365677844806e-05
1.245127758519456602e-05
1.138134494165520884e-05
