0.000000000000000000e+00
1.322680452378119202e-02
2.393621530832904659e-02
3.248757488571190483e-02
3.919463117044991868e-02
4.433096108642704813e-02
4.813477484219430558e-02
5.081316961694557627e-02
5.254589394105177447e-02
5.348867737726425292e-02
5.377617414689136316e-02
5.352456402361782661e-02
5.283384906832447325e-02
5.178988054054133039e-02
5.046614654167067698e-02
4.892534757320321503e-02
4.722078418629236524e-02
4.539757821830543022e-02
4.349374672249801260e-02
4.154114556760036409e-02
3.956629778699311678e-02
3.759112006736598649e-02
3.563355926201781237e-02
3.370814947435171044e-02
3.182649906484443653e-02
2.999771587391430322e-02
2.822877800946209381e-02
2.652485670871471829e-02
2.488959703801638459e-02
2.332536153125686074e-02
2.183344127865285283e-02
2.041423845452984900e-02
1.906742380837903386e-02
1.779207223135140931e-02
1.658677914475940179e-02
1.544976013296141606e-02
1.437893595564038868e-02
1.337200481987846357e-02
1.242650356694494432e-02
1.153985922911671125e-02
1.070943223525374841e-02
9.932552387687525186e-03
9.206548594957262438e-03
8.528773223009525686e-03
7.896621819845935433e-03
7.307548873645723989e-03
6.759080180667871932e-03
6.248822325472971721e-03
5.774469711060175106e-03
5.333809519380097210e-03
4.924724932460725069e-03
4.545196900273577520e-03
4.193304702761701391e-03
3.867225519521192301e-03
3.565233190915127574e-03
3.285696328407523240e-03
3.027075909196430548e-03
2.787922470409656510e-03
2.566873000859203231e-03
2.362647613325789733e-03
2.174046067292064507e-03
1.999944200723445704e-03
1.839290319696932057e-03
1.691101586213962331e-03
1.554460437238204757e-03
1.428511061727004731e-03
1.312455957047775580e-03
1.205552581574069644e-03
1.107110116340723855e-03
1.016486345315220467e-03
9.330846610357727096e-04
8.563512000077177317e-04
7.857721102786266280e-04
7.208709519768071458e-04
6.612062302515420197e-04
6.063690589561780957e-04
5.559809525319064048e-04
5.096917428499088062e-04
4.671776172256577805e-04
4.281392734081773525e-04
3.923001870485540491e-04
3.594049869483381763e-04
3.292179332642678705e-04
3.015214937877552749e-04
2.761150134142853702e-04
2.528134719594457612e-04
2.314463255561678050e-04
2.118564269746894227e-04
1.938990203364708239e-04
1.774408058405106486e-04
1.623590702807336476e-04
1.485408793025106160e-04
1.358823275217633836e-04
1.242878428088080387e-04
1.136695412188798107e-04
1.039466292303533657e-04
9.504485012850595550e-05
8.689597154609930891e-05
7.943731134110181718e-05
7.261129915582164240e-05
