1.610223653723273640e-01
1.240658984353794209e-01
9.439572773132702543e-02
7.079696249532325958e-02
5.223544461490692986e-02
3.783287830552684722e-02
2.684519683320253647e-02
1.864376206522522228e-02
1.269904151897010766e-02
8.566450702886987956e-03
5.874086568586414647e-03
4.312111409024765862e-03
3.623576068314489362e-03
3.596497337201298716e-03
4.057027305374896753e-03
4.863572591134672496e-03
5.901739092447767787e-03
7.079993486054515783e-03
8.325946395131164635e-03
9.583174174149888813e-03
1.080850681923913731e-02
1.196971877792803868e-02
1.304356755779505911e-02
1.401413215541955776e-02
1.487140956544762138e-02
1.561013309074915645e-02
1.622878095231972823e-02
1.672874787449869088e-02
1.711365597021038965e-02
1.738878443663342127e-02
1.756060035067741679e-02
1.763637527586857379e-02
1.762387450172039557e-02
1.753110757213764692e-02
1.736613035495893770e-02
1.713689029037114217e-02
1.685110765798778637e-02
1.651618674403546039e-02
1.613915169168145952e-02
1.572660259691959633e-02
1.528468808527591941e-02
1.481909118463959826e-02
1.433502580880464776e-02
1.383724159536831380e-02
1.333003520969855589e-02
1.281726654182777266e-02
1.230237849240465968e-02
1.178841927340358760e-02
1.127806634452518941e-02
1.077365127181338818e-02
1.027718493504564505e-02
9.790382628481794636e-03
9.314688698674036815e-03
8.851300445932824834e-03
8.401191085043197004e-03
7.965131617953253099e-03
7.543711518163132880e-03
7.137358164941058972e-03
6.746354996591000242e-03
6.370858376921556543e-03
6.010913188788095940e-03
5.666467183935241722e-03
5.337384130070073340e-03
5.023455804761486204e-03
4.724412891912441355e-03
4.439934840635915460e-03
4.169658748762961054e-03
3.913187334244489120e-03
3.670096057650390400e-03
3.439939458049903493e-03
3.222256762969004547e-03
3.016576831025312346e-03
2.822422483372786454e-03
2.639314277358507932e-03
2.466773772893333765e-03
2.304326339041579304e-03
2.151503545302574719e-03
2.007845179036731043e-03
1.872900927518857117e-03
1.746231760211198244e-03
1.627411044060130593e-03
1.516025421950166919e-03
1.411675481908032182e-03
1.313976242245527793e-03
1.222557475566621223e-03
1.137063892443129168e-03
1.057155203583529752e-03
9.825060774785632396e-04
9.128060088014227540e-04
8.477591112647807131e-04
7.870838471862078500e-04
7.305127046815806675e-04
6.777918321866922401e-04
6.286806388938641962e-04
5.829513686764150899e-04
5.403886541528745997e-04
5.007890567083951062e-04
4.639605975367589201e-04
4.297222840866365967e-04
3.979036356846478938e-04
