1.326044240457990298e-01
9.774047643549992059e-02
6.983843367053663154e-02
4.774365584779205474e-02
3.047204451767581562e-02
1.718672449708059241e-02
7.177744561955381325e-03
-1.555783009129750594e-04
-5.320001174860779919e-03
-8.741674207725046858e-03
-1.077769129353886579e-02
-1.172609636992880816e-02
-1.183454189376453164e-02
-1.130777194466276586e-02
-1.031408116771308919e-02
-8.990882068278929773e-03
-7.449496716254097595e-03
-5.779274442048260019e-03
-4.051124379321972835e-03
-2.320540524346832723e-03
-6.301871567983563516e-04
9.878961591791995955e-04
2.510418344008349956e-03
3.921244330449158433e-03
5.210047157224534375e-03
6.371170532526691799e-03
7.402672233477625152e-03
8.305522611350590889e-03
9.082935885333667803e-03
9.739814889417455768e-03
1.028229254016379407e-02
1.071735556397698103e-02
1.105253800186506777e-02
1.129567373349063542e-02
1.145469876221358319e-02
1.153749530666996204e-02
1.155177087670783767e-02
1.150496649374734698e-02
1.140418906677470590e-02
1.125616367184049949e-02
1.106720211970323164e-02
1.084318474594406570e-02
1.058955283170326563e-02
1.031130947099338779e-02
1.001302705094513079e-02
9.698859811882063961e-03
9.372560211396631369e-03
9.037498036379244815e-03
8.696681394270757912e-03
8.352778874062402256e-03
8.008142302589078138e-03
7.664829635792295287e-03
7.324627620774971579e-03
6.989073945160750173e-03
6.659478657702467934e-03
6.336944700164423572e-03
6.022387436884779795e-03
5.716553106538658190e-03
5.420036151707739724e-03
5.133295406987268064e-03
4.856669146448455016e-03
4.590389007117395490e-03
4.334592817413186576e-03
4.089336368793486040e-03
3.854604175687233181e-03
3.630319273579772459e-03
3.416352108221105358e-03
3.212528570663976228e-03
3.018637233468694694e-03
2.834435843158924356e-03
2.659657123064784225e-03
2.494013939204333882e-03
2.337203879963357760e-03
2.188913298146077067e-03
2.048820861576435871e-03
1.916600655905317981e-03
1.791924880684243708e-03
1.674466177149475533e-03
1.563899623561263059e-03
1.459904431391951390e-03
1.362165373177384210e-03
1.270373970456657297e-03
1.184229467938606450e-03
1.103439617858585371e-03
1.027721296431775930e-03
9.568009723725061366e-04
8.904150456336109090e-04
8.283100728248963575e-04
7.702428941929945812e-04
7.159806755829073921e-04
6.653008774503391294e-04
6.179911617486327433e-04
5.738492463697758995e-04
5.326827157700901507e-04
4.943087954523461879e-04
4.585540971016892255e-04
4.252543403773038347e-04
3.942540566399055715e-04
3.654062792415787306e-04
3.385722244142050298e-04
