1.054475001919840671e-01
7.140662538098190015e-02
4.453381166111088779e-02
2.361660642499263663e-02
7.623293224507417601e-03
-4.321943900899755803e-03
-1.296063113816142004e-02
-1.891879236896336011e-02
-2.272326663268593727e-02
-2.481586605576942967e-02
-2.556564699719589967e-02
-2.527953390061997430e-02
-2.421150603065928136e-02
-2.257053144592605087e-02
-2.052740981871265663e-02
-1.822066569136766845e-02
-1.576161614398729344e-02
-1.323872135527446453e-02
-1.072131291884918791e-02
-8.262782810217916829e-03
-5.903305389781628165e-03
-3.672155602028569221e-03
-1.589678437766903207e-03
3.310423699969949896e-04
2.082774664338746251e-03
3.662950890505278778e-03
5.072672289705995596e-03
6.315876889183613674e-03
7.398647560667916123e-03
8.328639601532489278e-03
9.114610070185269475e-03
9.766033529044711170e-03
1.029279095860204801e-02
1.070492044303957349e-02
1.101241982555425589e-02
1.122509291973902007e-02
1.135243206832226015e-02
1.140353088531046583e-02
1.138702192236858493e-02
1.131103478289436498e-02
1.118317088330295431e-02
1.101049164423005891e-02
1.079951739668855853e-02
1.055623472019250053e-02
1.028611030070225238e-02
9.994109714004186656e-03
9.684719811863105876e-03
9.361973620134019652e-03
9.029476855367151930e-03
8.690435333977444485e-03
8.347682689865857514e-03
8.003707936036372206e-03
7.660682506348191929e-03
7.320486497772183895e-03
6.984733903723150047e-03
6.654796687245020589e-03
6.331827590793554644e-03
6.016781618612004195e-03
5.710436159545712737e-03
5.413409743726770376e-03
5.126179446858121491e-03
4.849096971680198764e-03
4.582403448334984239e-03
4.326243004372466380e-03
4.080675161603451728e-03
3.845686121342845997e-03
3.621199002195066036e-03
3.407083095735168477e-03
3.203162205513295033e-03
3.009222133990073142e-03
2.825017380493510810e-03
2.650277111238788508e-03
2.484710460008372323e-03
2.328011215365263439e-03
2.179861947360808676e-03
2.039937623677062599e-03
1.907908762074816706e-03
1.783444162951814283e-03
1.666213262791214293e-03
1.555888146328939696e-03
1.452145252413541195e-03
1.354666805791407804e-03
1.263142004435671099e-03
1.177267989557393129e-03
1.096750623097320770e-03
1.021305095297722100e-03
9.506563828962870779e-04
8.845395765659121428e-04
8.227000944419934989e-04
7.648937969281792600e-04
7.108870164473049969e-04
6.604565144005417141e-04
6.133893763086783286e-04
5.694828549284820188e-04
5.285441700578484862e-04
4.903902727595861296e-04
4.548475808387463805e-04
4.217516915963343948e-04
3.909470771469396029e-04
3.622867669236307965e-04
