5.103577103104192658e-02
2.250877196715440898e-02
1.631638949713080239e-04
-1.703473199192306886e-02
-2.996684223489580468e-02
-3.938390882050375741e-02
-4.592341702093527545e-02
-5.012520901444353361e-02
-5.244506996092865303e-02
-5.326653878779986223e-02
-5.291116555375888209e-02
-5.164741044001384951e-02
-4.969835575881999951e-02
-4.724838150382076191e-02
-4.444893657240644308e-02
-4.142352158090035347e-02
-3.827198491508226191e-02
-3.507422108656967075e-02
-3.189334940077226399e-02
-2.877844120819680884e-02
-2.576685545170270125e-02
-2.288623469974161023e-02
-2.015620724741518099e-02
-1.758983506522330403e-02
-1.519484228403554515e-02
-1.297465443956980630e-02
-1.092927478580229400e-02
-9.056020558264425702e-03
-7.350139066815572497e-03
-5.805320871754990342e-03
-4.414125001632240863e-03
-3.168329165762290289e-03
-2.059216163908975800e-03
-1.077806168713328627e-03
-2.150432257567586047e-04
5.380568425225780438e-04
1.190290950792600999e-03
1.750180380373642791e-03
2.225904982553629508e-03
2.625256073344482688e-03
2.955604708586682949e-03
3.223882522483834806e-03
3.436572739589489195e-03
3.599709338598067535e-03
3.718882663570273125e-03
3.799250051080118110e-03
3.845550276007931451e-03
3.862120819404521802e-03
3.852917133459188986e-03
3.821533225003807474e-03
3.771223003570006033e-03
3.704921945747960757e-03
3.625268717055788945e-03
3.534626467968476383e-03
3.435103584132722342e-03
3.328573723812941476e-03
3.216695019753060616e-03
3.100928359183206806e-03
2.982554685762622143e-03
2.862691291793907286e-03
2.742307088901971106e-03
2.622236861263269048e-03
2.503194518016940793e-03
2.385785371223110921e-03
2.270517473113460843e-03
2.157812051798293791e-03
2.048013088389409944e-03
1.941396080956353347e-03
1.838176042099935042e-03
1.738514777409194776e-03
1.642527491842282359e-03
1.550288770286901681e-03
1.461837977336820100e-03
1.377184119772476272e-03
1.296310213443046828e-03
1.219177194286902646e-03
1.145727411156906945e-03
1.075887735985086874e-03
1.009572324667507969e-03
9.466850599063552198e-04
8.871217051372533215e-04
8.307717966154253226e-04
7.775202987490406658e-04
7.272490458631170312e-04
6.798379917602287133e-04
6.351662867201528792e-04
5.931131999522202929e-04
5.535589039826740911e-04
5.163851360244156455e-04
4.814757500366122255e-04
4.487171719344946433e-04
4.179987692521268871e-04
3.892131454895749387e-04
3.622563683867794510e-04
3.370281404554495842e-04
3.134319192632221583e-04
2.913749941967961297e-04
2.707685257285249569e-04
2.515275525697347392e-04
2.335709715097344778e-04
