4.440892677527157051e-02
3.164198872332658896e-02
2.500211241237971366e-02
2.304867486902626231e-02
2.459687718598186496e-02
2.867856816585543853e-02
3.450854367648949206e-02
4.145560233760629820e-02
4.901772853155390852e-02
5.680085312866149649e-02
6.450071203813423359e-02
7.188738388630157294e-02
7.879214179995840117e-02
8.509630133007416164e-02
9.072178778233519481e-02
9.562318232530263307e-02
9.978103784193037562e-02
1.031962831207712677e-01
1.058855581301951509e-01
1.078773442063477583e-01
1.092087713871898735e-01
1.099230011701472498e-01
1.100670969498298291e-01
1.096903065604078187e-01
1.088426919294155498e-01
1.075740500437901426e-01
1.059330774087804683e-01
1.039667370988486272e-01
1.017197934911266005e-01
9.923448495429469662e-02
9.655030924238927614e-02
9.370390020477295523e-02
9.072897774986507513e-02
8.765635586091276299e-02
8.451399591809838352e-02
8.132709468599746971e-02
7.811819812549425368e-02
7.490733372549571167e-02
7.171215535775801730e-02
6.854809576889625555e-02
6.542852276425532854e-02
6.236489593234243595e-02
5.936692142646392278e-02
5.644270287989476553e-02
5.359888699781222704e-02
5.084080275677009542e-02
4.817259346230313988e-02
4.559734117740017745e-02
4.311718324775835887e-02
4.073342082144266324e-02
3.844661939728229866e-02
3.625670154361007591e-02
3.416303201156396102e-02
3.216449552922146654e-02
3.025956760783019700e-02
2.844637872232164827e-02
2.672277224769987677e-02
2.508635654294253878e-02
2.353455157657333152e-02
2.206463048460771681e-02
2.067375644343830837e-02
1.935901522850334844e-02
1.811744381517899072e-02
1.694605536200752618e-02
1.584186089874154227e-02
1.480188802325546962e-02
1.382319689256602049e-02
1.290289377434167967e-02
1.203814240663349765e-02
1.122617339533025713e-02
1.046429186118775015e-02
9.749883531322608293e-03
9.080419453878696076e-03
8.453459499225459556e-03
7.866654796566383001e-03
7.317749241236800629e-03
6.804580195255149899e-03
6.325078491848597044e-03
5.877267843682917187e-03
5.459263744360808891e-03
5.069271943379191799e-03
4.705586566119587290e-03
4.366587942546824343e-03
4.050740201070827246e-03
3.756588677442887752e-03
3.482757182571486528e-03
3.227945167712618826e-03
2.990924820577028909e-03
2.770538121463487612e-03
2.565693884536692122e-03
2.375364805785981377e-03
2.198584535993181651e-03
2.034444794173738760e-03
1.882092534405037289e-03
1.740727176691899032e-03
1.609597910516092798e-03
1.488001077949849564e-03
1.375277641661046832e-03
1.270810741778849321e-03
1.174023344404515707e-03
