3.399372587636875082e-02
2.851416699283452344e-02
2.731656400374239679e-02
2.929804300005025772e-02
3.355897814600831280e-02
3.937123932564202955e-02
4.615093334359625377e-02
5.343504330964138349e-02
6.086144609110005765e-02
6.815185379044889913e-02
7.509728318629704802e-02
8.154570792819373914e-02
8.739159285050246417e-02
9.256704881981746291e-02
9.703438071806352871e-02
1.007798310756366639e-01
1.038083480229254202e-01
1.061392290805511368e-01
1.078025122610038328e-01
1.088360033616536521e-01
1.092828435038681600e-01
1.091895341903662275e-01
1.086043486552944470e-01
1.075760682820376818e-01
1.061529915500312032e-01
1.043821705087185914e-01
1.023088363092156949e-01
9.997598097946616691e-02
9.742406751845333890e-02
9.469084460740022358e-02
9.181124587681993576e-02
8.881735680311443615e-02
8.573843500315959931e-02
8.260097200771691905e-02
7.942878657511261153e-02
7.624314129958426056e-02
7.306287571260043634e-02
6.990455030397885183e-02
6.678259693213299542e-02
6.370947197485758717e-02
6.069580931599697499e-02
5.775057088850879539e-02
5.488119301767729191e-02
5.209372724416192618e-02
4.939297466786644886e-02
4.678261315125412795e-02
4.426531696421451972e-02
4.184286865010915235e-02
3.951626305126008931e-02
3.728580355799678697e-02
3.515119074367668156e-02
3.311160362334978485e-02
3.116577382979451166e-02
2.931205304081163296e-02
2.754847401873446178e-02
2.587280563948805845e-02
2.428260229624091410e-02
2.277524806345454511e-02
2.134799600240018524e-02
1.999800298019434319e-02
1.872236036212400825e-02
1.751812092233704515e-02
1.638232230156536073e-02
1.531200732300609831e-02
1.430424145928207644e-02
1.335612772491815911e-02
1.246481925031322179e-02
1.162752977499816737e-02
1.084154228023876537e-02
1.010421596391035751e-02
9.412991744144954750e-03
8.765396462605186748e-03
8.159045943421644811e-03
7.591647049868923205e-03
7.060998867761754567e-03
6.564993132322879954e-03
6.101614003895952133e-03
5.668937287327224274e-03
5.265129180091272960e-03
4.888444625255777311e-03
4.537225337131647017e-03
4.209897559900187616e-03
3.904969612608123405e-03
3.621029267634813618e-03
3.356741004023687525e-03
3.110843171893017470e-03
2.882145099460901340e-03
2.669524169999371293e-03
2.471922892237204787e-03
2.288345984326456504e-03
2.117857488442288251e-03
1.959577930368570919e-03
1.812681536005125065e-03
1.676393514589317318e-03
1.549987416530395744e-03
1.432782572086422571e-03
1.324141615649246460e-03
1.223468099123215837e-03
1.130204196769669456e-03
1.043828502925197048e-03
