4.450658184116675770e-02
3.244882369259634997e-02
2.630988234122435751e-02
2.468923521258620593e-02
2.643578201240984193e-02
3.060958602642193868e-02
3.644896851639514712e-02
4.334225242365699615e-02
5.080354005352014091e-02
5.845198712859067669e-02
6.599410383720888396e-02
7.320867338966592641e-02
7.993393112310896720e-02
8.605669324437656420e-02
9.150316464414456896e-02
9.623119054078987933e-02
1.002237476230587176e-01
1.034834973906746114e-01
1.060282480122650001e-01
1.078871916456192875e-01
1.090978021623373040e-01
1.097032939098883109e-01
1.097505558130759812e-01
1.092884870140000408e-01
1.083666705949596076e-01
1.070343309159858258e-01
1.053395278980951838e-01
1.033285483445489650e-01
1.010454602468357083e-01
9.853180108516340630e-02
9.582637550622045974e-02
9.296514153264734404e-02
8.998116770689619515e-02
8.690464636512561236e-02
8.376295063417521503e-02
8.058072479870304061e-02
7.737999944190401824e-02
7.418032426173427896e-02
7.099891274006035757e-02
6.785079392499772377e-02
6.474896750336298079e-02
6.170455911368263879e-02
5.872697350062382887e-02
5.582404365646106981e-02
5.300217454939569472e-02
5.026648041531640854e-02
4.762091490029592145e-02
4.506839359559206004e-02
4.261090871365346561e-02
4.024963581995534556e-02
3.798503266771809106e-02
3.581693028612903396e-02
3.374461655225365758e-02
3.176691253638789375e-02
2.988224195358631791e-02
2.808869408341626087e-02
2.638408053812497933e-02
2.476598626846850809e-02
2.323181519822717714e-02
2.177883087442769941e-02
2.040419251177255644e-02
1.910498679780538167e-02
1.787825581079857326e-02
1.672102138597037282e-02
1.563030624802662708e-02
1.460315220966990242e-02
1.363663571702804223e-02
1.272788100424492898e-02
1.187407110100427605e-02
1.107245691872065473e-02
1.032036462368193970e-02
9.615201488677248276e-03
8.954460398672895935e-03
8.335723170960122538e-03
7.756662835923053105e-03
7.215045011176762432e-03
6.708728489303449928e-03
6.235665147756526243e-03
5.793899278687596362e-03
5.381566426452340408e-03
4.996891811334797789e-03
4.638188409560531876e-03
4.303854751908065511e-03
3.992372496135782739e-03
3.702303821977217298e-03
3.432288691581463023e-03
3.181042012947026074e-03
2.947350739078380584e-03
2.730070931247090965e-03
2.528124810827372775e-03
2.340497820665344252e-03
2.166235713798734825e-03
2.004441684539092546e-03
1.854273554432175550e-03
1.714941023397111930e-03
1.585702994385758012e-03
1.465864978176576730e-03
1.354776583400644878e-03
1.251829095570538555e-03
1.156453147727350313e-03
