4.304255207193911220e-02
3.052563071848130721e-02
2.408831588624299816e-02
2.229791761459447991e-02
2.397637902218502023e-02
2.816126533691879971e-02
3.407220694165094543e-02
4.108207978244340225e-02
4.869229652762191440e-02
5.651166097122847787e-02
6.423830763725485449e-02
7.164430950499504902e-02
7.856259025196633827e-02
8.487582429252496508e-02
9.050704896677896905e-02
9.541174920267153636e-02
9.957120644949193911e-02
1.029869312066010595e-01
1.056760225259100461e-01
1.076673188730951497e-01
1.089982230631297011e-01
1.097120999686461845e-01
1.098561596240220511e-01
1.094797504684461853e-01
1.086329980116055582e-01
1.073657333631134192e-01
1.057266640146810877e-01
1.037627461546215685e-01
1.015187237613670024e-01
9.903680488375493640e-02
9.635644997398046252e-02
9.351425098473595265e-02
9.054388325441764529e-02
8.747611505279211108e-02
8.433886210496790992e-02
8.115727650707484087e-02
7.795386123921346777e-02
7.474860301060705370e-02
7.155911747393006728e-02
6.840080195142782260e-02
6.528699175163933666e-02
6.222911694576468977e-02
5.923685713740284298e-02
5.631829231627808602e-02
5.348004835108634281e-02
5.072743606209687006e-02
4.806458313221839695e-02
4.549455837591052931e-02
4.301948809724222278e-02
4.064066443905233611e-02
3.835864576098321765e-02
3.617334919068486421e-02
3.408413557447494135e-02
3.208988711527172716e-02
3.018907803017956137e-02
2.837983859067678277e-02
2.666001292747195717e-02
2.502721099190715476e-02
2.347885506812133483e-02
2.201222122658254982e-02
2.062447610134717293e-02
1.931270936159434209e-02
1.807396223351660433e-02
1.690525241227345751e-02
1.580359568605242335e-02
1.476602457583597178e-02
1.378960427565565153e-02
1.287144615925377850e-02
1.200871910043275689e-02
1.119865883615466656e-02
1.043857558381646074e-02
9.725860107185320749e-03
9.057988409316770906e-03
8.432525215451213904e-03
7.847126394425691168e-03
7.299540453561248650e-03
6.787609229293715095e-03
6.309267883994333810e-03
5.862544308457249241e-03
5.445558019385570055e-03
5.056518631853825635e-03
4.693723978126872372e-03
4.355557936334060118e-03
4.040488025293560714e-03
3.747062815213879697e-03
3.473909198027678741e-03
3.219729555696286029e-03
2.983298859923064292e-03
2.763461732291981436e-03
2.559129489867540026e-03
2.369277197719490448e-03
2.192940746636526470e-03
2.029213971437006988e-03
1.877245822741648940e-03
1.736237602815791274e-03
1.605440274091501094e-03
1.484151847218296563e-03
1.371714853943631308e-03
1.267513908769678493e-03
1.170973362152641492e-03
