-9.527239380249349909e-02
-6.139556422311914091e-02
-3.495171447206236320e-02
-1.465707289721830502e-02
5.783738988618253307e-04
1.167772510412314405e-02
1.942050373779864031e-02
2.446292729363659310e-02
2.735549649196846594e-02
2.855824081159911293e-02
2.845391817811331048e-02
2.735942979012786352e-02
2.553567900059715984e-02
2.319607493265262582e-02
2.051385665232948602e-02
1.762839184869080533e-02
1.465058473540761103e-02
1.166751097711127283e-02
8.746382584774760327e-03
5.937932674610429951e-03
3.279298530123223032e-03
7.964713575213874797e-04
-1.493627686835446999e-03
-3.581393339865131253e-03
-5.463058851358594536e-03
-7.139456203599049700e-03
-8.614979931489907816e-03
-9.896725068246021995e-03
-1.099377369349447547e-02
-1.191660800954221638e-02
-1.267663087920570253e-02
-1.328577737923545415e-02
-1.375620320480339803e-02
-1.410003774482541938e-02
-1.432919137208353566e-02
-1.445520798874960072e-02
-1.448915516561210745e-02
-1.444154533721581091e-02
-1.432228248732045697e-02
-1.414062959895058535e-02
-1.390519286784410238e-02
-1.362391930221713149e-02
-1.330410486850530649e-02
-1.295241080355268026e-02
-1.257488610860344087e-02
-1.217699457815984466e-02
-1.176364500494640405e-02
-1.133922344754287673e-02
-1.090762665554038773e-02
-1.047229592341503840e-02
-1.003625079312307593e-02
-9.602122150551194169e-03
-9.172184365749205120e-03
-8.748386214237180436e-03
-8.332380389135302448e-03
-7.925551473596616214e-03
-7.529042291921571664e-03
-7.143778597431830503e-03
-6.770492087090737750e-03
-6.409741758193788184e-03
-6.061933642260652899e-03
-5.727338966439390541e-03
-5.406110804053256697e-03
-5.098299284040365593e-03
-4.803865434519088290e-03
-4.522693739036363729e-03
-4.254603485629549625e-03
-3.999358988999399470e-03
-3.756678765143568136e-03
-3.526243735981364914e-03
-3.307704539016360478e-03
-3.100688014104995699e-03
-2.904802936068233941e-03
-2.719645058316538799e-03
-2.544801528951742831e-03
-2.379854737040134477e-03
-2.224385642982031064e-03
-2.077976643183289656e-03
-1.940214015602433843e-03
-1.810689989232836796e-03
-1.689004477204304310e-03
-1.574766509968389579e-03
-1.467595401976869249e-03
-1.367121682379326443e-03
-1.272987817556283036e-03
-1.184848750768759292e-03
-1.102372281841002477e-03
-1.025239307596574785e-03
-9.531439417335191202e-04
-8.857935309455418262e-04
-8.229085823662101763e-04
-7.642226158242603493e-04
-7.094819529427189627e-04
-6.584454537845867454e-04
-6.108842105354508499e-04
-5.665812066108290605e-04
-5.253309485755721080e-04
-4.869390773569895556e-04
-4.512219644153207376e-04
-4.180062977980543459e-04
