-9.725845577535766062e-02
-6.062262658385552533e-02
-3.220406054495414394e-02
-1.056832698536613185e-02
5.501164760318271243e-03
1.703346725662065186e-02
2.489642810409627843e-02
2.981955183787451946e-02
3.241382778914980028e-02
3.318890790758379644e-02
3.256797164180260523e-02
3.090057364631706299e-02
2.847373367881003009e-02
2.552149599825448423e-02
2.223315736375386376e-02
1.876033791653708427e-02
1.522304740502455900e-02
1.171488003294568481e-02
8.307454361378779906e-03
5.054199901572853371e-03
1.993579052679134156e-03
-8.481783484427241060e-04
-3.454760579825286171e-03
-5.817821148455581959e-03
-7.935336580931345862e-03
-9.810230704592026729e-03
-1.144922709018419277e-02
-1.286189644484689310e-02
-1.405987021253445046e-02
-1.505619553732075871e-02
-1.586481014330450717e-02
-1.650011864468076128e-02
-1.697665437521311133e-02
-1.730881306557963129e-02
-1.751064664187958891e-02
-1.759570710590490500e-02
-1.757693192006160032e-02
-1.746656358557931166e-02
-1.727609719690526013e-02
-1.701625069990442621e-02
-1.669695339594330988e-02
-1.632734893500258772e-02
-1.591580964343107529e-02
-1.546995954876534407e-02
-1.499670390651846805e-02
-1.450226341188772666e-02
-1.399221160158991423e-02
-1.347151422505354218e-02
-1.294456959656011853e-02
-1.241524913637016489e-02
-1.188693747438564555e-02
-1.136257162883499115e-02
-1.084467888859316255e-02
-1.033541312434459181e-02
-9.836589333702600024e-03
-9.349716291074618504e-03
-8.876027226638029399e-03
-8.416508502103434847e-03
-7.971926285577610877e-03
-7.542851255162459460e-03
-7.129681382112955552e-03
-6.732662860434748993e-03
-6.351909261593230785e-03
-5.987419001268933644e-03
-5.639091210458336244e-03
-5.306740106219409031e-03
-4.990107958452342368e-03
-4.688876748671358223e-03
-4.402678615087330175e-03
-4.131105175754986453e-03
-3.873715818269657558e-03
-3.630045040716273382e-03
-3.399608924433682525e-03
-3.181910814789001059e-03
-2.976446281664407289e-03
-2.782707426826989700e-03
-2.600186600848990344e-03
-2.428379587823777976e-03
-2.266788311823738754e-03
-2.114923114900963200e-03
-1.972304652462633645e-03
-1.838465448076486135e-03
-1.712951146187301514e-03
-1.595321497858679435e-03
-1.485151111496795396e-03
-1.382029997563181045e-03
-1.285563933537777663e-03
-1.195374672846159564e-03
-1.111100019108782547e-03
-1.032393784897286644e-03
-9.589256521846994865e-04
-8.903809498433969388e-04
-8.264603618676627864e-04
-7.668795784670100115e-04
-7.113689007826266408e-04
-6.596728087132010428e-04
-6.115495001887739403e-04
-5.667704091935923906e-04
-5.251197089027123547e-04
-4.863938054544588840e-04
