-9.944471326882492468e-02
-6.477677540208581775e-02
-3.774118732545065497e-02
-1.701515669879224285e-02
-1.476054696239565214e-03
9.826368371694545190e-03
1.769413336723262703e-02
2.280200370653751724e-02
2.571567780204141174e-02
2.690755391492848786e-02
2.677037588566849591e-02
2.562903042088648942e-02
2.375073332539267418e-02
2.135381275497574144e-02
1.861527176454631782e-02
1.567728972651030034e-02
1.265280223210848987e-02
9.630281541957469438e-03
6.677824236334686803e-03
3.846639178937905079e-03
1.174017027125245916e-03
-1.314147899923810703e-03
-3.601221720141829785e-03
-5.678027384718058179e-03
-7.541326711113967296e-03
-9.192547526482894305e-03
-1.063672075904344844e-02
-1.188159700246664563e-02
-1.293691617167277985e-02
-1.381380744017918216e-02
-1.452429976325642080e-02
-1.508092600398650701e-02
-1.549640604048508480e-02
-1.578339628572006381e-02
-1.595429483494821207e-02
-1.602109300358309923e-02
-1.599526535999399104e-02
-1.588769151940087887e-02
-1.570860396958013994e-02
-1.546755706662639521e-02
-1.517341308715846465e-02
-1.483434186756358089e-02
-1.445783111468030777e-02
-1.405070494757961787e-02
-1.361914863718236002e-02
-1.316873785841723120e-02
-1.270447106639379341e-02
-1.223080386055682561e-02
-1.175168441503000524e-02
-1.127058923460741782e-02
-1.079055864868606884e-02
-1.031423158383551301e-02
-9.843879263131780077e-03
-9.381437569847913063e-03
-8.928537887198575301e-03
-8.486536286838985976e-03
-8.056540988672797332e-03
-7.639438054916564483e-03
-7.235915313756835499e-03
-6.846484533574400712e-03
-6.471501888677367101e-03
-6.111186772707543138e-03
-5.765639027156897745e-03
-5.434854660431219509e-03
-5.118740138206805471e-03
-4.817125328934975838e-03
-4.529775189678185258e-03
-4.256400277363870180e-03
-3.996666169317305249e-03
-3.750201874833448187e-03
-3.516607316780257127e-03
-3.295459958967352290e-03
-3.086320651408961530e-03
-2.888738761778266839e-03
-2.702256657389010084e-03
-2.526413598028258781e-03
-2.360749095965083630e-03
-2.204805795523182704e-03
-2.058131920770164044e-03
-1.920283336171843677e-03
-1.790825261507882418e-03
-1.669333678961073403e-03
-1.555396467086130096e-03
-1.448614293340834240e-03
-1.348601294024748178e-03
-1.254985567817888540e-03
-1.167409506640585282e-03
-1.085529985261760640e-03
-1.009018428959955428e-03
-9.375607765826027371e-04
-8.708573545468040796e-04
-8.086226756708901663e-04
-7.505851752122128049e-04
-6.964868951043321930e-04
-6.460831261276645063e-04
-5.991420166035126092e-04
-5.554441551640274498e-04
-5.147821342123665676e-04
-4.769600998405227991e-04
-4.417932932099463434e-04
