-9.804069744407371834e-02
-6.409460193010738105e-02
-3.752340648808467904e-02
-1.705941664327940629e-02
-1.625743927156596963e-03
9.690082065541859302e-03
1.765905947606065049e-02
2.293064805966061118e-02
2.605006931618632920e-02
2.747330513575904631e-02
2.758008673957469681e-02
2.668513001336272894e-02
2.504784189190983890e-02
2.288069476373212618e-02
2.035644148838779838e-02
1.761432216796689904e-02
1.476539494625277865e-02
1.189710652057157647e-02
9.077203473987910387e-03
6.357072731807009158e-03
3.774588206275304725e-03
1.356530831259437908e-03
-8.793594595987025420e-04
-2.922648837218919105e-03
-4.768747428620927209e-03
-6.417681391500271171e-03
-7.873065771033103954e-03
-9.141249141785427745e-03
-1.023060491933182325e-02
-1.115094761448714306e-02
-1.191305525832259821e-02
-1.252828180159144822e-02
-1.300824553469793338e-02
-1.336458152516472112e-02
-1.360874776499794436e-02
-1.375187619234534073e-02
-1.380466102846891405e-02
-1.377727797697421430e-02
-1.367932878912177935e-02
-1.351980652590799997e-02
-1.330707756112739504e-02
-1.304887698444589378e-02
-1.275231459244203017e-02
-1.242388910983864385e-02
-1.206950867257403255e-02
-1.169451593754336147e-02
-1.130371646828565516e-02
-1.090140928815929756e-02
-1.049141869836021923e-02
-1.007712663248345498e-02
-9.661504966555880050e-03
-9.247147327360082450e-03
-8.836300045715743748e-03
-8.430891988043193522e-03
-8.032563071484217360e-03
-7.642691327246066250e-03
-7.262418425527379477e-03
-6.892673614987337299e-03
-6.534196061620874130e-03
-6.187555597300668092e-03
-5.853171908171074696e-03
-5.531332208416266799e-03
-5.222207456433664713e-03
-4.925867178774786213e-03
-4.642292972924222209e-03
-4.371390763546495299e-03
-4.113001888642754678e-03
-3.866913092464903390e-03
-3.632865501322250518e-03
-3.410562656827188788e-03
-3.199677678865055479e-03
-2.999859627808893533e-03
-2.810739132372987170e-03
-2.631933346126206184e-03
-2.463050292162581936e-03
-2.303692651829464949e-03
-2.153461049805809827e-03
-2.011956884253707223e-03
-1.878784747274409115e-03
-1.753554477515480766e-03
-1.635882883520466602e-03
-1.525395173302866551e-03
-1.421726122672843130e-03
-1.324521012054702450e-03
-1.233436358908840446e-03
-1.148140470413992449e-03
-1.068313838772283388e-03
-9.936493993673051629e-04
-9.238526700292662994e-04
-8.586417878352291776e-04
-7.977474581900751999e-04
-7.409128293878212632e-04
-6.878933044360252937e-04
-6.384563006306008450e-04
-5.923809661868668312e-04
-5.494578621576558632e-04
-5.094886168933593102e-04
-4.722855594149045046e-04
-4.376713372718893900e-04
-4.054785237379916925e-04
