-9.789930118061121456e-02
-6.356302769191278512e-02
-3.671867783052507744e-02
-1.607587044185453812e-02
-5.386641290895683581e-04
1.082135258427408334e-02
1.878845912358626316e-02
2.402312787318740261e-02
2.707966229833323052e-02
2.842148727850488804e-02
2.843438942386139479e-02
2.743796872028046036e-02
2.569553075488815314e-02
2.342262050924980715e-02
2.079437382509182614e-02
1.795184075222693715e-02
1.500741573027116610e-02
1.204949262498721668e-02
9.146447762538777171e-03
6.350041038109335845e-03
3.698313704760806953e-03
1.218051384488522126e-03
-1.073127981417072718e-03
-3.165009259428877564e-03
-5.053293118604966494e-03
-6.738347612396368425e-03
-8.224164252742090231e-03
-9.517489014976968087e-03
-1.062710267178884616e-02
-1.156322831061343259e-02
-1.233704690310820362e-02
-1.296030442202389388e-02
-1.344499628773700856e-02
-1.380311691603399588e-02
-1.404646386750639520e-02
-1.418648759971946616e-02
-1.423417912480746950e-02
-1.419998900250324728e-02
-1.409377207393808229e-02
-1.392475318425743028e-02
-1.370150986921465225e-02
-1.343196860735536291e-02
-1.312341177826960650e-02
-1.278249293012151747e-02
-1.241525835629046434e-02
-1.202717332023980554e-02
-1.162315155732934237e-02
-1.120758692889647391e-02
-1.078438631338412591e-02
-1.035700299668210547e-02
-9.928469973603757173e-03
-9.501432698401654844e-03
-9.078180927787646987e-03
-8.660679387978535704e-03
-8.250597070367023111e-03
-7.849335020708329835e-03
-7.458052536114216993e-03
-7.077691724295756721e-03
-6.709000411810755321e-03
-6.352553413770617961e-03
-6.008772197594748621e-03
-5.677942988870659895e-03
-5.360233378958080899e-03
-5.055707502327939223e-03
-4.764339857317471602e-03
-4.486027847492465165e-03
-4.220603122546350526e-03
-3.967841797980052425e-03
-3.727473631989328302e-03
-3.499190236284018506e-03
-3.282652395182912922e-03
-3.077496564441141273e-03
-2.883340618017104801e-03
-2.699788907491002324e-03
-2.526436695203804206e-03
-2.362874018472223801e-03
-2.208689038515523027e-03
-2.063470924053537221e-03
-1.926812315941592735e-03
-1.798311415727106089e-03
-1.677573737666747042e-03
-1.564213560548454937e-03
-1.457855112629849546e-03
-1.358133520140326076e-03
-1.264695547101236418e-03
-1.177200151697345432e-03
-1.095318882080955876e-03
-1.018736132304079054e-03
-9.471492770485436061e-04
-8.802687019527832488e-04
-8.178177446104883735e-04
-7.595325597327764501e-04
-7.051619205145657696e-04
-6.544669669195247313e-04
-6.072209103885112171e-04
-5.632087033762040069e-04
-5.222266811219468050e-04
-4.840821821565436918e-04
-4.485931532296769456e-04
-4.155877436061511322e-04
