-9.936417458690971483e-02
-6.534642743372441609e-02
-3.873527771666795266e-02
-1.825478781384239080e-02
-2.821380029216086216e-03
8.482798343841382177e-03
1.643303241442822457e-02
2.168215449922085078e-02
2.477799864702256299e-02
2.617853074877218161e-02
2.626494915261486096e-02
2.535301461478263463e-02
2.370283662194485469e-02
2.152731511984798396e-02
1.899941203400221101e-02
1.625840527906191602e-02
1.341525887749362572e-02
1.055722603809415572e-02
7.751787309230921685e-03
5.050012980004812968e-03
2.489427542341576816e-03
9.644406040868608310e-05
-2.111572445341124149e-03
-4.124561150506370066e-03
-5.938296373580995158e-03
-7.553154445797342909e-03
-8.973082767070705845e-03
-1.020474179912872481e-02
-1.125679466686704128e-02
-1.213932246021682398e-02
-1.286334631242769255e-02
-1.344043993047691621e-02
-1.388241851670944660e-02
-1.420109198951111790e-02
-1.440807212152884348e-02
-1.451462469896136823e-02
-1.453155909313098848e-02
-1.446914875084695171e-02
-1.433707707488223598e-02
-1.414440399942672177e-02
-1.389954928451165445e-02
-1.361028917290461188e-02
-1.328376358580177913e-02
-1.292649149113683435e-02
-1.254439247040690930e-02
-1.214281284526468399e-02
-1.172655501132484346e-02
-1.129990887030579705e-02
-1.086668445855037794e-02
-1.043024504518049247e-02
-9.993540121026682141e-03
-9.559137823853081778e-03
-9.129256449590632608e-03
-8.705794786179131550e-03
-8.290361078703799985e-03
-7.884300493960884684e-03
-7.488721001276360360e-03
-7.104517625952926074e-03
-6.732395063533043802e-03
-6.372888668346499835e-03
-6.026383849597478047e-03
-5.693133923430685611e-03
-5.373276480763217178e-03
-5.066848338832617010e-03
-4.773799149951508253e-03
-4.494003744350021610e-03
-4.227273285634438119e-03
-3.973365317635642151e-03
-3.731992780553797760e-03
-3.502832072569194571e-03
-3.285530230687253635e-03
-3.079711301688461272e-03
-2.884981970802270607e-03
-2.700936512234285505e-03
-2.527161122043561012e-03
-2.363237690168651199e-03
-2.208747064699721329e-03
-2.063271857838379093e-03
-1.926398839415764501e-03
-1.797720960382236674e-03
-1.676839045360398878e-03
-1.563363190183207846e-03
-1.456913897330649240e-03
-1.357122979338357040e-03
-1.263634257582281050e-03
-1.176104081345189780e-03
-1.094201689741087970e-03
-1.017609436908791963e-03
-9.460228988806229601e-04
-8.791508786802416150e-04
-8.167153244982773997e-04
-7.584511742280386189e-04
-7.041061382087766959e-04
-6.534404307128023701e-04
-6.062264595175026818e-04
-5.622484818163157958e-04
-5.213022337364020499e-04
-4.831945398379355796e-04
-4.477429081635375869e-04
-4.147751156797819822e-04
