-9.783758375820428288e-02
-6.417636157829359478e-02
-3.783009777350454517e-02
-1.754064616142518226e-02
-2.239323627071807335e-03
8.979302176271356656e-03
1.688020487064502417e-02
2.210769872959928231e-02
2.520262123524982106e-02
2.661722902662132934e-02
2.672809720896301977e-02
2.584727652528540781e-02
2.423193164147412898e-02
2.209265627435264695e-02
1.960063666337893973e-02
1.689381356639501480e-02
1.408217420724341973e-02
1.125228911651660751e-02
8.471194319319225174e-03
5.789706599610672244e-03
3.245248400648062526e-03
8.642491206708874385e-04
-1.335819030907237082e-03
-3.344719983071502145e-03
-5.158003521354218024e-03
-6.775787511351751002e-03
-8.201739415081413243e-03
-9.442228302601544943e-03
-1.050562241779620654e-02
-1.140171072334438679e-02
-1.214122978568973887e-02
-1.273547991919696254e-02
-1.319601673620885568e-02
-1.353440618741321919e-02
-1.376203286087613470e-02
-1.388995277003561568e-02
-1.392878312877730840e-02
-1.388862270994808273e-02
-1.377899733383472144e-02
-1.360882585414122103e-02
-1.338640271741988949e-02
-1.311939378228440048e-02
-1.281484260979498871e-02
-1.247918488731131897e-02
-1.211826903461934654e-02
-1.173738137179156267e-02
-1.134127451049542906e-02
-1.093419787083910362e-02
-1.051992943002025629e-02
-1.010180798198094532e-02
-9.682765333285790754e-03
-9.265357983290790911e-03
-8.851797939623266137e-03
-8.443982405887338547e-03
-8.043522149807495400e-03
-7.651768418858287228e-03
-7.269838318649721014e-03
-6.898638608541570773e-03
-6.538887900525208394e-03
-6.191137272527031526e-03
-5.855789326976109516e-03
-5.533115740619407724e-03
-5.223273362914844509e-03
-4.926318928530156252e-03
-4.642222455076084123e-03
-4.370879400674139090e-03
-4.112121657702152988e-03
-3.865727459412148306e-03
-3.631430275361095198e-03
-3.408926769975483169e-03
-3.197883896287284297e-03
-2.997945194099650105e-03
-2.808736358705121207e-03
-2.629870142902487884e-03
-2.460950651534996904e-03
-2.301577084178929849e-03
-2.151346978009585804e-03
-2.009858999310125752e-03
-1.876715328606096047e-03
-1.751523681034182446e-03
-1.633899000309508784e-03
-1.523464861557742231e-03
-1.419854615336590617e-03
-1.322712302392693544e-03
-1.231693366087212912e-03
-1.146465186977054873e-03
-1.066707461756454759e-03
-9.921124466421712366e-04
-9.223850833197053687e-04
-8.572430237518329030e-04
-7.964165684777621372e-04
-7.396485314941408842e-04
-6.866940434006492400e-04
-6.373203032054230392e-04
-5.913062880114700265e-04
-5.484424287371899610e-04
-5.085302590546323309e-04
-4.713820438512725556e-04
-4.368203927279202614e-04
-4.046778633304492731e-04
